1 2 3 4 3 5 6 4 6 5 7 4 7 2 8 4 9 1 6 10  4 3
8 5 1 4 7 11 12 4 12 13 6 4 7 5 8 4 9 7 1 10  3 3
12 13 1 4 12 5 7 4 3 5 8 4 7 2 3 4 9 12 3 10  3 4
1 11 6 4 1 2 12 4 3 13 8 4 3 2 1 4 9 3 12 10  4 4
12 11 8 4 8 2 3 4 12 5 7 4 3 11 6 4 9 12 3 10  2 4
3 11 12 4 1 2 3 4 1 13 7 4 8 11 1 4 9 8 3 10  2 4
6 11 7 4 7 11 3 4 6 13 8 4 1 13 6 4 9 1 7 10  1 2
1 11 6 4 7 2 12 4 7 13 1 4 6 13 3 4 9 7 6 10  1 2
3 2 8 4 12 5 1 4 8 5 7 4 3 13 12 4 9 3 7 10  4 3
7 5 12 4 7 13 3 4 6 2 1 4 6 13 7 4 9 6 12 10  1 3
1 5 12 4 8 13 3 4 1 2 6 4 8 2 1 4 9 8 6 10  4 4
8 13 12 4 6 11 8 4 7 13 1 4 12 13 7 4 9 6 12 10  2 1
7 2 1 4 8 2 7 4 6 13 12 4 8 11 6 4 9 8 12 10  2 1
8 11 7 4 1 13 12 4 1 2 8 4 6 11 1 4 9 6 8 10  2 4
7 11 6 4 6 11 12 4 7 2 1 4 6 13 8 4 9 7 8 10  2 1
12 2 1 4 6 5 3 4 1 2 6 4 7 2 12 4 9 7 1 10  4 4
12 5 3 4 3 2 8 4 8 2 1 4 3 13 7 4 9 12 7 10  3 1
12 13 3 4 7 5 1 4 12 2 6 4 1 5 12 4 9 7 12 10  3 3
6 5 3 4 12 13 8 4 1 5 6 4 12 2 1 4 9 12 6 10  4 3
12 11 8 4 3 13 7 4 6 13 12 4 7 11 6 4 9 3 6 10  1 2
1 13 3 4 12 2 7 4 1 11 12 4 6 11 1 4 9 6 12 10  2 2
12 5 1 4 7 13 6 4 6 13 3 4 3 5 12 4 9 7 3 10  1 1
1 5 6 4 12 5 1 4 1 13 8 4 1 2 3 4 9 12 3 10  3 4
1 2 6 4 6 5 3 4 6 11 8 4 1 13 7 4 9 1 8 10  4 2
6 2 12 4 12 2 7 4 8 11 3 4 12 11 8 4 9 6 7 10  4 4
3 2 6 4 6 2 12 4 12 11 8 4 8 11 7 4 9 3 12 10  4 4
12 11 1 4 1 11 6 4 12 13 7 4 3 11 12 4 9 3 7 10  2 1
12 13 6 4 1 5 8 4 3 2 1 4 12 5 3 4 9 12 1 10  3 4
3 5 12 4 12 5 6 4 6 13 7 4 6 5 1 4 9 3 6 10  3 3
6 13 12 4 7 2 3 4 6 2 7 4 12 5 8 4 9 6 3 10  4 4
8 5 7 4 8 11 12 4 3 2 6 4 12 2 3 4 9 8 3 10  2 4
6 11 1 4 1 13 7 4 8 11 12 4 1 11 8 4 9 6 8 10  2 2
3 5 8 4 3 2 12 4 3 11 1 4 1 11 7 4 9 3 7 10  2 2
1 2 3 4 6 5 8 4 1 5 12 4 8 5 1 4 9 6 1 10  3 3
8 2 1 4 3 2 8 4 3 5 7 4 3 13 6 4 9 3 1 10  4 4
7 2 6 4 3 5 12 4 3 11 7 4 12 13 8 4 9 3 8 10  3 1
7 5 1 4 8 2 7 4 12 2 8 4 8 11 6 4 9 12 6 10  4 2
7 13 3 4 1 11 7 4 7 2 6 4 3 11 12 4 9 1 6 10  2 4
7 13 1 4 3 13 7 4 3 11 6 4 6 11 8 4 9 3 8 10  2 2
3 11 12 4 8 11 6 4 6 11 3 4 8 2 1 4 9 8 3 10  2 2
12 5 1 4 3 13 8 4 3 11 7 4 12 13 3 4 9 12 7 10  1 2
12 5 7 4 6 13 12 4 12 13 3 4 6 2 1 4 9 6 7 10  1 3
1 13 12 4 6 5 7 4 1 5 6 4 7 5 8 4 9 1 7 10  3 3
7 13 8 4 8 11 12 4 7 5 3 4 1 13 7 4 9 1 8 10  1 1
1 11 8 4 3 13 12 4 8 13 3 4 7 13 1 4 9 7 8 10  1 2
12 5 3 4 12 13 8 4 3 5 7 4 8 11 1 4 9 12 1 10  1 2
8 5 7 4 12 13 3 4 7 13 6 4 8 11 12 4 9 8 3 10  2 1
12 13 6 4 12 2 3 4 6 5 8 4 8 13 1 4 9 12 8 10  1 3
6 11 8 4 1 5 3 4 8 13 7 4 6 2 1 4 9 6 3 10  4 3
12 11 1 4 12 2 3 4 1 11 7 4 12 13 8 4 9 12 7 10  2 2
8 2 12 4 8 11 6 4 7 11 8 4 8 13 1 4 9 7 6 10  2 2
1 2 6 4 8 11 3 4 6 11 8 4 3 2 7 4 9 1 8 10  4 2
6 11 1 4 6 13 3 4 1 2 8 4 8 11 7 4 9 6 8 10  2 4
8 5 3 4 6 2 7 4 6 5 1 4 3 5 6 4 9 8 6 10  3 3
12 13 3 4 8 11 12 4 3 13 7 4 12 11 1 4 9 8 3 10  2 1
6 13 12 4 3 13 7 4 12 5 1 4 12 11 3 4 9 6 3 10  1 2
12 11 3 4 6 11 1 4 1 13 12 4 7 11 6 4 9 7 1 10  2 2
1 11 8 4 8 2 6 4 3 2 1 4 3 13 12 4 9 3 8 10  4 2
12 11 7 4 1 13 6 4 12 5 1 4 8 13 12 4 9 8 7 10  1 2
7 5 1 4 3 5 8 4 8 2 6 4 8 5 7 4 9 3 6 10  3 4
12 13 7 4 1 13 12 4 7 5 8 4 1 5 3 4 9 1 7 10  1 1
12 11 7 4 7 13 3 4 3 11 1 4 7 2 8 4 9 12 3 10  2 1
12 11 1 4 3 13 8 4 3 11 12 4 1 2 6 4 9 3 1 10  2 2
12 13 7 4 6 2 3 4 6 11 12 4 3 2 1 4 9 6 7 10  2 1
6 11 8 4 8 11 7 4 1 11 6 4 8 2 12 4 9 1 8 10  2 2
7 11 8 4 3 5 1 4 7 5 3 4 12 2 7 4 9 12 8 10  4 2
7 2 1 4 7 5 6 4 7 11 3 4 12 2 7 4 9 12 3 10  4 2
7 2 3 4 3 2 8 4 12 11 1 4 12 5 7 4 9 12 3 10  3 4
7 13 3 4 6 13 7 4 6 5 12 4 3 5 8 4 9 6 3 10  1 1
12 5 6 4 8 5 12 4 1 13 8 4 8 11 3 4 9 1 12 10  1 3
6 2 8 4 1 5 7 4 1 11 6 4 6 13 3 4 9 1 8 10  2 4
1 13 7 4 8 11 6 4 3 2 8 4 3 5 1 4 9 3 7 10  3 1
8 13 3 4 1 5 7 4 3 13 12 4 3 5 1 4 9 8 12 10  1 1
3 11 6 4 3 5 8 4 3 2 12 4 1 2 3 4 9 1 12 10  4 4
3 2 8 4 7 5 1 4 8 11 12 4 8 5 7 4 9 3 7 10  4 3
8 11 12 4 8 2 7 4 12 11 6 4 6 11 1 4 9 8 6 10  2 2
3 2 8 4 6 2 3 4 6 11 12 4 8 11 7 4 9 6 8 10  4 4
12 11 8 4 12 5 3 4 3 5 1 4 3 2 6 4 9 12 1 10  3 3
6 2 8 4 7 5 1 4 8 2 7 4 12 5 6 4 9 12 8 10  3 4
8 11 6 4 12 11 7 4 3 2 8 4 12 2 3 4 9 12 8 10  4 4
6 11 1 4 1 2 12 4 8 2 6 4 12 11 7 4 9 8 1 10  4 2
6 2 7 4 6 13 3 4 3 11 12 4 12 13 1 4 9 6 12 10  1 2
1 11 12 4 6 2 7 4 6 13 1 4 1 13 8 4 9 6 8 10  1 1
1 11 7 4 12 2 6 4 7 11 12 4 1 2 8 4 9 1 12 10  2 2
12 13 3 4 8 2 7 4 8 5 12 4 6 5 8 4 9 6 12 10  3 3
1 11 6 4 1 5 7 4 12 13 8 4 12 2 1 4 9 12 6 10  4 2
8 13 3 4 3 5 1 4 8 11 6 4 8 2 12 4 9 8 1 10  1 3
12 13 6 4 12 5 3 4 1 13 12 4 6 11 7 4 9 1 6 10  1 1
8 2 3 4 1 11 6 4 3 2 1 4 7 5 8 4 9 7 3 10  3 4
6 5 3 4 8 11 12 4 3 5 1 4 8 2 6 4 9 8 3 10  4 3
7 2 8 4 6 11 1 4 8 5 3 4 6 5 7 4 9 6 8 10  3 4
12 13 3 4 12 11 6 4 6 11 7 4 6 2 1 4 9 12 7 10  2 2
3 2 1 4 6 2 3 4 3 11 8 4 6 5 7 4 9 6 8 10  4 2
6 13 12 4 7 5 6 4 7 11 3 4 6 5 8 4 9 7 8 10  3 3
3 13 1 4 12 5 8 4 8 13 7 4 7 5 3 4 9 12 7 10  3 1
1 13 8 4 12 5 7 4 7 5 6 4 12 11 1 4 9 12 8 10  2 1
7 11 8 4 6 2 12 4 12 5 3 4 6 11 7 4 9 6 3 10  4 3
8 2 7 4 12 13 1 4 7 2 6 4 8 5 12 4 9 8 1 10  3 1
12 13 8 4 1 11 6 4 1 5 12 4 8 5 7 4 9 1 8 10  3 1
7 13 1 4 3 2 6 4 8 5 3 4 3 5 7 4 9 8 6 10  3 4
8 13 12 4 12 13 3 4 12 11 1 4 12 5 6 4 9 8 6 10  1 3
8 11 12 4 12 11 6 4 8 2 7 4 7 5 1 4 9 8 1 10  4 3
8 2 7 4 12 5 1 4 1 2 8 4 6 2 12 4 9 6 1 10  4 3
8 11 12 4 3 11 6 4 6 2 1 4 12 2 3 4 9 8 3 10  2 4
8 11 6 4 3 13 8 4 3 2 7 4 7 5 1 4 9 3 6 10  1 2
6 11 8 4 8 11 12 4 6 5 3 4 1 2 6 4 9 1 3 10  4 3
1 5 6 4 7 11 12 4 12 11 8 4 7 5 1 4 9 7 8 10  2 2
12 13 3 4 1 11 12 4 1 5 7 4 7 5 8 4 9 1 3 10  2 1
3 5 7 4 8 11 12 4 8 2 1 4 3 11 8 4 9 3 1 10  2 4
3 2 12 4 12 11 7 4 3 13 6 4 7 11 1 4 9 3 7 10  4 2
7 13 12 4 1 13 7 4 3 5 1 4 3 11 6 4 9 3 7 10  3 1
1 11 3 4 3 13 7 4 7 11 6 4 7 13 8 4 9 1 7 10  2 1
12 2 1 4 1 11 6 4 7 2 8 4 6 2 7 4 9 12 6 10  4 2
3 11 1 4 8 13 3 4 8 5 7 4 7 5 6 4 9 8 1 10  1 2
3 13 6 4 3 11 8 4 12 5 1 4 12 11 3 4 9 12 8 10  2 2
8 2 3 4 12 5 1 4 3 2 6 4 12 11 8 4 9 12 3 10  2 4
3 5 1 4 8 5 3 4 3 13 6 4 6 13 12 4 9 8 6 10  3 1
1 11 3 4 3 11 7 4 1 5 12 4 12 13 8 4 9 1 7 10  2 2
8 2 12 4 8 11 6 4 7 5 3 4 7 11 8 4 9 7 12 10  2 4
3 2 1 4 7 11 12 4 3 11 7 4 6 11 3 4 9 6 7 10  2 2
12 11 1 4 3 2 8 4 6 13 12 4 6 2 3 4 9 6 8 10  4 4
6 11 12 4 6 5 3 4 1 13 6 4 12 13 8 4 9 1 12 10  1 2
6 5 1 4 6 13 12 4 1 5 7 4 8 5 6 4 9 8 12 10  3 1
12 5 3 4 6 13 8 4 12 13 7 4 8 13 12 4 9 6 12 10  1 1
3 5 6 4 3 13 1 4 1 13 12 4 12 13 8 4 9 3 12 10  1 1
8 11 6 4 7 11 8 4 6 11 1 4 6 13 3 4 9 7 6 10  2 2
1 2 12 4 12 5 3 4 6 5 1 4 6 13 8 4 9 6 12 10  3 4
7 11 6 4 6 2 8 4 8 11 3 4 7 13 1 4 9 7 8 10  2 4
6 5 7 4 7 2 12 4 7 13 8 4 7 5 3 4 9 6 8 10  3 1
1 5 8 4 6 5 1 4 12 13 3 4 3 5 6 4 9 12 6 10  1 3
12 11 3 4 7 2 8 4 7 5 6 4 12 5 7 4 9 12 6 10  3 3
1 13 8 4 3 11 7 4 8 13 3 4 8 5 12 4 9 1 3 10  1 1
7 11 12 4 8 5 6 4 1 2 8 4 1 11 7 4 9 1 6 10  4 3
12 2 7 4 6 2 8 4 7 11 6 4 7 5 1 4 9 12 1 10  4 3
1 5 12 4 12 5 6 4 12 13 8 4 8 13 7 4 9 1 6 10  3 3
8 5 1 4 8 11 12 4 3 11 6 4 12 13 3 4 9 8 3 10  2 1
1 2 6 4 1 13 12 4 6 11 3 4 8 11 1 4 9 8 12 10  2 1
6 5 12 4 6 11 8 4 8 2 7 4 8 13 1 4 9 6 7 10  2 4
1 13 12 4 7 5 6 4 7 13 1 4 8 5 7 4 9 8 1 10  3 1
6 13 8 4 6 11 7 4 6 5 12 4 12 5 1 4 9 6 1 10  3 3
1 5 8 4 7 5 1 4 8 5 12 4 1 13 6 4 9 7 6 10  3 1
6 13 8 4 6 2 12 4 12 5 3 4 3 5 7 4 9 6 3 10  4 3
3 2 8 4 7 2 3 4 6 11 7 4 7 13 12 4 9 6 12 10  2 1
8 2 6 4 12 5 8 4 3 2 7 4 6 2 3 4 9 12 6 10  3 4
7 5 3 4 7 13 1 4 8 11 6 4 8 5 7 4 9 8 3 10  3 3
12 13 1 4 6 11 7 4 12 2 6 4 8 11 12 4 9 8 6 10  2 4
3 11 7 4 3 5 1 4 6 5 8 4 1 2 6 4 9 3 6 10  3 4
1 5 12 4 6 13 1 4 6 2 8 4 1 11 7 4 9 6 7 10  1 2
6 5 1 4 1 2 8 4 7 5 12 4 1 13 7 4 9 6 7 10  3 1
12 13 1 4 8 5 6 4 8 11 12 4 12 2 7 4 9 8 1 10  2 1
1 2 7 4 8 5 6 4 6 2 1 4 7 5 12 4 9 8 1 10  3 4
8 5 12 4 8 13 3 4 1 2 7 4 8 2 1 4 9 8 7 10  4 4
7 2 8 4 8 5 1 4 12 5 7 4 12 13 3 4 9 12 8 10  3 4
8 13 1 4 8 5 3 4 6 2 7 4 6 5 8 4 9 6 1 10  3 1
1 13 12 4 12 13 8 4 8 5 3 4 12 11 6 4 9 1 6 10  1 2
8 5 1 4 1 5 3 4 1 13 7 4 1 2 6 4 9 8 6 10  3 4
1 5 8 4 8 2 3 4 12 11 6 4 12 5 1 4 9 12 8 10  3 3
7 5 8 4 7 2 1 4 12 2 7 4 1 11 6 4 9 12 8 10  4 3
3 13 1 4 1 5 7 4 7 5 8 4 1 11 6 4 9 3 7 10  1 3
3 5 12 4 1 11 8 4 3 13 7 4 1 13 3 4 9 1 12 10  1 3
12 13 6 4 8 5 12 4 8 2 7 4 6 13 3 4 9 8 6 10  3 1
8 11 6 4 12 2 8 4 6 2 7 4 6 11 3 4 9 12 6 10  4 2
3 5 7 4 8 13 12 4 3 11 1 4 7 13 8 4 9 3 8 10  3 1
3 11 6 4 12 11 7 4 6 2 12 4 7 11 1 4 9 3 12 10  2 4
12 13 8 4 6 5 12 4 7 5 6 4 6 2 3 4 9 7 3 10  3 4
12 2 1 4 6 11 3 4 6 5 12 4 3 11 7 4 9 6 1 10  3 4
1 13 7 4 6 13 3 4 7 11 8 4 7 5 6 4 9 1 6 10  1 3
12 2 3 4 7 5 6 4 12 5 7 4 12 13 8 4 9 12 6 10  3 3
6 13 7 4 7 11 3 4 7 5 12 4 12 13 8 4 9 6 3 10  1 2
8 2 3 4 1 5 8 4 3 5 7 4 12 5 1 4 9 12 8 10  3 3
3 13 8 4 12 11 7 4 7 11 1 4 12 5 3 4 9 12 8 10  3 1
3 13 6 4 6 5 12 4 6 11 7 4 12 5 8 4 9 3 7 10  1 2
8 2 1 4 3 2 8 4 8 5 6 4 3 11 7 4 9 3 6 10  4 3
1 13 3 4 6 11 12 4 12 13 1 4 12 2 7 4 9 6 7 10  2 4
6 2 1 4 8 11 3 4 7 5 6 4 8 5 7 4 9 8 6 10  3 3
6 13 12 4 1 13 6 4 3 2 8 4 1 5 3 4 9 1 8 10  3 4
7 11 12 4 3 2 1 4 7 13 8 4 3 11 7 4 9 3 8 10  2 1
1 13 12 4 7 5 6 4 8 5 7 4 6 5 1 4 9 8 6 10  3 3
6 5 8 4 7 13 1 4 1 5 12 4 12 13 6 4 9 7 12 10  1 3
8 13 3 4 1 5 7 4 3 13 1 4 8 2 6 4 9 8 1 10  1 1
7 2 1 4 6 13 8 4 6 2 7 4 3 5 6 4 9 3 7 10  3 4
8 11 3 4 7 13 12 4 3 13 7 4 3 2 1 4 9 8 7 10  2 1
7 13 12 4 3 5 7 4 12 5 8 4 7 2 1 4 9 3 1 10  3 4
12 11 7 4 3 2 12 4 12 5 8 4 8 5 1 4 9 3 7 10  4 2
7 13 1 4 3 2 6 4 6 2 12 4 3 5 7 4 9 3 1 10  3 1
1 13 8 4 1 5 6 4 8 13 3 4 8 11 7 4 9 1 7 10  1 2
12 11 1 4 3 5 6 4 6 5 7 4 3 2 12 4 9 3 7 10  3 3
12 5 8 4 3 2 1 4 1 11 6 4 1 5 12 4 9 3 6 10  4 2
8 11 7 4 7 11 6 4 8 2 12 4 7 13 1 4 9 8 6 10  2 2
7 13 12 4 7 2 1 4 1 5 3 4 6 5 7 4 9 6 12 10  3 1
3 11 1 4 1 2 7 4 6 11 8 4 8 2 3 4 9 6 3 10  2 4
12 2 3 4 3 2 6 4 3 11 8 4 7 11 12 4 9 7 3 10  2 4
1 5 3 4 8 2 1 4 12 11 7 4 12 2 8 4 9 12 1 10  4 4
1 11 3 4 3 13 8 4 1 2 6 4 12 11 1 4 9 12 3 10  2 2
12 13 1 4 6 5 12 4 6 2 7 4 7 11 8 4 9 6 1 10  3 1
12 5 6 4 1 13 12 4 1 2 8 4 6 13 3 4 9 1 6 10  1 3
6 13 3 4 12 5 8 4 6 11 7 4 3 13 12 4 9 6 12 10  1 1
12 5 7 4 3 5 6 4 7 2 1 4 7 13 3 4 9 12 3 10  3 1
8 2 6 4 6 2 7 4 6 11 12 4 8 13 1 4 9 8 12 10  4 2
8 2 7 4 8 5 3 4 8 11 12 4 12 11 6 4 9 8 6 10  2 2
12 13 6 4 12 5 7 4 1 5 12 4 1 11 3 4 9 1 6 10  3 1
7 2 1 4 1 2 6 4 6 5 12 4 3 11 7 4 9 3 1 10  2 4
6 13 7 4 1 13 12 4 7 5 8 4 12 5 6 4 9 1 6 10  1 3
12 11 8 4 1 2 12 4 1 13 3 4 8 11 6 4 9 1 8 10  4 2
7 2 1 4 1 5 8 4 7 13 6 4 1 11 3 4 9 7 3 10  4 2
6 2 3 4 7 13 12 4 3 2 1 4 6 5 7 4 9 6 12 10  3 1
7 13 1 4 1 13 8 4 1 5 6 4 1 11 3 4 9 7 6 10  1 3
6 2 8 4 6 5 3 4 12 5 6 4 6 13 7 4 9 12 7 10  3 1
3 5 8 4 1 11 6 4 3 2 7 4 3 11 1 4 9 3 6 10  2 2
12 2 7 4 12 5 1 4 7 2 3 4 1 5 6 4 9 12 6 10  3 3
8 5 6 4 8 2 1 4 3 2 8 4 8 11 7 4 9 3 7 10  4 2
3 5 12 4 1 11 7 4 1 2 6 4 6 5 3 4 9 1 3 10  4 3
7 13 8 4 3 11 6 4 6 11 12 4 8 13 3 4 9 7 3 10  1 1
7 2 1 4 8 5 7 4 7 13 6 4 1 5 12 4 9 8 1 10  3 4
3 2 1 4 12 2 3 4 6 11 12 4 6 13 7 4 9 6 3 10  2 4
3 2 8 4 3 11 7 4 1 2 6 4 7 11 1 4 9 3 1 10  2 2
3 13 6 4 12 5 7 4 12 11 3 4 7 13 1 4 9 12 6 10  2 1
1 11 3 4 6 11 12 4 12 2 1 4 6 5 7 4 9 6 1 10  2 4
12 5 7 4 8 5 12 4 8 13 6 4 7 2 3 4 9 8 7 10  3 3
1 5 8 4 3 2 6 4 8 13 12 4 3 13 1 4 9 3 8 10  1 3
6 2 7 4 12 2 1 4 1 11 8 4 1 2 6 4 9 12 8 10  4 2
8 2 3 4 8 5 12 4 1 13 7 4 1 5 8 4 9 1 12 10  3 3
6 11 1 4 12 11 7 4 1 2 12 4 3 2 6 4 9 3 1 10  4 2
3 13 1 4 3 5 7 4 7 2 12 4 12 5 6 4 9 3 12 10  3 4
3 11 6 4 1 2 8 4 1 13 3 4 3 5 12 4 9 1 12 10  1 3
6 11 12 4 8 13 6 4 1 11 8 4 8 2 7 4 9 1 7 10  2 4
6 2 12 4 1 11 6 4 6 11 8 4 7 11 1 4 9 7 6 10  2 2
6 11 12 4 3 11 7 4 12 2 3 4 8 2 6 4 9 8 12 10  4 2
3 2 1 4 6 11 3 4 1 2 7 4 7 11 12 4 9 6 1 10  2 4
7 5 6 4 7 11 1 4 7 13 8 4 12 13 7 4 9 12 1 10  1 2
3 2 6 4 7 5 1 4 12 13 7 4 12 11 3 4 9 12 1 10  1 3
1 5 6 4 6 13 12 4 1 2 3 4 7 5 1 4 9 7 3 10  3 4
6 5 8 4 1 2 6 4 12 13 3 4 12 5 1 4 9 12 6 10  3 4
12 2 8 4 7 2 12 4 3 2 1 4 8 5 3 4 9 7 8 10  4 4
6 2 7 4 1 11 6 4 8 11 1 4 3 13 8 4 9 3 1 10  1 2
6 5 1 4 12 5 6 4 8 5 12 4 1 2 7 4 9 8 6 10  3 3
8 13 7 4 3 11 8 4 1 11 12 4 7 11 1 4 9 3 7 10  2 1
1 11 8 4 12 13 7 4 3 11 1 4 3 5 12 4 9 3 7 10  3 1
8 5 3 4 12 13 8 4 12 2 7 4 6 5 12 4 9 6 7 10  3 4
8 11 3 4 1 11 12 4 1 13 7 4 12 11 8 4 9 1 8 10  2 2
8 11 7 4 1 2 6 4 1 5 3 4 1 13 8 4 9 1 7 10  1 2
6 13 7 4 7 5 1 4 12 13 3 4 1 13 12 4 9 6 1 10  1 3
1 5 3 4 3 5 8 4 12 2 7 4 7 5 1 4 9 12 1 10  4 3
6 5 7 4 7 5 8 4 8 13 1 4 7 2 3 4 9 6 3 10  3 4
1 11 8 4 8 11 7 4 1 13 6 4 6 5 12 4 9 1 12 10  1 3
6 5 12 4 6 2 8 4 3 2 1 4 1 2 6 4 9 3 6 10  4 4
8 2 3 4 1 11 8 4 6 13 7 4 7 11 1 4 9 6 1 10  1 2
12 11 7 4 7 13 8 4 7 2 1 4 3 11 12 4 9 3 7 10  2 2
8 11 6 4 8 5 12 4 6 13 3 4 12 13 1 4 9 8 3 10  2 1
7 2 12 4 12 2 1 4 12 5 3 4 7 11 8 4 9 7 3 10  4 3
12 11 8 4 8 2 3 4 7 2 6 4 6 11 12 4 9 7 12 10  4 2
8 2 1 4 7 5 8 4 12 13 6 4 7 13 12 4 9 7 1 10  3 4
6 5 12 4 6 11 1 4 7 5 3 4 12 13 7 4 9 6 7 10  3 1
7 13 3 4 7 11 8 4 6 11 1 4 1 11 7 4 9 6 7 10  2 2
3 11 6 4 6 13 12 4 8 13 7 4 12 11 8 4 9 3 12 10  2 1
12 11 3 4 1 13 8 4 1 11 12 4 6 11 1 4 9 6 12 10  2 2
7 11 1 4 7 5 3 4 6 2 7 4 1 11 8 4 9 6 1 10  4 2
3 13 12 4 12 11 8 4 7 11 3 4 3 2 1 4 9 7 1 10  2 4
8 2 3 4 3 11 1 4 12 11 6 4 8 13 12 4 9 8 1 10  4 2
6 5 3 4 6 11 1 4 12 2 6 4 6 2 8 4 9 12 1 10  4 2
3 13 8 4 12 5 7 4 12 11 3 4 1 13 12 4 9 1 3 10  1 2
12 11 6 4 12 5 7 4 7 2 8 4 12 13 1 4 9 12 8 10  3 4
1 2 6 4 12 2 1 4 6 5 8 4 6 11 7 4 9 12 6 10  4 4
12 5 8 4 12 2 1 4 8 13 6 4 1 2 3 4 9 12 6 10  3 1
12 11 8 4 7 5 1 4 3 11 12 4 3 2 7 4 9 3 1 10  4 3
6 11 7 4 1 11 6 4 6 13 12 4 3 13 1 4 9 3 6 10  1 2
3 11 6 4 1 5 7 4 1 13 8 4 8 11 3 4 9 1 3 10  1 2
3 2 12 4 1 13 8 4 3 11 1 4 3 5 7 4 9 3 8 10  2 1
8 5 6 4 3 13 1 4 8 2 7 4 8 11 3 4 9 8 1 10  2 1
3 2 12 4 3 5 6 4 7 5 3 4 3 13 8 4 9 7 12 10  3 4
8 13 7 4 12 11 3 4 3 11 1 4 8 2 12 4 9 8 3 10  4 2
7 5 8 4 6 11 1 4 12 5 7 4 6 5 12 4 9 6 7 10  3 3
6 13 7 4 6 5 3 4 7 13 1 4 6 2 8 4 9 6 1 10  1 1
12 13 6 4 7 5 1 4 12 2 3 4 1 5 12 4 9 7 12 10  3 3
1 5 12 4 3 13 6 4 12 5 8 4 12 13 3 4 9 1 3 10  3 1
12 2 7 4 1 11 6 4 1 2 12 4 7 5 8 4 9 1 7 10  4 4
8 13 7 4 3 13 1 4 7 13 3 4 12 11 8 4 9 12 7 10  2 1
8 2 7 4 6 11 8 4 3 5 12 4 7 2 3 4 9 6 7 10  2 4
7 5 3 4 3 5 1 4 6 13 7 4 7 13 8 4 9 6 3 10  1 3
8 2 12 4 1 5 7 4 8 13 1 4 1 11 3 4 9 8 3 10  1 2
6 2 1 4 12 11 3 4 12 2 8 4 8 5 6 4 9 12 6 10  4 3
8 5 7 4 12 13 6 4 6 5 1 4 7 13 12 4 9 8 12 10  3 1
1 2 6 4 7 5 3 4 1 13 7 4 6 2 8 4 9 1 8 10  4 4
6 13 3 4 12 5 6 4 8 5 12 4 12 2 7 4 9 8 6 10  3 3
3 11 7 4 7 13 12 4 3 2 6 4 7 11 1 4 9 3 12 10  2 1
7 13 12 4 6 11 1 4 12 11 8 4 1 11 7 4 9 6 7 10  2 2
7 5 1 4 3 2 6 4 12 5 7 4 1 5 3 4 9 12 1 10  3 3
7 13 12 4 8 11 6 4 7 2 1 4 8 5 7 4 9 8 12 10  3 1
3 11 6 4 1 5 7 4 1 2 12 4 3 5 1 4 9 3 7 10  3 3
6 11 1 4 8 13 6 4 1 11 7 4 8 2 12 4 9 8 1 10  1 2
3 2 7 4 1 5 12 4 1 11 3 4 12 5 6 4 9 1 6 10  3 3
3 2 7 4 8 11 12 4 12 2 3 4 1 2 8 4 9 1 12 10  4 2
1 2 3 4 3 2 6 4 12 5 7 4 1 5 12 4 9 1 6 10  4 4
12 13 3 4 8 13 12 4 1 5 7 4 1 11 8 4 9 1 12 10  2 1
7 2 1 4 12 5 7 4 1 2 8 4 6 2 12 4 9 6 7 10  4 3
6 11 8 4 6 13 1 4 6 5 7 4 12 13 6 4 9 12 8 10  1 2
1 11 6 4 8 11 3 4 12 11 8 4 3 11 1 4 9 12 3 10  2 2
12 5 3 4 12 2 7 4 6 5 1 4 1 2 12 4 9 6 12 10  3 4
8 5 1 4 8 11 6 4 1 5 12 4 1 2 7 4 9 8 7 10  3 4
6 2 3 4 3 5 12 4 1 2 7 4 3 11 1 4 9 6 12 10  4 3
7 13 3 4 7 5 8 4 3 13 12 4 3 11 6 4 9 7 6 10  1 2
8 11 12 4 12 13 1 4 12 2 6 4 8 5 7 4 9 8 6 10  2 4
8 2 12 4 1 5 8 4 8 13 7 4 7 13 6 4 9 1 7 10  3 1
3 2 7 4 3 11 1 4 7 2 8 4 6 2 3 4 9 6 7 10  4 4
1 11 8 4 7 5 3 4 1 2 12 4 7 2 1 4 9 7 8 10  4 2
3 13 8 4 12 11 1 4 6 11 3 4 3 11 12 4 9 6 12 10  2 2
12 11 7 4 6 13 8 4 1 13 6 4 1 2 12 4 9 1 7 10  4 2
8 11 1 4 12 11 8 4 3 11 7 4 7 2 12 4 9 3 12 10  2 4
7 5 6 4 12 5 1 4 1 2 7 4 6 5 3 4 9 12 7 10  3 4
1 13 3 4 1 11 6 4 3 13 8 4 3 5 12 4 9 1 8 10  1 1
7 13 12 4 12 5 3 4 12 11 1 4 1 11 8 4 9 7 3 10  1 3
1 2 7 4 3 11 8 4 1 11 3 4 1 13 6 4 9 1 8 10  2 2
8 2 3 4 7 5 6 4 1 5 7 4 6 2 8 4 9 1 6 10  3 3
12 11 8 4 8 2 6 4 12 5 1 4 8 11 7 4 9 12 6 10  2 4
12 5 3 4 8 13 12 4 12 11 7 4 3 13 1 4 9 8 3 10  1 3
1 2 3 4 1 5 7 4 8 2 1 4 3 11 6 4 9 8 3 10  4 4
7 13 6 4 3 13 12 4 12 5 7 4 7 5 8 4 9 3 7 10  1 3
1 13 7 4 6 13 3 4 7 11 6 4 3 13 8 4 9 1 6 10  1 2
3 13 12 4 1 5 3 4 12 13 7 4 1 11 6 4 9 1 12 10  3 1
7 2 3 4 7 11 12 4 3 2 1 4 3 5 8 4 9 7 8 10  4 3
12 5 3 4 3 13 1 4 3 2 8 4 8 2 6 4 9 12 1 10  3 1
3 2 8 4 6 11 3 4 1 2 6 4 8 2 7 4 9 1 3 10  4 2
6 13 3 4 12 11 7 4 7 13 6 4 7 11 1 4 9 12 6 10  2 1
7 11 6 4 7 2 12 4 6 13 3 4 3 13 8 4 9 7 3 10  2 1
7 13 8 4 6 13 7 4 6 11 3 4 12 13 6 4 9 12 3 10  1 2
8 5 7 4 3 5 12 4 7 13 3 4 6 5 8 4 9 6 7 10  3 3
3 2 12 4 8 11 7 4 3 13 1 4 8 5 3 4 9 8 1 10  3 1
8 13 6 4 8 2 7 4 7 11 3 4 6 5 12 4 9 8 3 10  4 2
8 2 6 4 3 2 8 4 6 11 1 4 7 2 3 4 9 7 8 10  4 4
12 11 8 4 6 2 1 4 1 5 3 4 8 2 6 4 9 12 6 10  2 4
3 2 6 4 6 5 12 4 6 11 1 4 6 2 8 4 9 3 8 10  4 4
6 2 1 4 1 2 3 4 1 5 8 4 1 11 12 4 9 6 3 10  4 4
7 11 6 4 6 11 3 4 3 2 12 4 6 13 8 4 9 7 8 10  2 1
3 13 1 4 7 11 12 4 7 13 3 4 8 11 7 4 9 8 3 10  2 1
7 2 12 4 1 5 7 4 7 13 3 4 7 5 6 4 9 1 6 10  3 3
12 2 7 4 1 5 6 4 7 5 1 4 7 11 8 4 9 12 8 10  4 2
8 13 3 4 3 11 1 4 6 13 12 4 1 11 6 4 9 8 1 10  1 2
3 2 8 4 7 5 3 4 12 5 7 4 8 5 6 4 9 12 3 10  3 3
1 13 8 4 1 2 3 4 3 2 12 4 12 11 7 4 9 1 12 10  4 4
1 5 12 4 7 5 1 4 8 2 7 4 12 2 3 4 9 8 1 10  4 3
3 13 1 4 1 11 8 4 12 11 3 4 12 5 7 4 9 12 1 10  2 1
1 2 6 4 7 13 12 4 7 2 1 4 3 11 7 4 9 3 1 10  2 4
6 2 3 4 7 5 6 4 8 2 12 4 12 5 7 4 9 8 7 10  4 3
3 13 1 4 1 13 6 4 7 5 3 4 3 5 12 4 9 7 1 10  3 1
1 13 7 4 6 11 1 4 3 2 12 4 1 2 3 4 9 6 3 10  2 4
12 11 6 4 1 13 3 4 1 2 8 4 3 11 12 4 9 1 12 10  1 2
7 11 3 4 1 2 8 4 8 2 7 4 1 11 12 4 9 1 7 10  4 4
8 11 3 4 12 11 6 4 6 11 8 4 6 13 1 4 9 12 8 10  2 2
8 2 1 4 8 5 3 4 6 2 8 4 1 11 7 4 9 6 3 10  4 3
1 5 6 4 6 2 8 4 6 5 3 4 12 5 1 4 9 12 6 10  3 3
12 2 8 4 3 13 1 4 1 13 7 4 3 5 12 4 9 3 8 10  3 4
1 13 6 4 1 2 12 4 12 2 7 4 1 5 8 4 9 1 7 10  4 4
7 13 8 4 8 5 1 4 7 2 12 4 12 5 3 4 9 7 3 10  4 3
8 2 6 4 1 5 8 4 8 5 12 4 7 2 1 4 9 7 8 10  4 3
7 2 8 4 12 2 6 4 1 11 7 4 1 5 12 4 9 1 6 10  3 4
1 11 7 4 6 13 12 4 3 13 6 4 6 11 1 4 9 3 1 10  1 2
12 2 3 4 8 5 12 4 12 5 7 4 7 13 6 4 9 8 7 10  3 3
12 11 6 4 1 2 12 4 6 2 3 4 12 5 8 4 9 1 8 10  4 3
1 5 7 4 8 13 1 4 7 5 3 4 8 11 12 4 9 8 7 10  1 3
1 13 6 4 12 2 7 4 8 11 12 4 8 13 1 4 9 8 6 10  1 1
6 13 8 4 7 13 6 4 12 5 7 4 7 5 1 4 9 12 6 10  3 1
12 5 3 4 7 13 6 4 12 13 1 4 6 5 12 4 9 7 12 10  1 3
12 5 1 4 8 13 3 4 12 11 8 4 7 13 12 4 9 7 8 10  1 2
7 13 12 4 12 5 6 4 3 13 7 4 7 11 8 4 9 3 12 10  1 1
6 2 7 4 7 2 3 4 1 5 12 4 1 2 6 4 9 1 7 10  4 4
7 11 8 4 1 13 12 4 6 13 7 4 8 13 1 4 9 6 8 10  1 2
12 11 8 4 8 13 1 4 7 13 6 4 7 11 12 4 9 7 8 10  2 2
1 5 7 4 7 5 6 4 7 13 12 4 1 2 8 4 9 1 12 10  3 1
3 13 7 4 6 5 1 4 3 11 12 4 3 2 6 4 9 3 1 10  4 3
7 11 12 4 1 5 3 4 7 2 6 4 6 2 1 4 9 7 1 10  4 4
12 5 3 4 3 2 1 4 8 2 12 4 3 5 7 4 9 8 3 10  4 3
8 13 12 4 1 2 3 4 8 2 6 4 6 11 1 4 9 8 1 10  4 2
3 2 1 4 1 5 8 4 1 11 6 4 1 2 7 4 9 3 6 10  4 2
6 13 3 4 1 11 6 4 12 5 8 4 12 13 1 4 9 12 6 10  1 2
12 11 6 4 3 13 1 4 3 5 7 4 12 13 3 4 9 12 1 10  1 1
12 2 7 4 8 5 1 4 8 11 12 4 1 2 3 4 9 8 3 10  3 4
3 2 1 4 3 13 6 4 7 11 3 4 1 2 12 4 9 7 6 10  2 1
6 2 12 4 3 13 1 4 6 13 8 4 8 13 3 4 9 6 3 10  1 1
3 2 8 4 3 13 6 4 6 11 1 4 1 11 12 4 9 3 1 10  1 2
12 11 6 4 1 5 7 4 1 2 8 4 12 2 1 4 9 12 7 10  4 3
3 2 6 4 3 13 12 4 12 13 7 4 6 2 8 4 9 3 7 10  1 1
3 5 7 4 1 5 3 4 7 13 8 4 12 13 1 4 9 12 3 10  1 3
7 2 3 4 12 5 8 4 8 2 7 4 8 5 1 4 9 12 1 10  3 3
12 2 8 4 8 2 3 4 7 5 12 4 8 5 1 4 9 7 8 10  3 4
7 13 12 4 1 5 7 4 7 2 3 4 12 13 6 4 9 1 12 10  3 1
7 13 3 4 12 13 8 4 12 11 6 4 3 11 12 4 9 7 12 10  1 2
8 11 6 4 8 5 3 4 6 11 1 4 6 13 12 4 9 8 12 10  2 1
8 13 12 4 12 13 3 4 6 11 1 4 6 5 8 4 9 6 12 10  3 1
1 5 8 4 12 2 1 4 8 2 6 4 8 5 3 4 9 12 8 10  4 3
1 13 8 4 1 11 12 4 12 2 6 4 6 2 3 4 9 1 6 10  2 4
12 11 6 4 12 5 3 4 8 11 7 4 6 2 8 4 9 12 8 10  2 4
12 13 1 4 12 11 8 4 7 11 12 4 12 2 3 4 9 7 3 10  2 4
3 11 1 4 8 13 7 4 7 5 6 4 7 13 3 4 9 8 3 10  1 1
3 5 8 4 7 13 12 4 3 13 7 4 1 5 3 4 9 1 8 10  3 3
12 2 3 4 3 2 7 4 3 11 1 4 6 11 12 4 9 6 3 10  2 4
3 2 12 4 3 13 6 4 12 2 8 4 6 5 7 4 9 3 8 10  4 4
6 5 12 4 8 13 3 4 8 5 6 4 6 2 1 4 9 8 1 10  3 4
7 5 6 4 6 13 12 4 6 2 1 4 1 5 8 4 9 7 12 10  3 1
12 2 7 4 7 11 3 4 12 13 1 4 1 11 6 4 9 12 3 10  4 2
6 13 12 4 7 5 6 4 1 2 8 4 6 2 1 4 9 7 1 10  3 4
8 5 7 4 1 13 3 4 6 5 8 4 1 2 6 4 9 1 8 10  4 3
3 11 7 4 7 11 12 4 3 2 1 4 6 11 3 4 9 6 1 10  2 4
12 2 8 4 8 11 6 4 6 11 1 4 1 11 3 4 9 12 6 10  4 2
7 5 12 4 8 2 7 4 1 11 6 4 8 13 1 4 9 8 6 10  1 2
7 13 8 4 6 5 3 4 3 13 12 4 7 5 6 4 9 7 3 10  3 3
7 13 3 4 7 11 8 4 7 5 12 4 6 13 7 4 9 6 8 10  1 2
12 5 3 4 1 11 7 4 1 5 12 4 7 13 6 4 9 1 6 10  2 1
12 2 7 4 1 5 6 4 12 13 1 4 8 5 12 4 9 8 1 10  3 1
6 13 3 4 1 2 12 4 8 11 6 4 1 13 8 4 9 1 6 10  1 2
7 13 6 4 8 13 12 4 3 13 7 4 12 5 3 4 9 8 3 10  1 3
3 11 8 4 8 13 7 4 6 2 1 4 8 11 6 4 9 3 7 10  2 1
8 5 7 4 1 13 6 4 6 13 12 4 1 5 8 4 9 1 7 10  3 3
7 11 6 4 6 2 3 4 6 11 12 4 12 11 1 4 9 7 12 10  2 2
8 11 7 4 1 5 6 4 8 5 12 4 12 2 1 4 9 8 1 10  3 4
1 13 7 4 1 2 12 4 7 13 3 4 12 11 8 4 9 1 8 10  4 2
3 5 6 4 7 2 8 4 8 5 3 4 7 11 1 4 9 7 3 10  4 3
1 13 8 4 3 13 1 4 7 13 3 4 1 11 6 4 9 7 1 10  1 1
1 11 3 4 8 11 7 4 7 11 1 4 1 13 6 4 9 8 1 10  2 2
7 5 8 4 3 5 7 4 3 2 12 4 8 5 6 4 9 3 8 10  3 3
1 5 3 4 3 5 7 4 6 13 1 4 6 2 8 4 9 6 3 10  1 3
12 5 3 4 7 13 8 4 3 13 7 4 8 5 6 4 9 12 7 10  3 1
6 5 7 4 6 2 12 4 1 2 6 4 3 5 1 4 9 3 6 10  3 4
8 11 3 4 12 2 6 4 8 13 7 4 12 11 8 4 9 12 3 10  2 2
1 5 6 4 6 13 3 4 6 5 8 4 3 13 7 4 9 1 3 10  3 1
1 13 7 4 3 5 8 4 12 2 3 4 12 13 1 4 9 12 8 10  4 3
3 13 7 4 6 13 3 4 3 11 12 4 7 5 8 4 9 6 7 10  1 1
12 11 7 4 3 11 6 4 6 13 12 4 6 2 1 4 9 3 12 10  2 1
7 13 8 4 3 5 1 4 7 2 6 4 3 11 7 4 9 3 8 10  2 1
8 11 1 4 7 5 6 4 7 2 3 4 3 2 8 4 9 7 8 10  4 4
1 11 3 4 12 5 8 4 1 5 12 4 6 13 1 4 9 6 12 10  1 3
6 13 3 4 8 13 6 4 8 2 12 4 8 5 1 4 9 8 3 10  1 1
1 5 8 4 8 13 3 4 7 13 12 4 12 5 1 4 9 7 1 10  1 3
6 13 1 4 1 11 8 4 6 5 3 4 3 5 7 4 9 6 8 10  1 2
1 13 3 4 12 13 6 4 6 5 7 4 6 13 1 4 9 12 7 10  1 3
1 13 6 4 1 2 7 4 6 11 8 4 7 11 12 4 9 1 12 10  4 2
3 5 1 4 7 11 12 4 3 13 6 4 7 13 3 4 9 7 6 10  1 1
8 2 7 4 1 5 8 4 1 11 3 4 6 2 1 4 9 6 8 10  4 3
7 5 12 4 1 5 7 4 7 2 3 4 12 5 8 4 9 1 12 10  3 3
7 5 1 4 1 5 3 4 8 5 7 4 12 13 8 4 9 12 7 10  1 3
3 11 8 4 3 5 1 4 8 13 6 4 1 5 7 4 9 3 6 10  2 1
7 2 1 4 7 11 12 4 7 5 6 4 6 13 3 4 9 7 3 10  3 1
8 13 3 4 1 2 6 4 1 5 8 4 8 5 12 4 9 1 3 10  3 1
7 2 6 4 8 5 1 4 7 13 8 4 7 11 3 4 9 7 1 10  1 3
3 13 8 4 7 5 6 4 1 5 7 4 8 13 1 4 9 3 1 10  1 1
12 2 6 4 8 13 3 4 12 5 1 4 8 2 12 4 9 8 1 10  4 3
3 2 12 4 8 2 3 4 12 5 1 4 3 11 7 4 9 8 7 10  4 2
8 5 7 4 8 2 1 4 1 11 6 4 1 2 12 4 9 8 6 10  4 2
8 2 1 4 6 2 8 4 1 2 12 4 8 11 7 4 9 6 7 10  4 2
3 5 7 4 3 2 6 4 6 2 12 4 1 5 3 4 9 1 7 10  3 3
3 13 6 4 1 11 7 4 1 13 3 4 1 2 12 4 9 1 6 10  1 1
1 5 7 4 8 5 6 4 7 5 8 4 7 2 3 4 9 1 8 10  3 3
7 5 12 4 12 5 3 4 7 2 6 4 12 13 8 4 9 7 3 10  3 3
7 13 6 4 6 11 1 4 3 13 7 4 3 5 8 4 9 3 6 10  1 1
12 2 7 4 1 13 3 4 12 11 1 4 3 11 6 4 9 12 3 10  2 1
6 5 8 4 3 2 6 4 3 13 1 4 1 11 12 4 9 3 12 10  1 2
3 5 12 4 8 2 3 4 3 11 7 4 8 13 6 4 9 8 7 10  4 2
8 2 6 4 3 11 1 4 1 2 8 4 3 13 7 4 9 3 8 10  2 4
8 11 12 4 8 2 7 4 6 2 3 4 12 11 6 4 9 8 6 10  2 2
12 2 3 4 6 13 1 4 3 2 8 4 6 11 12 4 9 6 3 10  2 4
8 2 1 4 12 5 7 4 12 11 6 4 6 2 8 4 9 12 8 10  2 4
8 11 1 4 3 11 6 4 1 13 3 4 3 13 7 4 9 8 3 10  2 1
7 13 1 4 3 13 8 4 7 5 12 4 12 5 3 4 9 7 3 10  3 3
3 11 1 4 8 11 12 4 7 2 3 4 12 2 7 4 9 8 7 10  2 4
3 2 1 4 8 5 7 4 7 2 6 4 3 5 8 4 9 3 7 10  3 3
6 2 3 4 3 2 12 4 3 11 8 4 7 2 6 4 9 7 3 10  4 4
8 11 1 4 1 2 3 4 12 5 7 4 12 2 8 4 9 12 1 10  4 2
6 13 7 4 6 2 12 4 12 11 3 4 12 5 8 4 9 6 8 10  4 3
6 5 12 4 6 13 1 4 12 5 8 4 8 5 3 4 9 6 8 10  3 3
3 2 6 4 12 11 7 4 12 13 8 4 12 5 3 4 9 12 6 10  3 4
3 2 8 4 3 13 1 4 3 11 6 4 12 11 3 4 9 12 6 10  2 2
1 5 12 4 3 13 1 4 1 11 6 4 1 13 8 4 9 3 12 10  1 3
6 13 12 4 6 5 7 4 1 13 6 4 7 5 8 4 9 1 7 10  1 3
3 13 7 4 6 13 3 4 1 2 8 4 1 11 6 4 9 1 3 10  2 1
3 11 1 4 1 2 8 4 3 13 7 4 8 2 6 4 9 3 8 10  2 4
7 5 8 4 1 5 7 4 3 13 1 4 1 13 12 4 9 3 7 10  1 3
12 13 1 4 3 11 8 4 3 13 12 4 1 13 6 4 9 3 1 10  1 1
12 11 3 4 8 11 7 4 7 13 1 4 7 11 12 4 9 8 12 10  2 2
7 2 3 4 7 5 1 4 7 11 12 4 1 13 8 4 9 7 8 10  3 1
8 13 7 4 12 2 6 4 3 2 12 4 8 5 3 4 9 8 12 10  3 4
7 13 3 4 7 5 1 4 7 2 8 4 3 11 6 4 9 7 6 10  1 2
7 5 8 4 6 11 12 4 8 13 3 4 6 13 7 4 9 6 8 10  1 3
7 13 12 4 6 13 8 4 8 13 7 4 8 11 3 4 9 6 7 10  1 1
1 2 6 4 6 11 3 4 1 13 12 4 6 5 8 4 9 1 3 10  4 2
12 11 6 4 6 2 7 4 3 11 12 4 3 13 8 4 9 3 6 10  2 2
7 5 6 4 12 5 7 4 12 2 8 4 1 5 12 4 9 1 7 10  3 3
6 13 12 4 8 2 3 4 1 11 6 4 3 11 1 4 9 8 1 10  4 2
6 11 12 4 7 5 3 4 7 2 6 4 12 2 8 4 9 7 12 10  4 2
6 13 12 4 12 5 3 4 1 5 6 4 12 13 8 4 9 1 12 10  3 1
1 5 8 4 12 13 1 4 6 5 3 4 12 2 6 4 9 12 8 10  1 3
12 11 7 4 7 2 3 4 12 13 1 4 3 2 6 4 9 12 3 10  2 4
6 5 7 4 3 5 6 4 1 2 12 4 3 11 1 4 9 3 12 10  2 4
12 13 3 4 8 11 12 4 8 5 6 4 3 11 1 4 9 8 3 10  2 1
6 11 12 4 7 11 6 4 3 13 8 4 7 5 3 4 9 7 8 10  3 1
1 2 6 4 1 5 12 4 7 2 1 4 1 11 8 4 9 7 12 10  4 3
8 5 3 4 12 13 8 4 8 11 7 4 7 13 1 4 9 12 7 10  1 2
7 5 6 4 1 5 3 4 6 5 1 4 7 13 12 4 9 7 1 10  3 3
7 5 8 4 8 5 6 4 7 11 1 4 8 13 12 4 9 7 6 10  3 3
1 13 7 4 1 11 6 4 6 11 8 4 1 5 3 4 9 1 8 10  2 2
12 11 1 4 1 11 3 4 1 2 8 4 6 11 12 4 9 6 1 10  2 2
3 13 6 4 3 2 12 4 12 2 8 4 7 11 3 4 9 7 12 10  2 4
1 5 6 4 12 13 3 4 7 5 12 4 12 5 1 4 9 7 3 10  3 1
1 13 8 4 6 13 7 4 7 11 12 4 7 13 1 4 9 6 12 10  1 2
6 5 12 4 8 2 1 4 12 2 8 4 6 13 7 4 9 6 8 10  3 4
12 2 8 4 7 2 12 4 8 11 1 4 7 5 6 4 9 7 8 10  4 4
3 5 8 4 6 2 1 4 6 5 12 4 8 2 6 4 9 3 6 10  3 4
7 5 3 4 1 13 7 4 3 5 6 4 7 11 12 4 9 1 3 10  1 3
12 11 1 4 12 2 8 4 1 11 6 4 12 5 7 4 9 12 6 10  2 2
8 5 7 4 8 13 6 4 6 13 3 4 1 5 8 4 9 1 6 10  3 1
12 2 1 4 7 5 3 4 7 13 6 4 12 13 7 4 9 12 6 10  1 1
8 5 7 4 3 11 12 4 8 13 3 4 3 13 6 4 9 8 12 10  1 2
6 2 1 4 12 5 3 4 6 13 12 4 1 11 8 4 9 6 8 10  4 2
6 11 8 4 7 2 3 4 7 5 12 4 3 11 6 4 9 7 6 10  4 2
7 13 6 4 7 11 1 4 3 11 7 4 3 5 8 4 9 3 1 10  2 2
12 5 3 4 3 2 8 4 7 2 1 4 7 5 12 4 9 7 3 10  3 3
12 5 3 4 8 13 7 4 8 5 12 4 1 5 8 4 9 1 7 10  3 1
12 13 6 4 3 5 12 4 7 5 8 4 12 5 7 4 9 3 6 10  3 1
3 13 8 4 3 2 1 4 1 11 7 4 8 11 6 4 9 3 7 10  4 2
7 13 6 4 7 2 1 4 7 11 12 4 12 11 3 4 9 7 3 10  2 2
1 13 8 4 7 11 1 4 8 11 6 4 1 2 12 4 9 7 8 10  2 1
12 2 1 4 12 11 7 4 1 5 8 4 1 2 6 4 9 12 8 10  4 3
7 13 3 4 8 11 6 4 12 11 7 4 7 11 8 4 9 12 3 10  2 1
6 2 12 4 1 11 7 4 8 11 1 4 6 11 8 4 9 6 1 10  2 2
6 11 1 4 12 13 7 4 7 13 8 4 6 13 12 4 9 6 7 10  1 1
1 13 6 4 12 5 7 4 6 13 12 4 8 11 1 4 9 8 6 10  2 1
12 11 3 4 7 13 6 4 1 13 7 4 6 13 12 4 9 1 6 10  1 1
7 2 8 4 8 11 12 4 7 13 1 4 8 2 6 4 9 7 6 10  4 4
3 11 8 4 3 2 7 4 6 5 12 4 7 5 6 4 9 3 6 10  4 3
3 13 12 4 12 13 7 4 8 13 3 4 12 5 1 4 9 8 12 10  1 1
12 2 6 4 1 11 12 4 12 11 7 4 12 13 3 4 9 1 6 10  2 4
6 5 3 4 7 13 6 4 7 11 8 4 6 13 12 4 9 7 3 10  1 3
3 13 1 4 3 11 12 4 1 5 8 4 6 13 3 4 9 6 12 10  1 2
6 2 1 4 3 5 6 4 3 13 12 4 12 11 7 4 9 3 1 10  3 4
6 2 7 4 1 11 6 4 7 2 12 4 6 13 8 4 9 1 7 10  2 4
6 2 8 4 12 11 3 4 8 5 1 4 12 5 6 4 9 12 8 10  3 4
7 11 1 4 12 2 7 4 6 11 12 4 6 5 8 4 9 6 7 10  2 4
12 2 7 4 6 11 3 4 8 5 12 4 7 2 6 4 9 8 7 10  3 4
8 2 6 4 1 5 7 4 3 5 1 4 8 13 3 4 9 8 1 10  1 3
8 2 3 4 3 2 6 4 6 2 1 4 7 2 8 4 9 7 3 10  4 4
7 13 1 4 3 13 12 4 6 13 7 4 12 13 6 4 9 3 6 10  1 1
1 2 12 4 1 11 7 4 3 13 8 4 3 11 1 4 9 3 12 10  2 4
1 5 12 4 1 11 7 4 7 11 3 4 8 2 1 4 9 8 7 10  4 2
3 13 12 4 3 2 6 4 12 13 8 4 12 5 1 4 9 3 1 10  1 3
8 2 3 4 1 2 8 4 7 5 6 4 8 5 7 4 9 1 7 10  4 3
3 11 6 4 1 2 12 4 3 5 1 4 12 5 8 4 9 3 12 10  3 4
7 11 12 4 1 5 3 4 12 11 8 4 7 5 1 4 9 7 8 10  2 2
12 2 1 4 7 5 12 4 7 13 6 4 12 5 3 4 9 7 1 10  3 4
7 11 6 4 1 2 12 4 6 2 1 4 7 5 8 4 9 7 1 10  2 4
6 11 12 4 6 13 3 4 7 13 6 4 3 5 8 4 9 7 3 10  1 1
7 11 1 4 1 13 8 4 6 11 12 4 1 2 6 4 9 7 6 10  2 4
3 2 6 4 3 13 7 4 3 11 12 4 7 5 8 4 9 3 8 10  1 3
6 5 8 4 7 5 6 4 7 13 12 4 12 13 1 4 9 7 8 10  3 3
7 13 6 4 12 2 3 4 8 11 12 4 6 11 8 4 9 7 8 10  1 2
1 13 7 4 3 5 1 4 6 13 12 4 12 13 3 4 9 6 3 10  1 1
7 5 8 4 6 5 7 4 6 2 1 4 3 2 6 4 9 3 7 10  4 3
3 5 7 4 6 5 1 4 3 2 12 4 7 13 6 4 9 3 6 10  3 1
12 2 8 4 1 13 6 4 12 5 1 4 6 13 7 4 9 12 6 10  3 1
8 2 6 4 8 5 7 4 7 5 12 4 1 2 8 4 9 1 7 10  4 3
7 2 6 4 3 2 7 4 6 11 1 4 3 11 8 4 9 3 6 10  4 4
6 11 3 4 1 11 8 4 3 2 1 4 3 13 7 4 9 6 1 10  2 4
3 2 7 4 12 5 3 4 12 11 6 4 12 13 8 4 9 12 7 10  3 4
8 11 6 4 6 13 3 4 12 5 7 4 12 13 8 4 9 12 6 10  1 2
7 2 6 4 6 2 3 4 12 11 7 4 12 13 1 4 9 12 6 10  2 4
6 13 7 4 1 13 3 4 6 11 8 4 7 5 1 4 9 6 1 10  1 3
12 11 1 4 8 13 3 4 12 5 6 4 12 13 8 4 9 12 3 10  1 1
6 2 12 4 1 13 8 4 12 5 3 4 1 5 6 4 9 1 12 10  3 4
3 2 7 4 12 5 1 4 6 2 12 4 12 11 3 4 9 6 3 10  4 2
1 5 7 4 7 5 6 4 12 11 3 4 1 2 12 4 9 1 3 10  4 2
3 11 12 4 3 5 6 4 12 13 7 4 12 11 8 4 9 3 8 10  2 2
1 13 8 4 6 5 1 4 8 5 3 4 8 13 7 4 9 6 8 10  3 1
6 5 8 4 1 13 12 4 8 13 7 4 6 11 1 4 9 6 12 10  2 1
8 5 12 4 3 2 1 4 3 5 8 4 1 11 6 4 9 3 12 10  3 3
1 5 6 4 6 5 8 4 12 2 7 4 6 2 12 4 9 1 8 10  3 3
8 13 6 4 1 5 12 4 3 13 1 4 12 13 8 4 9 3 12 10  1 3
8 5 6 4 3 13 8 4 1 11 12 4 12 13 3 4 9 1 3 10  2 1
1 13 7 4 6 11 1 4 3 2 12 4 6 2 3 4 9 6 7 10  2 1
6 2 3 4 1 2 6 4 3 11 12 4 3 2 7 4 9 1 3 10  4 4
3 2 1 4 6 11 12 4 3 11 8 4 8 13 6 4 9 3 6 10  2 1
6 11 12 4 1 11 8 4 7 13 6 4 1 13 7 4 9 1 6 10  1 1
3 13 6 4 6 5 1 4 1 5 8 4 8 5 7 4 9 3 1 10  1 3
8 5 7 4 8 13 3 4 3 11 12 4 3 13 1 4 9 8 12 10  1 2
12 2 8 4 8 2 1 4 12 13 3 4 6 5 12 4 9 6 8 10  3 4
8 5 12 4 3 13 1 4 12 5 3 4 8 13 7 4 9 8 3 10  3 3
8 13 6 4 3 13 8 4 6 11 7 4 8 5 1 4 9 3 6 10  1 1
8 2 1 4 12 2 8 4 12 13 6 4 6 11 7 4 9 12 1 10  4 4
6 13 8 4 6 2 12 4 1 5 6 4 6 5 3 4 9 1 8 10  3 1
1 2 6 4 8 5 1 4 3 5 12 4 6 5 3 4 9 8 6 10  3 4
8 2 1 4 8 13 6 4 1 11 3 4 1 5 12 4 9 8 12 10  4 3
3 11 12 4 8 5 6 4 3 13 7 4 3 5 8 4 9 3 6 10  3 3
1 11 6 4 6 13 3 4 6 2 12 4 6 11 8 4 9 1 8 10  2 2
1 13 8 4 8 11 6 4 8 13 3 4 3 5 7 4 9 1 3 10  1 1
7 13 3 4 1 11 12 4 6 11 1 4 6 5 7 4 9 6 3 10  3 1
3 13 8 4 8 11 6 4 8 13 7 4 3 5 12 4 9 3 6 10  1 2
8 13 3 4 6 13 8 4 6 2 12 4 8 11 7 4 9 6 7 10  1 2
1 2 12 4 12 5 7 4 1 11 6 4 1 13 8 4 9 1 7 10  4 3
12 2 3 4 7 2 6 4 3 2 1 4 1 11 7 4 9 12 1 10  4 4
1 2 3 4 1 13 7 4 7 13 8 4 12 5 1 4 9 12 7 10  3 1
8 11 7 4 1 13 3 4 7 13 1 4 7 2 12 4 9 8 12 10  2 4
12 13 6 4 8 2 1 4 8 13 12 4 6 13 7 4 9 8 6 10  1 1
8 2 3 4 6 2 12 4 12 5 7 4 7 2 8 4 9 6 7 10  4 3
6 13 8 4 3 13 7 4 12 5 3 4 12 11 6 4 9 12 8 10  2 1
3 11 7 4 3 13 8 4 12 2 1 4 12 13 3 4 9 12 8 10  1 1
6 2 7 4 1 5 6 4 7 2 12 4 12 11 3 4 9 1 7 10  3 4
1 2 7 4 3 2 1 4 8 11 3 4 3 13 6 4 9 8 6 10  2 1
1 2 3 4 1 13 8 4 3 2 6 4 6 5 7 4 9 1 6 10  4 4
8 2 1 4 1 2 6 4 1 11 12 4 1 5 3 4 9 8 3 10  4 3
12 13 3 4 7 11 8 4 1 11 12 4 8 13 1 4 9 7 1 10  2 1
7 13 6 4 7 5 8 4 7 11 1 4 8 2 12 4 9 7 12 10  3 4
8 5 3 4 1 5 8 4 6 13 1 4 1 11 12 4 9 6 8 10  1 3
8 11 6 4 1 5 12 4 8 13 7 4 7 13 1 4 9 8 1 10  1 1
7 13 12 4 3 13 7 4 3 11 6 4 7 5 1 4 9 3 1 10  1 3
8 11 6 4 8 2 12 4 3 2 8 4 6 11 7 4 9 3 12 10  4 4
8 13 1 4 6 13 8 4 3 11 6 4 3 5 12 4 9 3 8 10  2 1
8 11 3 4 3 2 1 4 7 13 6 4 7 11 8 4 9 7 3 10  2 2
3 2 8 4 1 13 12 4 1 11 3 4 12 5 6 4 9 1 8 10  2 4
6 5 8 4 3 13 6 4 1 11 12 4 3 11 1 4 9 3 12 10  2 2
3 5 6 4 3 13 12 4 6 2 7 4 6 5 1 4 9 3 1 10  3 3
3 2 8 4 7 13 12 4 7 11 3 4 7 5 1 4 9 7 8 10  2 4
12 2 3 4 1 13 8 4 12 13 1 4 1 11 6 4 9 12 6 10  1 2
3 13 7 4 3 5 8 4 7 11 6 4 3 2 1 4 9 3 6 10  1 2
6 5 3 4 7 2 6 4 12 5 7 4 12 11 1 4 9 12 6 10  3 4
3 5 1 4 1 13 6 4 7 5 3 4 8 5 7 4 9 8 3 10  3 3
3 11 6 4 12 11 8 4 8 2 3 4 8 13 7 4 9 12 3 10  2 4
7 2 3 4 7 5 12 4 3 11 8 4 6 2 7 4 9 6 12 10  4 3
1 13 12 4 7 13 1 4 1 5 8 4 6 5 7 4 9 6 1 10  3 1
12 11 8 4 8 11 3 4 12 2 1 4 8 13 6 4 9 12 3 10  2 2
7 2 3 4 6 2 8 4 12 11 6 4 7 11 12 4 9 7 6 10  2 2
8 13 6 4 8 2 12 4 8 11 1 4 3 11 8 4 9 3 1 10  2 2
6 5 1 4 7 5 3 4 1 13 7 4 1 2 8 4 9 6 7 10  3 1
1 5 3 4 7 5 8 4 8 2 1 4 7 11 6 4 9 7 1 10  3 4
3 2 7 4 12 2 8 4 8 5 1 4 8 2 3 4 9 12 3 10  4 4
12 2 3 4 6 11 12 4 6 13 7 4 7 5 1 4 9 6 1 10  1 3
3 13 1 4 6 11 8 4 8 13 7 4 3 11 6 4 9 3 8 10  2 2
1 13 3 4 1 2 6 4 1 11 7 4 12 11 1 4 9 12 7 10  2 2
8 5 6 4 8 11 3 4 7 13 8 4 7 2 1 4 9 7 3 10  1 2
8 11 1 4 6 13 12 4 3 13 8 4 8 13 6 4 9 3 6 10  1 1
8 11 6 4 8 13 7 4 12 13 8 4 1 11 12 4 9 1 8 10  2 1
3 2 6 4 6 2 1 4 1 2 7 4 1 5 8 4 9 3 1 10  4 4
6 11 8 4 6 13 1 4 1 5 7 4 6 2 3 4 9 6 7 10  1 3
3 11 6 4 6 11 8 4 7 13 3 4 8 11 1 4 9 7 6 10  1 2
8 13 7 4 8 2 1 4 1 2 6 4 8 11 3 4 9 8 6 10  4 4
8 5 12 4 3 5 8 4 6 13 1 4 6 2 3 4 9 6 8 10  4 3
3 5 8 4 6 2 3 4 6 11 7 4 3 2 1 4 9 6 1 10  4 4
6 13 3 4 8 13 12 4 1 5 6 4 8 5 1 4 9 8 6 10  3 3
7 2 12 4 7 11 1 4 6 11 3 4 1 13 6 4 9 7 6 10  2 1
6 2 1 4 1 2 7 4 12 5 3 4 1 5 12 4 9 6 12 10  4 3
8 11 6 4 1 11 7 4 6 2 3 4 6 11 1 4 9 8 3 10  2 4
8 2 7 4 7 2 3 4 12 5 8 4 8 13 6 4 9 12 6 10  3 1
12 2 3 4 1 11 7 4 1 5 12 4 3 5 8 4 9 1 3 10  3 4
6 5 3 4 7 2 12 4 3 2 7 4 6 13 1 4 9 6 7 10  3 4
8 5 1 4 7 2 3 4 8 11 7 4 1 13 6 4 9 8 6 10  3 1
8 5 1 4 12 13 7 4 8 13 12 4 8 2 6 4 9 8 7 10  1 1
3 2 6 4 3 13 7 4 3 11 1 4 7 13 8 4 9 3 8 10  1 1
6 13 3 4 1 13 8 4 3 5 1 4 1 5 12 4 9 6 1 10  1 3
7 11 12 4 3 11 7 4 3 13 8 4 6 13 3 4 9 6 7 10  1 2
12 2 3 4 8 5 6 4 8 11 12 4 12 13 7 4 9 8 7 10  2 1
3 2 12 4 3 5 6 4 12 2 1 4 7 2 3 4 9 7 6 10  4 3
8 5 12 4 12 2 1 4 1 2 3 4 12 5 6 4 9 8 1 10  3 4
7 11 12 4 6 5 8 4 12 13 3 4 6 11 7 4 9 6 12 10  2 2
1 11 8 4 7 13 6 4 8 11 12 4 7 2 1 4 9 7 8 10  4 2
3 2 8 4 1 2 3 4 1 5 12 4 7 5 1 4 9 7 3 10  3 4
12 5 7 4 12 2 3 4 7 5 6 4 12 11 1 4 9 12 6 10  3 3
3 13 8 4 3 11 7 4 8 5 1 4 7 11 12 4 9 3 1 10  1 3
1 2 3 4 8 11 6 4 6 13 7 4 8 2 1 4 9 8 7 10  2 1
12 13 1 4 8 2 3 4 7 11 12 4 12 2 8 4 9 7 8 10  2 4
6 2 3 4 1 5 8 4 1 13 7 4 8 2 6 4 9 1 6 10  3 4
12 5 7 4 1 13 6 4 7 13 3 4 6 5 12 4 9 1 12 10  1 3
8 2 12 4 8 11 6 4 3 2 1 4 6 11 3 4 9 8 3 10  2 2
8 11 1 4 8 13 6 4 7 13 12 4 1 11 7 4 9 8 7 10  2 2
7 11 6 4 7 2 1 4 8 11 7 4 1 2 12 4 9 8 6 10  2 2
1 13 7 4 8 11 1 4 7 11 6 4 12 13 8 4 9 12 1 10  1 2
8 11 7 4 3 5 1 4 8 2 12 4 3 11 8 4 9 3 12 10  2 4
12 13 3 4 7 5 6 4 7 11 8 4 8 11 12 4 9 7 12 10  2 2
3 5 7 4 3 13 8 4 8 13 1 4 3 2 6 4 9 3 1 10  1 1
1 2 3 4 7 2 12 4 12 11 8 4 8 2 1 4 9 7 8 10  4 2
8 2 7 4 1 5 3 4 8 5 12 4 3 2 8 4 9 1 8 10  3 4
8 13 7 4 8 2 12 4 12 11 3 4 7 11 6 4 9 8 6 10  1 2
6 5 12 4 3 2 7 4 3 13 1 4 6 11 3 4 9 6 1 10  2 1
12 5 7 4 7 5 1 4 12 13 3 4 12 11 6 4 9 12 1 10  3 3
6 2 3 4 8 13 1 4 1 5 12 4 6 13 8 4 9 6 1 10  1 1
6 13 8 4 3 5 12 4 6 5 3 4 3 2 1 4 9 6 1 10  3 4
1 2 6 4 3 5 8 4 1 5 3 4 3 13 12 4 9 1 12 10  3 1
3 5 12 4 12 13 8 4 8 13 7 4 12 5 1 4 9 3 1 10  3 3
1 5 12 4 12 2 7 4 8 2 6 4 8 5 1 4 9 8 12 10  3 3
12 5 8 4 6 5 12 4 6 2 3 4 12 13 1 4 9 6 8 10  3 3
3 13 8 4 8 13 7 4 3 5 1 4 6 13 3 4 9 6 8 10  1 1
8 13 12 4 1 11 8 4 8 2 6 4 6 2 7 4 9 1 6 10  2 4
8 5 7 4 6 13 1 4 3 11 6 4 1 13 8 4 9 3 1 10  2 1
12 11 6 4 3 13 1 4 6 13 3 4 6 11 7 4 9 12 3 10  2 1
3 11 7 4 12 2 1 4 3 5 12 4 12 13 6 4 9 3 6 10  3 1
6 11 7 4 7 13 8 4 7 11 3 4 8 13 1 4 9 6 8 10  2 1
8 13 7 4 12 11 8 4 1 11 12 4 12 2 6 4 9 1 6 10  2 4
1 2 6 4 3 5 1 4 1 13 7 4 3 11 12 4 9 3 6 10  3 4
12 2 6 4 12 13 3 4 3 5 8 4 3 11 1 4 9 12 1 10  1 2
3 11 7 4 1 5 8 4 1 11 6 4 6 2 3 4 9 1 3 10  2 4
8 13 12 4 12 13 3 4 8 11 1 4 8 5 6 4 9 8 3 10  1 1
12 11 3 4 6 5 7 4 3 2 1 4 12 5 6 4 9 12 1 10  2 4
1 13 8 4 6 13 1 4 12 5 6 4 6 5 7 4 9 12 1 10  3 1
7 5 8 4 7 13 3 4 6 13 7 4 8 5 12 4 9 6 3 10  1 1
12 2 1 4 1 11 7 4 1 5 3 4 3 2 8 4 9 12 3 10  4 3
3 5 1 4 7 5 3 4 3 13 6 4 8 13 7 4 9 8 3 10  1 3
6 11 7 4 8 11 6 4 3 2 1 4 3 13 8 4 9 3 6 10  1 2
6 13 3 4 12 5 6 4 1 5 7 4 6 5 1 4 9 12 3 10  3 1
6 11 3 4 7 2 8 4 8 11 6 4 6 2 1 4 9 7 6 10  4 2
8 5 12 4 3 11 7 4 8 2 3 4 8 13 1 4 9 8 7 10  4 2
8 2 3 4 8 11 1 4 3 5 7 4 6 2 8 4 9 6 3 10  4 4
12 5 7 4 8 2 6 4 1 13 12 4 1 11 8 4 9 1 6 10  2 4
8 13 12 4 12 5 3 4 12 13 7 4 7 13 1 4 9 8 3 10  1 3
1 2 12 4 1 11 6 4 8 11 3 4 12 2 8 4 9 1 8 10  4 4
8 2 6 4 8 5 7 4 3 13 12 4 7 13 3 4 9 8 3 10  3 1
8 13 7 4 3 13 12 4 12 11 6 4 12 13 8 4 9 3 8 10  1 1
7 2 1 4 3 11 7 4 8 5 12 4 8 11 3 4 9 8 7 10  2 2
7 2 1 4 1 11 6 4 6 11 12 4 7 13 8 4 9 7 6 10  4 2
8 2 3 4 8 13 6 4 8 5 12 4 1 5 8 4 9 1 12 10  3 3
6 13 1 4 1 13 8 4 8 11 3 4 6 5 12 4 9 6 8 10  1 1
7 13 3 4 3 11 12 4 8 13 7 4 3 5 1 4 9 8 3 10  1 1
7 11 6 4 8 11 12 4 3 2 8 4 6 11 3 4 9 7 3 10  2 2
7 5 6 4 1 2 7 4 8 13 12 4 8 2 1 4 9 8 7 10  4 4
6 5 12 4 3 13 6 4 1 13 3 4 6 13 8 4 9 1 6 10  1 1
8 2 7 4 1 5 8 4 1 13 6 4 6 11 12 4 9 1 7 10  3 4
6 13 8 4 6 2 3 4 3 11 1 4 8 11 12 4 9 6 12 10  1 2
6 11 8 4 7 13 6 4 8 11 12 4 6 5 3 4 9 7 8 10  1 2
8 5 7 4 8 13 3 4 12 13 6 4 3 13 12 4 9 8 12 10  1 1
8 11 7 4 8 5 3 4 7 13 1 4 3 5 6 4 9 8 6 10  3 3
1 11 3 4 3 13 12 4 1 5 8 4 1 2 7 4 9 1 12 10  2 1
12 13 3 4 3 5 6 4 3 13 1 4 3 11 7 4 9 12 1 10  1 1
7 5 1 4 7 11 8 4 8 2 12 4 8 13 3 4 9 7 3 10  2 1
12 2 7 4 7 11 3 4 7 2 1 4 8 11 12 4 9 8 7 10  2 4
12 5 7 4 3 5 6 4 6 2 8 4 6 5 12 4 9 3 8 10  3 4
6 11 3 4 7 11 8 4 3 13 7 4 3 2 1 4 9 6 7 10  2 1
12 11 1 4 12 13 7 4 8 13 6 4 7 5 8 4 9 12 8 10  1 3
12 13 3 4 12 2 8 4 12 5 1 4 3 11 6 4 9 12 6 10  1 2
3 2 7 4 12 13 8 4 6 11 12 4 12 11 3 4 9 6 3 10  2 2
6 5 3 4 6 2 1 4 7 2 6 4 7 11 8 4 9 7 1 10  4 4
3 5 1 4 6 5 12 4 12 5 3 4 12 13 7 4 9 6 3 10  3 3
6 2 1 4 12 11 3 4 12 5 7 4 6 13 12 4 9 6 7 10  1 3
1 13 3 4 3 5 12 4 7 5 6 4 12 13 7 4 9 1 12 10  1 3
1 5 6 4 1 13 8 4 3 11 12 4 3 5 1 4 9 3 6 10  3 3
1 2 12 4 12 2 7 4 12 11 6 4 8 11 1 4 9 8 12 10  2 4
7 2 8 4 6 5 3 4 6 11 7 4 7 11 1 4 9 6 8 10  2 4
3 5 12 4 1 13 7 4 7 13 3 4 6 5 1 4 9 6 7 10  3 1
3 11 8 4 1 11 12 4 12 11 3 4 3 2 7 4 9 1 3 10  2 2
6 11 12 4 7 13 6 4 6 5 8 4 6 13 1 4 9 7 8 10  1 3
7 5 8 4 8 5 1 4 1 5 3 4 1 13 6 4 9 7 1 10  3 3
3 5 6 4 6 5 1 4 3 2 8 4 1 13 7 4 9 3 1 10  3 3
1 2 6 4 6 2 12 4 8 5 1 4 6 5 3 4 9 8 6 10  3 4
1 13 3 4 7 11 12 4 12 13 1 4 7 5 8 4 9 7 1 10  2 1
12 11 6 4 6 13 7 4 12 2 3 4 12 5 1 4 9 12 7 10  2 1
1 13 12 4 1 5 7 4 1 2 3 4 3 2 6 4 9 1 6 10  4 4
7 5 12 4 6 5 3 4 12 2 6 4 7 11 1 4 9 7 6 10  3 4
8 13 1 4 8 11 3 4 7 13 8 4 8 5 12 4 9 7 1 10  1 1
1 5 7 4 12 13 8 4 8 11 6 4 8 5 1 4 9 12 1 10  1 3
12 11 7 4 8 5 6 4 12 2 8 4 3 2 12 4 9 3 8 10  4 4
12 5 6 4 1 5 3 4 3 2 12 4 3 13 7 4 9 1 12 10  3 4
7 11 6 4 3 5 1 4 3 13 12 4 3 2 7 4 9 3 6 10  4 2
1 5 7 4 7 13 6 4 3 5 1 4 3 13 12 4 9 3 7 10  3 3
8 2 12 4 7 2 8 4 1 11 7 4 7 13 3 4 9 1 3 10  2 1
12 2 3 4 12 5 7 4 3 2 8 4 12 11 6 4 9 12 8 10  4 4
1 11 7 4 7 2 6 4 12 2 1 4 6 2 8 4 9 12 7 10  4 2
7 5 12 4 7 11 1 4 12 2 8 4 3 2 7 4 9 3 1 10  4 2
12 5 6 4 7 2 12 4 12 2 3 4 7 13 1 4 9 7 3 10  4 4
8 11 3 4 6 11 8 4 6 2 7 4 8 13 1 4 9 6 1 10  2 1
12 11 1 4 1 13 3 4 12 5 7 4 12 2 8 4 9 12 3 10  2 1
1 13 3 4 7 11 8 4 1 11 7 4 12 13 1 4 9 12 3 10  1 1
1 2 12 4 7 5 1 4 12 2 3 4 8 5 7 4 9 8 1 10  3 3
6 5 12 4 12 13 3 4 6 11 1 4 3 13 7 4 9 6 3 10  3 1
7 13 3 4 8 5 12 4 7 5 6 4 6 5 8 4 9 7 8 10  3 3
1 13 3 4 1 2 7 4 3 11 8 4 3 5 12 4 9 1 12 10  1 3
7 11 1 4 1 11 3 4 7 13 12 4 8 11 7 4 9 8 1 10  2 2
1 5 12 4 8 5 1 4 1 13 7 4 8 11 3 4 9 8 7 10  3 1
8 11 7 4 8 13 3 4 12 13 8 4 8 5 6 4 9 12 7 10  1 2
7 13 3 4 12 13 1 4 1 5 6 4 6 13 7 4 9 12 6 10  1 3
6 5 7 4 7 13 3 4 12 2 1 4 12 13 6 4 9 12 7 10  1 3
1 11 3 4 3 13 6 4 6 11 12 4 1 2 8 4 9 1 6 10  2 1
12 2 7 4 3 2 6 4 6 11 8 4 6 2 12 4 9 3 8 10  4 2
12 2 7 4 3 5 1 4 3 2 6 4 6 11 12 4 9 3 12 10  4 2
3 5 8 4 6 2 12 4 6 5 1 4 1 13 3 4 9 6 3 10  3 1
1 11 3 4 6 5 7 4 8 2 6 4 8 13 1 4 9 8 7 10  4 3
7 11 3 4 8 2 1 4 8 5 12 4 8 13 7 4 9 8 3 10  1 2
3 5 7 4 7 5 1 4 6 2 12 4 7 2 6 4 9 3 1 10  3 3
8 13 12 4 8 2 1 4 1 5 7 4 6 5 8 4 9 6 12 10  3 1
12 11 3 4 7 5 8 4 6 13 12 4 12 5 7 4 9 6 7 10  1 3
6 2 7 4 6 5 1 4 8 5 12 4 12 5 6 4 9 8 6 10  3 3
6 11 3 4 6 5 7 4 12 2 1 4 12 13 6 4 9 12 3 10  1 2
8 5 7 4 6 11 1 4 6 5 8 4 8 13 3 4 9 6 3 10  3 1
1 13 8 4 1 2 7 4 8 5 3 4 12 5 1 4 9 12 8 10  3 1
1 5 12 4 12 5 6 4 8 2 3 4 1 11 8 4 9 1 6 10  3 3
12 13 3 4 8 2 7 4 8 5 1 4 1 5 12 4 9 8 12 10  3 3
1 5 6 4 1 2 8 4 6 5 3 4 12 2 1 4 9 12 8 10  4 4
1 5 6 4 3 11 8 4 6 13 12 4 3 13 1 4 9 3 6 10  1 3
3 5 6 4 1 5 3 4 1 11 7 4 12 2 1 4 9 12 3 10  4 3
8 2 1 4 12 2 3 4 6 11 8 4 3 11 6 4 9 12 6 10  4 2
8 11 1 4 6 5 7 4 6 2 8 4 8 2 12 4 9 6 1 10  4 2
12 11 6 4 1 13 12 4 6 11 8 4 8 11 7 4 9 1 6 10  1 2
7 5 3 4 6 2 1 4 8 2 6 4 6 5 7 4 9 8 7 10  4 3
3 5 8 4 7 11 6 4 1 13 3 4 3 13 7 4 9 1 8 10  1 3
6 13 7 4 7 13 8 4 8 11 12 4 6 5 1 4 9 6 8 10  1 1
6 2 7 4 12 11 3 4 12 5 8 4 3 11 6 4 9 12 6 10  2 2
6 2 12 4 3 13 8 4 6 13 3 4 12 11 7 4 9 6 7 10  4 2
7 13 3 4 12 2 6 4 1 11 7 4 12 11 1 4 9 12 7 10  2 2
8 2 6 4 3 5 8 4 1 5 12 4 8 5 1 4 9 3 6 10  3 4
1 5 12 4 1 11 8 4 1 13 3 4 6 13 1 4 9 6 12 10  1 3
3 2 6 4 12 2 1 4 1 11 8 4 1 2 3 4 9 12 3 10  4 4
3 2 8 4 3 11 6 4 3 13 7 4 1 11 3 4 9 1 8 10  2 4
3 11 1 4 3 2 8 4 12 2 3 4 12 13 7 4 9 12 1 10  4 2
7 5 6 4 6 13 1 4 3 13 12 4 7 11 3 4 9 7 1 10  3 1
7 11 1 4 7 5 8 4 1 2 12 4 7 13 6 4 9 7 12 10  2 4
8 11 1 4 8 5 3 4 3 13 6 4 7 13 8 4 9 7 3 10  1 3
7 2 3 4 3 5 6 4 1 11 12 4 7 13 1 4 9 7 6 10  4 3
6 11 7 4 7 11 1 4 6 13 8 4 8 5 12 4 9 6 12 10  1 3
7 2 6 4 8 5 7 4 7 5 1 4 8 13 3 4 9 8 1 10  3 3
8 11 7 4 3 5 6 4 7 2 1 4 8 5 3 4 9 8 1 10  2 4
12 13 1 4 8 13 12 4 3 2 7 4 8 11 3 4 9 8 1 10  1 1
8 11 12 4 8 2 3 4 6 2 8 4 8 5 7 4 9 6 7 10  4 3
7 5 1 4 7 2 6 4 3 5 8 4 8 5 7 4 9 3 7 10  3 3
6 11 3 4 1 11 8 4 8 2 7 4 8 11 6 4 9 1 7 10  2 4
12 5 7 4 1 11 6 4 12 11 1 4 1 13 3 4 9 12 6 10  2 2
1 11 12 4 6 5 7 4 1 2 6 4 6 2 3 4 9 1 7 10  4 3
1 11 8 4 8 13 6 4 8 11 7 4 1 5 3 4 9 1 6 10  2 1
3 5 1 4 3 2 8 4 6 2 3 4 3 11 7 4 9 6 7 10  4 2
1 2 12 4 1 5 8 4 8 13 7 4 6 5 1 4 9 6 8 10  3 3
8 13 3 4 6 5 12 4 7 5 6 4 7 11 8 4 9 7 3 10  2 1
8 5 6 4 6 2 12 4 7 11 3 4 7 2 8 4 9 7 6 10  4 3
6 5 1 4 8 11 7 4 12 13 8 4 12 2 6 4 9 12 1 10  4 3
7 13 8 4 7 11 6 4 3 5 12 4 8 13 3 4 9 7 3 10  1 1
7 5 3 4 12 11 6 4 12 13 1 4 7 11 12 4 9 7 1 10  2 1
12 13 7 4 8 2 6 4 6 5 3 4 3 5 12 4 9 8 3 10  4 3
12 13 8 4 8 5 1 4 12 2 3 4 8 13 6 4 9 12 1 10  1 3
8 11 3 4 1 13 8 4 7 5 12 4 12 13 1 4 9 7 1 10  3 1
3 11 12 4 12 13 6 4 12 2 8 4 12 11 1 4 9 3 1 10  2 2
12 13 3 4 1 11 6 4 3 5 7 4 1 5 12 4 9 1 3 10  3 1
8 13 7 4 12 13 1 4 1 13 8 4 3 11 12 4 9 3 1 10  2 1
6 5 1 4 12 5 7 4 1 2 3 4 1 13 12 4 9 6 12 10  3 1
3 13 6 4 3 2 1 4 1 11 8 4 7 11 3 4 9 7 1 10  2 4
12 11 7 4 1 13 3 4 1 5 8 4 12 13 1 4 9 12 8 10  1 3
6 5 12 4 1 5 3 4 1 13 8 4 12 13 1 4 9 6 1 10  3 1
3 2 12 4 6 11 1 4 6 2 3 4 3 5 8 4 9 6 12 10  4 4
1 11 7 4 7 11 6 4 12 13 1 4 12 5 8 4 9 12 7 10  1 2
3 5 6 4 12 5 3 4 6 5 1 4 8 2 12 4 9 8 3 10  4 3
8 5 7 4 8 2 6 4 7 5 12 4 7 13 3 4 9 8 12 10  3 3
12 13 8 4 1 13 12 4 1 5 7 4 12 11 3 4 9 1 3 10  1 2
1 5 12 4 3 5 6 4 12 2 7 4 12 5 3 4 9 1 3 10  3 3
12 2 1 4 3 5 7 4 6 11 12 4 6 13 3 4 9 6 1 10  2 4
7 5 1 4 1 5 3 4 8 13 6 4 3 13 8 4 9 7 3 10  3 3
1 13 3 4 3 13 12 4 8 5 7 4 1 5 8 4 9 1 7 10  3 3
8 13 1 4 8 2 3 4 3 2 7 4 3 5 6 4 9 8 6 10  4 3
8 11 12 4 1 2 6 4 3 13 8 4 12 11 1 4 9 3 12 10  1 2
3 2 8 4 3 11 1 4 8 5 6 4 8 2 12 4 9 3 12 10  4 4
1 11 3 4 6 2 7 4 7 2 12 4 1 2 6 4 9 1 7 10  4 4
1 2 7 4 1 5 3 4 3 5 8 4 8 13 12 4 9 1 8 10  3 3
8 2 3 4 6 11 8 4 3 11 12 4 6 5 7 4 9 6 3 10  2 4
12 5 3 4 7 5 12 4 7 2 6 4 7 13 8 4 9 7 3 10  3 3
1 11 7 4 3 2 1 4 3 13 8 4 8 11 12 4 9 3 7 10  4 2
3 11 1 4 1 11 7 4 7 13 8 4 3 2 6 4 9 3 7 10  2 2
3 5 1 4 12 5 3 4 12 2 6 4 3 13 7 4 9 12 1 10  3 3
8 5 3 4 12 2 8 4 8 2 7 4 12 11 6 4 9 12 7 10  4 4
3 11 1 4 7 11 3 4 7 2 6 4 3 13 12 4 9 7 12 10  2 1
8 5 12 4 7 13 6 4 1 13 8 4 12 13 7 4 9 1 12 10  1 3
12 11 8 4 12 2 3 4 1 2 6 4 3 5 1 4 9 12 1 10  4 3
12 13 6 4 6 5 3 4 6 11 1 4 12 2 7 4 9 12 3 10  1 3
6 5 8 4 1 5 6 4 6 2 3 4 3 2 7 4 9 1 3 10  3 4
8 13 12 4 6 5 1 4 12 11 3 4 12 13 6 4 9 8 3 10  1 2
12 5 8 4 6 13 12 4 12 11 3 4 6 2 1 4 9 6 3 10  1 2
7 13 3 4 3 11 6 4 6 11 8 4 3 13 12 4 9 7 12 10  1 1
1 11 8 4 7 11 6 4 8 2 7 4 6 11 3 4 9 1 7 10  2 4
12 5 8 4 3 5 6 4 8 2 7 4 6 2 12 4 9 3 12 10  3 4
6 11 8 4 3 11 6 4 6 2 1 4 3 5 7 4 9 3 1 10  2 4
7 5 12 4 8 2 7 4 6 13 3 4 6 5 8 4 9 6 7 10  3 4
8 11 7 4 6 5 1 4 7 11 3 4 6 2 8 4 9 6 7 10  4 2
3 2 7 4 12 11 8 4 12 13 6 4 12 2 3 4 9 12 7 10  4 4
6 2 7 4 3 2 6 4 3 11 8 4 6 5 1 4 9 3 1 10  4 3
8 11 12 4 6 2 7 4 6 13 8 4 7 5 1 4 9 6 1 10  4 3
1 5 6 4 1 2 12 4 12 11 3 4 6 5 7 4 9 1 7 10  3 3
7 13 3 4 6 13 7 4 6 2 8 4 12 11 6 4 9 12 7 10  2 1
3 5 1 4 1 2 12 4 8 11 7 4 8 2 3 4 9 8 1 10  4 3
8 5 6 4 8 13 7 4 1 5 8 4 7 13 12 4 9 1 6 10  3 3
1 5 6 4 12 2 7 4 8 2 1 4 1 11 12 4 9 8 12 10  4 2
12 5 8 4 6 2 1 4 1 11 3 4 1 2 12 4 9 6 3 10  4 2
7 11 1 4 8 11 7 4 1 11 3 4 12 2 8 4 9 12 7 10  4 2
7 13 8 4 1 5 3 4 12 11 7 4 1 13 12 4 9 1 7 10  1 2
8 5 12 4 1 2 8 4 8 11 6 4 1 13 7 4 9 1 12 10  4 3
6 11 1 4 12 11 6 4 7 2 12 4 12 5 8 4 9 7 6 10  4 2
1 11 8 4 6 11 1 4 6 5 3 4 12 13 6 4 9 12 1 10  1 2
3 2 12 4 12 2 7 4 7 2 8 4 3 5 6 4 9 3 7 10  4 4
7 5 6 4 3 2 7 4 6 5 1 4 7 11 8 4 9 3 8 10  4 2
8 13 6 4 8 11 1 4 6 5 7 4 7 13 3 4 9 8 7 10  1 3
12 2 7 4 8 5 12 4 1 2 6 4 6 5 8 4 9 1 8 10  4 3
8 11 6 4 8 13 12 4 12 5 7 4 3 13 8 4 9 3 12 10  1 1
3 11 1 4 3 5 7 4 1 13 6 4 1 2 12 4 9 3 12 10  2 4
8 13 12 4 3 13 8 4 8 11 6 4 12 13 1 4 9 3 12 10  1 1
12 13 1 4 7 13 12 4 8 5 6 4 6 13 7 4 9 8 7 10  3 1
6 2 1 4 6 5 3 4 3 5 12 4 3 13 8 4 9 6 12 10  3 3
7 11 12 4 6 13 1 4 6 11 7 4 1 13 3 4 9 6 3 10  1 1
6 2 1 4 1 5 12 4 12 5 3 4 6 11 8 4 9 6 12 10  4 3
6 11 7 4 8 2 6 4 8 13 3 4 7 2 12 4 9 8 7 10  4 2
3 5 7 4 1 2 3 4 7 5 12 4 12 5 6 4 9 1 7 10  4 3
12 11 1 4 3 11 7 4 7 11 12 4 8 2 3 4 9 8 7 10  4 2
6 11 7 4 6 13 3 4 12 11 6 4 6 2 1 4 9 12 7 10  2 2
3 13 6 4 3 2 8 4 6 13 12 4 7 11 3 4 9 7 6 10  2 1
7 13 8 4 6 5 7 4 7 2 12 4 8 5 1 4 9 6 12 10  3 4
8 2 1 4 6 5 12 4 8 5 6 4 12 2 3 4 9 8 12 10  3 3
1 5 6 4 12 13 1 4 12 11 8 4 8 2 7 4 9 12 6 10  1 3
7 2 12 4 12 11 6 4 1 11 8 4 6 2 1 4 9 7 6 10  4 2
8 5 7 4 8 11 3 4 7 5 12 4 6 2 8 4 9 6 7 10  4 3
3 5 7 4 8 2 12 4 7 13 1 4 8 13 3 4 9 8 7 10  1 3
3 5 7 4 12 2 3 4 1 5 12 4 12 13 6 4 9 1 6 10  3 1
7 11 8 4 1 2 7 4 12 11 6 4 12 2 1 4 9 12 7 10  4 4
1 11 7 4 7 13 8 4 6 11 12 4 7 2 6 4 9 1 8 10  2 1
6 2 8 4 6 11 12 4 8 5 3 4 8 2 7 4 9 6 3 10  4 3
12 2 8 4 8 2 6 4 6 11 3 4 1 11 12 4 9 1 8 10  2 4
12 13 7 4 8 5 1 4 12 2 8 4 12 11 3 4 9 12 1 10  4 3
8 11 7 4 8 5 12 4 12 5 1 4 1 5 3 4 9 8 1 10  3 3
7 13 1 4 8 11 3 4 3 11 6 4 3 13 7 4 9 8 7 10  2 1
12 13 8 4 7 5 6 4 1 13 12 4 7 13 1 4 9 7 12 10  1 1
1 11 3 4 1 13 12 4 7 5 8 4 7 11 1 4 9 7 12 10  2 1
7 2 8 4 8 11 1 4 7 13 3 4 12 11 7 4 9 12 8 10  2 4
12 11 7 4 7 2 6 4 7 11 1 4 6 2 8 4 9 12 1 10  2 2
12 11 7 4 7 11 6 4 12 2 3 4 12 5 1 4 9 12 6 10  2 2
12 13 7 4 8 11 1 4 1 11 12 4 1 2 3 4 9 8 12 10  2 2
6 13 8 4 3 11 6 4 1 11 3 4 8 11 7 4 9 1 6 10  2 2
12 2 1 4 1 11 7 4 8 2 12 4 12 5 6 4 9 8 1 10  4 4
1 5 12 4 7 2 6 4 12 2 3 4 6 5 1 4 9 7 1 10  4 3
3 11 7 4 12 2 1 4 3 13 6 4 12 11 3 4 9 12 7 10  2 2
7 11 8 4 8 11 3 4 3 2 12 4 3 11 1 4 9 7 3 10  2 2
3 11 1 4 12 13 3 4 3 13 7 4 3 5 6 4 9 12 6 10  1 3
12 5 1 4 8 13 12 4 3 2 6 4 3 13 8 4 9 3 12 10  1 1
6 11 1 4 7 2 8 4 12 11 7 4 8 2 6 4 9 12 8 10  2 4
1 11 6 4 6 11 7 4 1 5 3 4 8 2 1 4 9 8 6 10  4 2
12 13 6 4 6 11 8 4 7 5 3 4 6 5 7 4 9 12 7 10  1 3
1 2 6 4 12 2 3 4 6 2 12 4 6 5 8 4 9 1 12 10  4 4
7 5 6 4 7 11 1 4 12 13 7 4 1 13 8 4 9 12 6 10  1 3
7 2 6 4 1 5 8 4 1 11 3 4 6 2 1 4 9 7 1 10  4 4
7 13 6 4 1 13 12 4 1 5 8 4 6 5 1 4 9 7 1 10  1 3
7 13 6 4 7 5 1 4 1 2 8 4 8 5 3 4 9 7 8 10  3 4
12 13 8 4 7 5 12 4 7 11 1 4 1 2 3 4 9 7 8 10  3 1
12 13 1 4 8 5 7 4 6 13 8 4 7 13 12 4 9 6 7 10  1 3
8 13 6 4 8 2 12 4 3 11 8 4 8 11 7 4 9 3 12 10  2 4
3 5 12 4 8 2 3 4 6 2 8 4 6 5 7 4 9 6 3 10  4 4
3 11 8 4 7 13 1 4 3 2 6 4 3 5 7 4 9 3 1 10  3 1
3 5 6 4 1 5 12 4 12 13 7 4 12 5 3 4 9 1 3 10  3 3
1 13 6 4 6 13 8 4 6 5 3 4 6 11 12 4 9 1 12 10  1 2
12 13 3 4 7 5 1 4 1 13 8 4 7 11 12 4 9 7 8 10  3 1
3 2 12 4 12 2 7 4 12 5 8 4 3 13 1 4 9 3 8 10  4 3
8 11 7 4 6 13 12 4 8 13 6 4 12 13 3 4 9 8 12 10  1 1
7 2 8 4 7 13 6 4 8 2 1 4 12 11 7 4 9 12 8 10  2 4
1 11 3 4 3 11 8 4 8 13 7 4 1 2 12 4 9 1 8 10  2 2
8 5 12 4 6 11 7 4 12 13 1 4 8 2 6 4 9 8 1 10  3 1
1 13 3 4 7 2 6 4 1 11 7 4 7 11 8 4 9 1 6 10  2 4
3 2 1 4 1 11 7 4 1 5 12 4 3 13 6 4 9 3 7 10  4 2
1 5 12 4 12 2 6 4 12 13 7 4 6 5 3 4 9 1 6 10  3 4
7 11 1 4 7 13 3 4 6 13 7 4 3 5 12 4 9 6 1 10  1 2
