1 2 3 4 5 2 6 4 5 7 8 4 6 2 1 4 9 5 1 10  1 1
6 2 3 4 6 7 8 4 3 2 1 4 3 11 5 4 9 6 1 10  1 1
3 7 8 4 12 7 5 4 8 13 1 4 5 13 3 4 9 12 3 10  2 3
8 11 3 4 3 11 5 4 5 2 1 4 6 11 8 4 9 6 3 10  4 4
6 2 8 4 1 2 6 4 6 7 3 4 1 13 5 4 9 1 8 10  1 1
5 7 12 4 1 2 3 4 5 2 1 4 3 2 8 4 9 5 3 10  1 1
12 7 6 4 12 11 3 4 6 7 5 4 6 2 1 4 9 12 1 10  2 1
3 7 12 4 5 13 3 4 5 11 1 4 1 2 8 4 9 5 12 10  3 2
5 13 12 4 5 7 8 4 1 7 5 4 1 11 6 4 9 1 8 10  2 2
12 13 8 4 3 7 1 4 1 7 12 4 12 2 6 4 9 3 12 10  2 2
8 13 3 4 6 2 1 4 12 11 6 4 12 13 8 4 9 12 1 10  4 1
3 7 12 4 5 2 3 4 3 2 8 4 8 11 1 4 9 5 8 10  1 1
8 2 12 4 12 11 3 4 1 11 8 4 8 13 5 4 9 1 12 10  4 1
8 7 1 4 1 13 3 4 8 2 6 4 1 7 5 4 9 8 3 10  2 3
8 11 3 4 1 13 6 4 12 11 8 4 3 11 1 4 9 12 3 10  4 4
3 13 6 4 8 13 3 4 8 2 12 4 6 7 5 4 9 8 6 10  3 3
1 13 12 4 8 7 6 4 8 11 3 4 3 13 1 4 9 8 1 10  4 3
6 2 8 4 8 2 3 4 8 7 12 4 3 11 1 4 9 6 3 10  1 1
6 11 1 4 1 11 3 4 1 2 5 4 6 13 8 4 9 6 3 10  4 4
6 13 3 4 3 7 8 4 1 13 6 4 1 11 5 4 9 1 3 10  3 3
6 7 3 4 1 7 6 4 6 2 12 4 1 11 8 4 9 1 12 10  2 1
6 13 3 4 1 11 6 4 12 13 1 4 12 7 8 4 9 12 6 10  3 4
1 13 3 4 8 7 1 4 8 11 6 4 3 7 12 4 9 8 3 10  2 3
1 7 6 4 3 2 5 4 5 2 1 4 3 11 8 4 9 3 1 10  1 1
8 7 3 4 5 7 1 4 3 2 5 4 5 2 6 4 9 8 5 10  2 1
5 2 3 4 3 2 8 4 1 11 12 4 1 2 5 4 9 1 3 10  1 1
8 13 3 4 12 11 1 4 3 11 5 4 5 11 12 4 9 8 5 10  3 4
3 2 12 4 3 11 5 4 5 11 8 4 6 11 3 4 9 6 5 10  4 4
12 13 1 4 8 7 5 4 8 2 6 4 8 11 12 4 9 8 1 10  4 3
5 7 6 4 5 2 1 4 6 7 12 4 1 11 8 4 9 5 12 10  2 2
12 7 1 4 5 2 12 4 1 2 6 4 1 7 8 4 9 5 1 10  1 2
3 7 6 4 6 7 1 4 1 13 5 4 3 11 12 4 9 3 1 10  2 2
1 2 12 4 6 7 1 4 1 13 5 4 12 2 8 4 9 6 5 10  2 3
12 7 5 4 1 2 6 4 3 7 12 4 3 11 1 4 9 3 6 10  4 1
3 7 6 4 6 13 8 4 1 7 5 4 8 13 1 4 9 3 8 10  2 3
5 13 6 4 5 7 1 4 6 13 12 4 12 11 8 4 9 5 12 10  3 3
6 13 5 4 6 2 1 4 5 13 12 4 3 11 6 4 9 3 5 10  4 3
3 13 5 4 3 2 1 4 5 11 8 4 1 7 12 4 9 3 8 10  3 4
1 13 8 4 5 11 12 4 8 13 3 4 3 11 5 4 9 1 3 10  3 3
8 13 12 4 1 11 3 4 12 11 1 4 3 11 6 4 9 8 1 10  3 4
3 11 1 4 8 2 3 4 8 7 5 4 3 2 12 4 9 8 1 10  1 4
5 2 12 4 12 2 6 4 6 2 3 4 1 11 5 4 9 1 12 10  4 1
8 13 1 4 1 13 12 4 5 7 8 4 8 2 3 4 9 5 1 10  2 3
3 11 8 4 6 2 5 4 12 7 6 4 5 2 3 4 9 12 5 10  2 1
6 2 8 4 6 11 12 4 8 7 1 4 1 2 3 4 9 6 1 10  1 2
3 11 6 4 6 13 5 4 6 11 12 4 6 2 8 4 9 3 8 10  4 1
12 11 5 4 12 7 6 4 5 2 1 4 1 2 8 4 9 12 1 10  4 1
12 7 6 4 5 13 8 4 8 11 3 4 12 11 5 4 9 12 8 10  4 3
12 2 6 4 3 7 12 4 8 13 1 4 12 7 8 4 9 3 8 10  2 2
12 11 5 4 3 13 12 4 3 7 6 4 5 11 1 4 9 3 5 10  3 4
6 13 1 4 1 11 12 4 6 7 5 4 5 2 8 4 9 6 8 10  2 1
8 2 12 4 3 2 5 4 6 7 8 4 5 2 6 4 9 3 6 10  1 1
6 13 1 4 6 7 5 4 8 7 6 4 6 2 12 4 9 8 5 10  2 2
1 11 3 4 1 7 5 4 8 2 12 4 1 2 8 4 9 1 12 10  1 1
8 2 5 4 5 2 6 4 8 13 3 4 12 7 8 4 9 12 5 10  2 1
6 7 5 4 6 2 8 4 5 13 12 4 8 2 1 4 9 6 12 10  2 3
12 13 1 4 12 7 5 4 6 11 8 4 6 7 12 4 9 6 5 10  2 2
1 13 12 4 5 13 3 4 3 7 6 4 3 11 1 4 9 5 6 10  3 2
6 13 1 4 1 7 12 4 12 13 5 4 6 2 8 4 9 6 12 10  3 2
3 11 8 4 5 2 1 4 1 7 6 4 1 2 3 4 9 5 3 10  1 1
1 13 3 4 1 11 5 4 3 13 8 4 3 7 6 4 9 1 8 10  3 3
1 11 6 4 8 2 1 4 1 7 3 4 12 2 8 4 9 12 1 10  1 1
1 2 6 4 8 7 3 4 1 13 12 4 6 7 8 4 9 1 8 10  1 2
8 2 5 4 8 7 3 4 1 2 8 4 3 7 12 4 9 1 3 10  1 2
3 13 5 4 6 7 1 4 8 13 3 4 3 7 6 4 9 8 6 10  3 2
12 11 5 4 12 13 8 4 3 7 6 4 8 13 3 4 9 12 3 10  3 3
12 2 8 4 5 11 12 4 8 11 1 4 12 13 6 4 9 5 8 10  4 1
6 11 3 4 1 7 5 4 5 7 12 4 1 2 6 4 9 1 3 10  1 4
8 7 5 4 12 7 8 4 1 13 6 4 12 13 1 4 9 12 5 10  2 2
12 13 1 4 12 2 8 4 8 2 5 4 6 7 12 4 9 6 8 10  2 1
1 13 8 4 5 2 3 4 12 11 5 4 12 13 1 4 9 12 8 10  3 3
5 11 8 4 6 11 5 4 8 2 3 4 3 2 12 4 9 6 8 10  4 4
12 11 8 4 1 13 12 4 5 13 1 4 12 7 6 4 9 5 12 10  3 3
12 11 1 4 12 2 8 4 1 13 5 4 8 7 6 4 9 12 6 10  1 2
3 2 1 4 5 13 6 4 1 2 8 4 5 7 3 4 9 5 1 10  2 1
1 7 3 4 12 11 6 4 1 13 12 4 6 11 5 4 9 1 6 10  3 4
8 11 3 4 12 11 8 4 3 11 6 4 8 2 5 4 9 12 3 10  4 4
5 13 6 4 6 13 1 4 3 2 8 4 3 11 5 4 9 3 6 10  4 3
1 13 5 4 5 7 3 4 6 13 1 4 3 7 12 4 9 6 5 10  3 3
12 11 1 4 6 7 5 4 3 2 6 4 12 2 3 4 9 12 6 10  1 1
1 2 3 4 1 13 12 4 12 7 8 4 12 13 6 4 9 1 8 10  3 2
3 7 6 4 12 2 8 4 3 2 12 4 3 11 5 4 9 3 8 10  1 1
3 7 12 4 12 2 1 4 12 13 6 4 6 7 5 4 9 3 6 10  2 3
12 2 5 4 8 13 3 4 12 13 8 4 1 7 12 4 9 1 5 10  2 1
12 2 5 4 6 7 3 4 12 13 8 4 5 7 6 4 9 12 6 10  1 2
12 2 6 4 3 11 12 4 1 7 5 4 1 2 3 4 9 1 12 10  1 4
3 2 6 4 3 11 8 4 12 11 3 4 12 7 1 4 9 12 6 10  4 1
3 11 6 4 3 7 8 4 8 13 12 4 8 7 5 4 9 3 12 10  2 3
12 2 1 4 8 7 12 4 1 7 6 4 8 13 5 4 9 8 1 10  2 1
8 7 5 4 5 7 12 4 8 11 3 4 12 13 1 4 9 8 12 10  2 2
8 11 1 4 8 13 5 4 8 7 12 4 3 13 8 4 9 3 12 10  3 2
12 11 5 4 12 7 6 4 5 2 8 4 5 11 3 4 9 12 3 10  4 4
3 2 5 4 6 11 8 4 6 7 3 4 1 2 6 4 9 1 3 10  1 2
6 7 12 4 8 11 3 4 6 13 8 4 8 13 5 4 9 6 3 10  3 4
3 7 1 4 3 2 6 4 8 7 3 4 1 13 5 4 9 8 1 10  2 2
3 13 12 4 6 11 5 4 6 2 8 4 5 11 3 4 9 6 3 10  4 4
1 13 3 4 3 7 6 4 12 7 1 4 5 13 12 4 9 5 1 10  3 2
1 13 12 4 1 11 3 4 1 2 8 4 8 7 6 4 9 1 6 10  1 2
3 7 6 4 12 11 5 4 1 11 12 4 3 2 1 4 9 3 12 10  1 4
3 11 8 4 12 2 1 4 12 11 3 4 3 13 5 4 9 12 5 10  4 3
5 7 8 4 12 2 5 4 5 11 1 4 5 2 6 4 9 12 8 10  1 2
12 7 3 4 6 7 8 4 3 13 6 4 1 13 12 4 9 1 3 10  3 2
5 11 3 4 5 13 12 4 3 11 1 4 3 2 6 4 9 5 1 10  4 4
1 13 8 4 8 11 3 4 3 11 5 4 1 7 6 4 9 1 3 10  3 4
8 2 12 4 3 13 5 4 12 11 1 4 8 13 3 4 9 8 1 10  1 4
6 2 3 4 1 7 6 4 3 7 5 4 8 2 1 4 9 8 6 10  1 2
6 11 5 4 3 7 12 4 1 7 3 4 6 7 1 4 9 6 3 10  2 2
3 11 8 4 5 2 1 4 8 11 5 4 3 7 6 4 9 3 5 10  4 4
6 7 3 4 1 7 5 4 5 2 8 4 3 7 1 4 9 6 1 10  2 2
3 11 8 4 6 13 5 4 1 11 3 4 1 7 6 4 9 1 8 10  4 4
6 11 1 4 8 13 5 4 3 2 6 4 8 11 3 4 9 8 6 10  4 1
3 13 12 4 3 11 8 4 8 11 6 4 5 13 3 4 9 5 8 10  3 4
3 2 6 4 8 2 1 4 1 11 3 4 8 13 12 4 9 8 3 10  1 4
5 2 1 4 3 11 12 4 3 13 6 4 3 7 5 4 9 3 1 10  2 1
1 13 5 4 6 11 3 4 1 2 6 4 12 11 1 4 9 12 6 10  4 1
1 11 6 4 5 13 1 4 5 7 12 4 12 7 3 4 9 5 3 10  2 2
8 2 5 4 6 7 1 4 12 7 8 4 8 7 6 4 9 12 6 10  2 2
3 2 8 4 8 7 5 4 5 2 6 4 8 11 1 4 9 3 1 10  1 4
5 2 1 4 6 7 8 4 5 7 6 4 6 13 12 4 9 5 12 10  2 3
3 7 8 4 8 7 12 4 3 13 1 4 6 13 3 4 9 6 8 10  3 2
3 13 12 4 8 7 5 4 1 13 3 4 5 7 1 4 9 8 1 10  2 2
5 2 3 4 3 11 6 4 1 2 5 4 6 11 8 4 9 1 3 10  1 1
1 2 12 4 5 7 3 4 1 7 5 4 6 7 1 4 9 6 12 10  2 1
5 13 1 4 1 13 3 4 5 2 8 4 1 11 12 4 9 5 3 10  3 3
3 13 8 4 8 7 6 4 1 11 12 4 3 11 1 4 9 3 6 10  3 2
5 7 8 4 12 7 6 4 1 7 12 4 8 13 1 4 9 5 1 10  2 3
1 13 3 4 12 11 1 4 1 2 5 4 12 7 6 4 9 12 3 10  4 3
6 2 5 4 6 13 8 4 8 13 12 4 8 11 3 4 9 6 3 10  3 4
5 2 1 4 8 7 5 4 5 13 6 4 6 7 12 4 9 8 6 10  2 3
1 7 12 4 6 13 5 4 6 7 1 4 3 7 6 4 9 3 5 10  2 3
8 7 3 4 1 7 6 4 5 13 8 4 6 7 5 4 9 1 5 10  2 2
3 11 6 4 1 11 8 4 8 13 5 4 5 11 3 4 9 1 5 10  4 3
12 2 1 4 1 11 8 4 6 2 12 4 6 11 3 4 9 6 1 10  1 1
1 2 6 4 8 7 3 4 8 2 5 4 5 11 1 4 9 8 1 10  1 4
12 7 5 4 8 13 3 4 12 13 6 4 3 7 12 4 9 8 12 10  3 2
12 13 6 4 1 13 12 4 8 13 1 4 12 7 5 4 9 8 12 10  3 3
3 2 5 4 5 2 1 4 5 7 8 4 3 13 12 4 9 3 8 10  1 2
3 13 8 4 1 7 6 4 3 7 1 4 12 13 3 4 9 12 1 10  3 2
5 13 8 4 6 11 3 4 6 13 5 4 8 13 12 4 9 6 8 10  3 3
3 13 1 4 1 11 8 4 3 2 12 4 1 7 6 4 9 3 6 10  3 2
1 7 6 4 1 2 12 4 1 11 8 4 5 2 1 4 9 5 8 10  1 4
5 11 1 4 3 11 5 4 5 2 8 4 6 11 3 4 9 6 5 10  4 4
6 7 1 4 12 11 3 4 12 13 6 4 1 7 5 4 9 12 1 10  3 2
8 11 12 4 3 2 8 4 3 13 1 4 8 7 6 4 9 3 6 10  1 2
6 13 3 4 3 7 8 4 3 13 12 4 6 11 1 4 9 6 8 10  3 2
8 2 1 4 3 2 6 4 6 7 8 4 1 2 5 4 9 3 8 10  1 2
3 2 12 4 3 7 5 4 6 11 1 4 6 7 3 4 9 6 12 10  2 1
6 2 8 4 1 2 5 4 5 2 12 4 8 11 1 4 9 6 1 10  1 4
12 13 8 4 5 7 3 4 3 7 12 4 5 13 6 4 9 5 12 10  2 2
5 13 8 4 8 11 1 4 1 11 12 4 8 13 6 4 9 5 1 10  3 4
3 7 6 4 12 13 3 4 8 7 12 4 5 13 8 4 9 5 12 10  3 2
12 2 3 4 3 7 6 4 5 2 8 4 6 7 5 4 9 12 6 10  1 2
3 7 12 4 12 2 6 4 6 7 5 4 5 7 8 4 9 3 6 10  2 1
3 13 5 4 6 11 12 4 6 13 3 4 1 13 6 4 9 1 3 10  3 3
5 13 1 4 1 7 3 4 1 11 12 4 1 13 6 4 9 5 6 10  3 3
12 2 3 4 6 11 12 4 8 13 5 4 6 7 8 4 9 6 5 10  2 3
5 13 12 4 1 2 6 4 6 7 3 4 1 11 5 4 9 1 3 10  1 2
5 13 12 4 12 7 3 4 3 13 6 4 5 11 8 4 9 5 3 10  3 2
1 11 12 4 1 7 3 4 12 11 5 4 8 13 1 4 9 8 3 10  3 2
3 13 1 4 8 13 3 4 3 7 6 4 6 7 12 4 9 8 6 10  3 2
3 11 12 4 6 13 3 4 6 2 5 4 12 13 1 4 9 6 12 10  3 4
5 13 1 4 1 11 12 4 12 11 6 4 1 13 3 4 9 5 12 10  3 4
5 13 12 4 5 2 3 4 1 11 6 4 1 7 5 4 9 1 3 10  2 1
5 7 3 4 6 7 8 4 12 7 6 4 3 13 12 4 9 5 12 10  2 3
5 7 8 4 3 2 1 4 8 2 6 4 3 7 5 4 9 3 8 10  2 2
1 11 5 4 6 2 12 4 12 2 3 4 6 13 1 4 9 6 5 10  3 4
6 11 8 4 1 2 12 4 6 7 3 4 6 2 1 4 9 6 12 10  1 1
8 7 3 4 1 7 6 4 12 13 8 4 6 13 12 4 9 1 12 10  2 3
1 7 6 4 5 7 1 4 1 2 8 4 6 13 3 4 9 5 6 10  2 2
6 2 5 4 6 7 12 4 5 2 3 4 12 13 8 4 9 6 8 10  2 3
5 13 1 4 1 13 12 4 8 13 5 4 6 7 8 4 9 6 5 10  2 3
3 2 1 4 1 11 6 4 1 7 5 4 1 2 8 4 9 3 5 10  1 2
3 13 8 4 6 2 1 4 8 13 5 4 3 11 6 4 9 3 5 10  3 3
1 7 5 4 6 11 12 4 1 2 6 4 6 2 8 4 9 1 8 10  1 1
5 11 3 4 5 2 12 4 3 13 8 4 8 11 1 4 9 5 8 10  4 3
8 13 3 4 1 11 5 4 1 13 8 4 6 11 1 4 9 6 8 10  4 3
6 11 12 4 5 13 8 4 8 13 6 4 8 7 3 4 9 5 3 10  3 2
6 13 1 4 6 7 8 4 8 7 5 4 1 13 3 4 9 6 5 10  2 2
8 13 3 4 5 11 8 4 12 13 1 4 5 7 12 4 9 5 3 10  4 3
6 2 3 4 1 11 8 4 1 2 6 4 12 11 1 4 9 12 6 10  4 1
3 7 12 4 5 2 1 4 1 2 3 4 3 2 6 4 9 5 3 10  1 1
5 13 1 4 12 11 5 4 5 11 6 4 12 2 3 4 9 12 6 10  4 4
5 13 12 4 5 11 6 4 8 13 5 4 8 7 1 4 9 8 6 10  3 4
8 11 12 4 8 7 1 4 6 2 8 4 1 2 3 4 9 6 1 10  1 2
8 11 6 4 5 7 1 4 5 13 12 4 8 7 5 4 9 8 1 10  2 2
12 2 1 4 8 2 5 4 1 2 8 4 12 13 3 4 9 12 8 10  1 1
3 11 1 4 1 2 12 4 6 2 3 4 3 7 5 4 9 6 1 10  1 4
8 11 12 4 1 7 3 4 8 7 1 4 8 2 6 4 9 8 3 10  2 2
1 2 8 4 8 7 6 4 8 11 5 4 6 2 3 4 9 1 5 10  1 4
1 7 12 4 6 2 1 4 1 2 3 4 1 11 8 4 9 6 3 10  1 1
3 13 12 4 6 7 3 4 6 11 5 4 8 13 6 4 9 8 3 10  3 2
8 11 1 4 3 11 8 4 3 13 6 4 5 11 3 4 9 5 6 10  4 3
12 2 8 4 6 7 3 4 8 7 1 4 6 2 12 4 9 6 8 10  1 1
5 11 3 4 5 2 12 4 1 2 5 4 6 11 1 4 9 6 5 10  4 1
12 13 1 4 8 7 6 4 6 2 5 4 12 2 8 4 9 12 6 10  1 2
12 2 6 4 5 13 8 4 3 7 12 4 12 13 5 4 9 3 6 10  2 1
5 13 1 4 8 7 3 4 12 13 5 4 1 13 8 4 9 12 1 10  3 3
6 2 5 4 5 2 1 4 1 7 8 4 5 11 3 4 9 6 1 10  1 1
6 7 5 4 6 11 12 4 6 2 8 4 8 2 1 4 9 6 1 10  1 1
3 7 6 4 5 11 8 4 5 2 12 4 3 2 5 4 9 3 8 10  1 4
1 11 8 4 6 13 3 4 8 11 6 4 1 13 5 4 9 1 6 10  4 4
5 2 12 4 6 7 5 4 3 2 6 4 12 2 1 4 9 3 5 10  1 2
8 13 12 4 12 13 3 4 3 13 5 4 6 13 8 4 9 6 12 10  3 3
1 7 5 4 1 2 8 4 5 7 3 4 5 13 12 4 9 1 3 10  2 2
1 13 5 4 5 13 8 4 8 13 6 4 1 2 3 4 9 1 8 10  3 3
1 7 5 4 5 7 3 4 5 2 6 4 5 13 12 4 9 1 6 10  2 1
8 11 1 4 8 13 3 4 12 11 8 4 5 13 12 4 9 5 8 10  3 4
8 13 12 4 6 2 3 4 8 2 5 4 5 7 6 4 9 8 6 10  1 2
5 2 6 4 12 13 1 4 5 7 3 4 12 2 5 4 9 12 3 10  1 2
1 11 8 4 6 13 3 4 6 2 1 4 1 7 5 4 9 6 8 10  1 4
6 13 8 4 8 7 12 4 3 13 5 4 12 13 3 4 9 6 12 10  3 2
3 2 1 4 3 11 8 4 3 7 6 4 6 13 12 4 9 3 12 10  2 3
8 2 1 4 3 11 6 4 3 7 5 4 3 2 8 4 9 3 1 10  1 1
1 11 6 4 12 13 5 4 1 7 8 4 5 13 1 4 9 12 1 10  3 3
8 7 3 4 5 2 12 4 12 11 1 4 5 7 8 4 9 5 1 10  1 4
3 2 6 4 1 2 3 4 3 11 5 4 3 7 8 4 9 1 5 10  1 4
8 7 1 4 5 13 8 4 8 13 12 4 5 2 6 4 9 5 1 10  3 2
12 13 1 4 3 11 12 4 3 2 6 4 12 11 8 4 9 3 8 10  4 4
12 11 3 4 12 2 6 4 12 7 5 4 1 2 12 4 9 1 3 10  1 4
5 7 3 4 12 11 8 4 1 2 12 4 12 7 5 4 9 1 8 10  1 4
8 11 5 4 1 11 8 4 5 13 3 4 8 2 6 4 9 1 6 10  4 1
12 2 1 4 8 7 5 4 1 2 6 4 12 7 8 4 9 12 6 10  1 1
8 2 1 4 6 7 12 4 5 7 8 4 12 2 5 4 9 6 5 10  2 1
3 2 12 4 3 13 5 4 8 11 3 4 12 2 1 4 9 8 5 10  4 3
3 11 1 4 6 13 12 4 6 11 8 4 8 2 3 4 9 6 3 10  4 1
1 2 5 4 6 13 8 4 12 13 6 4 12 11 1 4 9 12 5 10  4 1
6 11 5 4 5 2 3 4 3 11 8 4 5 13 1 4 9 6 1 10  4 3
8 11 3 4 1 13 8 4 3 13 12 4 1 7 5 4 9 1 3 10  3 4
12 13 1 4 12 2 6 4 6 11 8 4 6 7 5 4 9 12 8 10  1 4
1 13 12 4 12 11 3 4 12 13 6 4 12 7 5 4 9 1 5 10  3 2
12 2 3 4 1 11 12 4 5 11 6 4 12 11 5 4 9 1 3 10  4 1
1 7 8 4 8 7 12 4 3 13 1 4 3 11 6 4 9 3 8 10  3 2
1 13 8 4 5 7 12 4 5 13 3 4 3 11 1 4 9 5 1 10  3 4
6 13 5 4 1 7 8 4 1 11 6 4 3 13 1 4 9 3 6 10  3 4
8 7 12 4 12 7 1 4 8 11 3 4 6 2 8 4 9 6 12 10  1 2
6 11 1 4 5 2 6 4 6 2 3 4 6 7 8 4 9 5 8 10  1 2
8 2 1 4 5 13 6 4 12 7 5 4 5 7 8 4 9 12 6 10  2 3
3 7 6 4 6 7 5 4 5 2 8 4 5 13 12 4 9 3 5 10  2 2
5 13 6 4 5 11 1 4 8 11 5 4 1 11 12 4 9 8 6 10  4 3
5 13 6 4 12 7 1 4 1 13 5 4 1 7 8 4 9 12 8 10  2 2
3 13 1 4 1 13 6 4 6 7 12 4 6 11 8 4 9 3 6 10  3 3
8 11 3 4 5 13 8 4 3 13 6 4 8 7 12 4 9 5 12 10  3 2
3 13 5 4 1 11 3 4 12 11 1 4 12 2 6 4 9 12 3 10  4 4
3 7 12 4 1 7 6 4 6 2 3 4 8 7 1 4 9 8 6 10  2 2
3 11 1 4 8 11 5 4 1 13 8 4 12 11 3 4 9 12 1 10  4 4
12 2 6 4 12 11 5 4 3 2 12 4 12 7 8 4 9 3 8 10  1 2
8 7 1 4 6 13 3 4 8 13 6 4 6 11 5 4 9 8 5 10  3 4
1 2 6 4 8 11 5 4 3 11 1 4 5 2 3 4 9 8 3 10  4 1
8 13 5 4 8 2 1 4 1 11 3 4 3 2 6 4 9 8 3 10  1 4
3 2 6 4 3 13 5 4 5 7 1 4 5 13 12 4 9 3 12 10  3 3
5 2 1 4 5 11 8 4 8 11 6 4 5 7 12 4 9 5 6 10  4 4
12 11 1 4 12 13 5 4 6 2 8 4 1 11 6 4 9 12 6 10  4 4
8 13 5 4 3 2 6 4 5 13 1 4 3 7 8 4 9 3 5 10  2 3
8 11 5 4 3 2 1 4 5 2 3 4 5 13 12 4 9 8 12 10  4 3
8 11 1 4 1 13 6 4 8 7 5 4 6 11 12 4 9 8 6 10  4 3
12 13 6 4 1 11 3 4 8 2 1 4 12 11 8 4 9 12 1 10  4 1
8 2 12 4 8 7 6 4 5 11 1 4 8 13 5 4 9 8 1 10  3 4
1 11 6 4 12 13 8 4 3 11 12 4 6 13 3 4 9 1 3 10  4 3
8 7 6 4 5 13 3 4 1 13 8 4 6 7 5 4 9 1 6 10  3 2
5 13 6 4 8 11 3 4 8 7 5 4 6 13 1 4 9 8 6 10  2 3
1 7 6 4 3 13 8 4 8 13 5 4 3 7 1 4 9 3 5 10  3 3
8 11 6 4 3 2 1 4 5 2 3 4 1 2 8 4 9 5 1 10  1 1
5 2 3 4 6 7 12 4 3 7 6 4 5 13 8 4 9 5 6 10  1 2
12 13 1 4 5 13 3 4 1 13 6 4 3 11 12 4 9 5 12 10  3 4
6 2 12 4 6 7 5 4 5 7 8 4 5 13 1 4 9 6 1 10  2 3
12 2 1 4 1 7 3 4 12 11 5 4 1 2 8 4 9 12 8 10  1 1
12 7 1 4 5 11 3 4 12 2 5 4 12 13 8 4 9 12 3 10  1 4
1 13 12 4 5 11 1 4 12 11 3 4 12 13 6 4 9 5 12 10  4 3
1 11 3 4 3 2 8 4 5 7 12 4 1 13 5 4 9 1 12 10  3 2
12 13 5 4 5 7 8 4 6 11 3 4 5 11 6 4 9 12 8 10  3 2
6 2 8 4 6 11 5 4 8 7 12 4 5 13 1 4 9 6 1 10  4 3
5 13 3 4 12 2 6 4 1 7 5 4 1 2 12 4 9 1 3 10  2 3
3 7 1 4 1 7 12 4 3 13 8 4 12 2 6 4 9 3 12 10  2 2
6 11 1 4 8 2 5 4 12 7 8 4 5 2 6 4 9 12 5 10  2 1
3 11 5 4 8 7 12 4 3 7 8 4 8 13 6 4 9 3 6 10  2 3
3 13 8 4 5 11 3 4 6 13 5 4 6 7 12 4 9 6 3 10  3 4
12 2 3 4 8 13 5 4 12 13 8 4 6 7 12 4 9 6 8 10  2 3
8 11 12 4 6 13 1 4 6 2 8 4 8 7 5 4 9 6 5 10  1 2
5 11 1 4 6 2 5 4 8 11 3 4 3 2 6 4 9 8 6 10  4 1
8 7 12 4 8 11 5 4 5 11 6 4 5 13 1 4 9 8 6 10  4 4
6 7 8 4 1 13 12 4 6 11 5 4 5 13 1 4 9 6 1 10  4 3
1 2 6 4 8 11 1 4 6 2 3 4 8 7 5 4 9 8 6 10  4 1
1 7 6 4 1 13 12 4 5 13 1 4 1 11 3 4 9 5 6 10  3 2
5 13 6 4 12 7 3 4 12 13 5 4 6 7 8 4 9 12 6 10  3 3
1 11 12 4 8 7 5 4 1 2 3 4 8 11 1 4 9 8 3 10  4 1
5 2 6 4 6 11 8 4 8 2 1 4 5 13 12 4 9 5 8 10  1 4
6 13 3 4 5 13 12 4 8 7 5 4 8 11 6 4 9 8 12 10  2 3
5 2 6 4 1 11 12 4 6 7 3 4 6 11 1 4 9 5 3 10  1 2
12 13 8 4 5 13 12 4 5 11 1 4 3 13 5 4 9 3 12 10  3 3
12 13 5 4 8 7 6 4 5 7 3 4 6 7 12 4 9 8 12 10  2 2
5 2 1 4 12 11 5 4 1 2 8 4 5 11 3 4 9 12 3 10  4 4
3 2 5 4 3 7 1 4 8 7 3 4 3 13 6 4 9 8 6 10  2 3
12 13 6 4 12 7 3 4 12 2 1 4 6 13 5 4 9 12 5 10  3 3
12 11 6 4 8 2 1 4 8 7 3 4 12 7 8 4 9 12 1 10  2 1
3 7 12 4 12 13 1 4 6 2 8 4 12 2 6 4 9 3 1 10  2 3
5 7 1 4 1 7 12 4 5 2 3 4 1 13 8 4 9 5 12 10  2 2
3 11 12 4 6 13 8 4 5 13 6 4 6 11 3 4 9 5 3 10  3 4
12 7 6 4 3 7 12 4 6 7 1 4 8 13 3 4 9 8 12 10  3 2
1 7 12 4 3 2 8 4 12 13 5 4 12 7 3 4 9 1 3 10  2 2
5 2 12 4 1 11 5 4 6 13 3 4 6 11 1 4 9 6 5 10  4 4
12 11 8 4 3 2 12 4 12 2 1 4 12 7 5 4 9 3 5 10  1 2
6 7 3 4 3 2 12 4 3 7 5 4 12 2 8 4 9 6 12 10  2 1
3 11 5 4 3 13 1 4 3 2 12 4 8 11 3 4 9 8 5 10  4 4
5 11 6 4 3 13 1 4 12 11 5 4 3 11 12 4 9 3 5 10  4 4
8 13 5 4 5 7 12 4 12 13 1 4 5 11 6 4 9 8 12 10  3 2
6 13 1 4 5 2 8 4 5 11 6 4 5 7 3 4 9 5 1 10  4 3
1 7 5 4 12 7 1 4 1 2 3 4 1 13 6 4 9 12 5 10  2 2
3 7 12 4 3 13 8 4 6 13 3 4 12 7 1 4 9 6 12 10  3 2
6 2 1 4 6 7 12 4 8 11 5 4 8 2 6 4 9 8 1 10  1 1
5 2 6 4 6 2 12 4 5 7 3 4 3 7 8 4 9 5 8 10  2 2
8 2 12 4 8 13 6 4 12 11 5 4 3 11 8 4 9 3 6 10  4 3
12 7 6 4 6 13 3 4 3 13 8 4 12 2 1 4 9 12 3 10  2 3
3 7 5 4 5 13 6 4 3 11 8 4 6 13 1 4 9 3 6 10  2 3
12 2 8 4 8 11 3 4 8 7 1 4 1 7 5 4 9 12 3 10  1 4
8 2 1 4 8 13 5 4 1 7 12 4 1 11 6 4 9 8 12 10  1 2
3 11 12 4 8 11 1 4 6 13 3 4 12 13 8 4 9 6 12 10  3 4
3 11 1 4 3 7 6 4 1 2 8 4 6 13 12 4 9 3 8 10  4 1
8 11 1 4 6 2 3 4 3 11 8 4 3 7 12 4 9 6 8 10  1 4
1 2 8 4 1 7 3 4 6 7 1 4 6 13 12 4 9 6 8 10  2 1
8 13 3 4 8 11 1 4 3 13 5 4 3 7 12 4 9 8 5 10  3 3
3 7 8 4 8 7 1 4 8 13 12 4 1 2 6 4 9 3 1 10  2 2
5 2 1 4 5 13 12 4 12 13 3 4 12 7 8 4 9 5 8 10  3 2
3 7 12 4 1 13 3 4 8 13 1 4 12 7 5 4 9 8 3 10  3 3
12 11 1 4 8 11 3 4 3 2 12 4 1 2 5 4 9 8 12 10  4 1
5 11 3 4 1 11 5 4 6 13 12 4 6 2 1 4 9 6 5 10  1 4
6 2 12 4 1 2 6 4 6 7 5 4 1 13 8 4 9 1 5 10  1 2
12 2 6 4 3 11 5 4 12 11 3 4 8 2 12 4 9 8 3 10  1 4
1 13 8 4 12 13 1 4 3 7 12 4 8 7 6 4 9 3 1 10  2 3
3 7 6 4 3 2 12 4 12 2 5 4 1 7 3 4 9 1 12 10  2 1
8 13 3 4 3 7 5 4 3 11 1 4 1 11 12 4 9 8 1 10  3 4
6 13 3 4 1 7 8 4 6 7 1 4 5 7 6 4 9 5 3 10  2 3
12 13 3 4 5 11 12 4 12 11 8 4 6 13 5 4 9 6 12 10  3 4
1 2 5 4 12 7 1 4 12 13 3 4 1 7 6 4 9 12 6 10  2 2
6 11 8 4 3 7 12 4 3 2 6 4 6 2 5 4 9 3 8 10  1 4
6 11 5 4 12 13 6 4 6 13 8 4 1 13 12 4 9 1 6 10  3 3
1 7 3 4 12 7 1 4 12 11 8 4 1 2 5 4 9 12 5 10  2 1
1 7 3 4 1 11 8 4 8 2 6 4 12 2 1 4 9 12 8 10  1 4
1 13 8 4 8 7 12 4 1 2 3 4 3 11 6 4 9 1 6 10  1 4
8 13 3 4 3 11 1 4 6 13 8 4 3 7 12 4 9 6 3 10  3 3
12 7 8 4 1 7 6 4 6 7 12 4 6 13 3 4 9 1 12 10  2 2
3 7 1 4 3 11 6 4 12 13 3 4 6 11 8 4 9 12 1 10  3 2
8 7 5 4 8 2 3 4 5 13 6 4 6 13 1 4 9 8 6 10  2 3
6 7 8 4 5 13 1 4 5 7 6 4 1 11 12 4 9 5 12 10  3 4
8 2 6 4 12 11 5 4 8 11 12 4 6 7 3 4 9 8 3 10  1 2
8 2 5 4 12 11 6 4 8 7 3 4 12 2 8 4 9 12 3 10  1 2
3 2 6 4 8 7 3 4 6 7 12 4 6 2 1 4 9 8 6 10  2 1
3 13 6 4 8 7 1 4 3 2 12 4 8 11 3 4 9 8 12 10  4 1
1 2 8 4 1 13 5 4 3 7 1 4 5 13 12 4 9 3 5 10  2 3
6 11 12 4 1 2 5 4 8 11 1 4 1 13 6 4 9 8 6 10  4 3
1 11 8 4 5 2 1 4 1 7 3 4 3 2 6 4 9 5 8 10  1 4
3 7 8 4 6 13 1 4 3 11 6 4 12 13 3 4 9 12 6 10  3 4
6 13 3 4 3 7 5 4 5 7 12 4 3 13 8 4 9 6 5 10  3 2
1 13 6 4 6 13 5 4 3 2 12 4 3 11 1 4 9 3 6 10  4 3
3 7 5 4 5 7 8 4 8 7 6 4 5 2 12 4 9 3 8 10  2 2
8 2 12 4 8 13 5 4 5 13 3 4 6 11 8 4 9 6 12 10  4 1
12 7 6 4 3 13 12 4 12 13 1 4 12 11 5 4 9 3 1 10  3 3
12 11 8 4 8 11 6 4 12 13 5 4 12 7 3 4 9 12 6 10  4 4
1 7 8 4 1 13 5 4 3 13 1 4 6 13 3 4 9 6 1 10  3 3
12 11 5 4 1 2 3 4 12 2 1 4 6 11 12 4 9 6 1 10  4 1
5 7 8 4 8 7 6 4 5 13 12 4 3 7 5 4 9 3 12 10  2 3
3 7 8 4 5 2 6 4 8 13 12 4 3 2 5 4 9 3 6 10  1 1
12 13 5 4 6 11 8 4 8 11 12 4 6 13 3 4 9 6 12 10  4 4
8 7 5 4 5 13 1 4 12 7 3 4 1 13 12 4 9 8 1 10  2 3
1 11 12 4 12 11 3 4 1 13 6 4 6 13 8 4 9 1 8 10  3 3
3 2 6 4 5 7 3 4 3 13 8 4 6 2 1 4 9 5 6 10  2 1
8 13 12 4 8 2 5 4 6 11 3 4 6 7 8 4 9 6 5 10  2 1
12 13 8 4 6 7 5 4 5 7 12 4 6 2 3 4 9 6 12 10  2 2
6 13 3 4 6 7 5 4 6 2 12 4 5 7 8 4 9 6 8 10  2 2
12 7 5 4 8 7 1 4 6 13 8 4 5 7 6 4 9 12 6 10  2 2
1 11 5 4 8 11 1 4 12 7 6 4 12 13 8 4 9 12 1 10  3 4
3 11 6 4 1 7 8 4 8 13 5 4 1 11 3 4 9 1 6 10  4 4
3 13 1 4 1 7 6 4 12 13 3 4 3 11 5 4 9 12 1 10  3 3
8 11 5 4 3 11 1 4 3 2 12 4 1 13 8 4 9 3 8 10  4 3
3 13 12 4 12 13 1 4 12 11 5 4 8 13 3 4 9 8 12 10  3 3
3 13 5 4 3 2 8 4 5 7 1 4 1 7 12 4 9 3 1 10  3 2
1 11 6 4 6 13 8 4 6 11 5 4 1 2 12 4 9 1 8 10  4 3
6 13 12 4 12 11 3 4 12 13 5 4 5 13 8 4 9 6 5 10  3 3
3 7 12 4 8 2 1 4 3 11 8 4 3 13 6 4 9 3 1 10  4 1
1 7 5 4 12 11 8 4 8 11 6 4 1 2 12 4 9 1 8 10  1 4
5 11 8 4 12 13 5 4 8 13 1 4 12 2 3 4 9 12 8 10  3 4
3 13 12 4 3 2 5 4 12 13 6 4 12 7 1 4 9 3 1 10  3 2
8 13 6 4 3 2 5 4 8 2 3 4 12 7 8 4 9 12 6 10  2 3
12 2 6 4 6 2 1 4 3 11 5 4 12 11 3 4 9 12 1 10  1 1
8 11 3 4 3 2 12 4 8 13 1 4 8 7 5 4 9 8 12 10  4 1
6 11 3 4 5 2 6 4 6 2 12 4 5 13 8 4 9 5 12 10  1 1
1 2 3 4 1 7 6 4 3 11 12 4 12 11 8 4 9 1 12 10  1 4
3 2 5 4 5 11 12 4 5 2 6 4 5 7 8 4 9 3 12 10  1 4
3 11 12 4 12 11 8 4 3 13 1 4 8 11 5 4 9 3 8 10  4 4
5 2 3 4 3 11 6 4 8 7 1 4 5 13 8 4 9 5 1 10  3 2
8 11 3 4 5 11 8 4 5 2 6 4 6 2 12 4 9 5 12 10  1 1
3 2 6 4 3 7 5 4 6 2 8 4 6 11 12 4 9 3 8 10  1 1
12 11 5 4 6 11 8 4 5 13 3 4 5 11 6 4 9 12 6 10  4 4
1 7 8 4 12 13 6 4 6 13 1 4 3 7 12 4 9 3 6 10  2 3
5 2 1 4 5 13 3 4 6 11 8 4 1 11 6 4 9 5 6 10  1 4
8 11 3 4 1 11 12 4 6 2 8 4 12 11 6 4 9 1 6 10  4 4
6 13 5 4 5 13 8 4 3 13 1 4 1 11 6 4 9 3 6 10  3 4
8 11 1 4 1 11 6 4 12 2 5 4 12 13 8 4 9 12 1 10  3 4
12 11 1 4 8 11 12 4 12 2 6 4 8 13 3 4 9 8 6 10  4 1
12 11 5 4 3 7 1 4 6 2 12 4 6 7 3 4 9 6 5 10  1 4
6 2 12 4 1 13 3 4 1 2 5 4 5 7 6 4 9 1 6 10  1 2
12 7 6 4 1 13 12 4 12 11 8 4 1 2 3 4 9 1 8 10  3 4
1 7 6 4 1 11 3 4 3 13 5 4 6 13 12 4 9 1 5 10  4 3
6 11 8 4 12 11 5 4 8 11 12 4 8 13 3 4 9 6 12 10  4 4
5 7 1 4 3 13 12 4 3 2 5 4 1 7 8 4 9 3 1 10  1 2
8 2 1 4 1 11 6 4 8 7 3 4 6 2 5 4 9 8 6 10  1 4
8 7 5 4 8 11 12 4 8 2 1 4 1 2 3 4 9 8 3 10  1 1
3 13 5 4 5 13 6 4 6 11 12 4 3 2 8 4 9 3 6 10  3 3
12 13 5 4 6 11 8 4 12 2 1 4 8 11 12 4 9 6 12 10  4 4
8 2 12 4 5 2 8 4 5 13 1 4 1 11 6 4 9 5 6 10  3 4
12 13 1 4 6 2 5 4 8 7 6 4 12 2 8 4 9 12 6 10  1 2
8 13 3 4 6 13 12 4 8 7 5 4 12 7 8 4 9 6 8 10  3 2
3 11 5 4 6 7 1 4 6 2 8 4 8 11 3 4 9 6 3 10  1 4
8 7 3 4 6 13 1 4 5 7 6 4 3 13 5 4 9 8 5 10  2 3
1 11 3 4 6 2 1 4 1 7 8 4 1 2 5 4 9 6 5 10  1 1
6 2 3 4 12 11 5 4 3 11 8 4 12 2 6 4 9 12 3 10  1 1
8 2 3 4 8 7 5 4 1 11 12 4 3 11 1 4 9 8 1 10  1 4
8 2 3 4 3 7 6 4 1 2 12 4 6 2 1 4 9 8 6 10  1 2
6 13 12 4 3 7 6 4 6 2 1 4 12 13 5 4 9 3 12 10  2 3
8 2 12 4 8 13 6 4 8 7 1 4 6 11 3 4 9 8 3 10  3 4
1 13 12 4 8 13 1 4 12 11 6 4 1 7 3 4 9 8 3 10  3 2
1 7 12 4 6 2 3 4 6 7 5 4 5 13 1 4 9 6 1 10  2 3
3 13 8 4 1 11 6 4 3 7 5 4 1 7 3 4 9 1 8 10  2 3
3 13 12 4 6 13 3 4 6 11 5 4 1 13 6 4 9 1 3 10  3 3
8 7 6 4 5 11 1 4 8 13 5 4 5 13 3 4 9 8 1 10  3 4
12 2 1 4 3 11 6 4 6 2 5 4 5 11 12 4 9 3 5 10  4 1
1 7 12 4 8 13 1 4 8 2 3 4 1 11 6 4 9 8 12 10  3 2
5 2 3 4 3 7 8 4 8 2 1 4 3 11 6 4 9 5 8 10  1 2
12 7 3 4 1 13 6 4 12 2 5 4 1 7 12 4 9 1 5 10  2 1
12 7 3 4 3 2 6 4 6 2 5 4 3 13 1 4 9 12 1 10  2 3
6 11 12 4 6 2 1 4 12 11 8 4 12 13 3 4 9 6 3 10  4 3
8 2 1 4 5 11 12 4 5 13 6 4 8 11 5 4 9 8 12 10  4 4
5 7 3 4 8 13 12 4 3 13 6 4 6 7 8 4 9 5 6 10  2 3
3 13 6 4 6 11 8 4 8 13 5 4 1 11 3 4 9 1 6 10  4 3
12 13 3 4 3 13 6 4 12 11 8 4 6 11 1 4 9 12 6 10  3 3
5 13 1 4 12 11 5 4 1 13 6 4 5 2 3 4 9 12 3 10  4 1
3 2 5 4 6 7 1 4 6 11 3 4 5 11 12 4 9 6 5 10  4 1
12 13 8 4 6 11 5 4 8 13 3 4 6 7 12 4 9 6 8 10  2 3
8 2 3 4 8 13 12 4 12 13 1 4 12 11 6 4 9 8 1 10  3 3
8 13 1 4 12 2 3 4 6 7 8 4 12 13 6 4 9 12 8 10  3 2
6 11 12 4 12 11 5 4 5 2 3 4 5 11 8 4 9 6 5 10  4 4
6 2 12 4 8 13 1 4 3 7 6 4 6 7 8 4 9 3 8 10  2 2
8 11 1 4 6 13 3 4 8 7 6 4 6 7 5 4 9 8 3 10  2 3
6 7 8 4 6 11 5 4 6 2 12 4 5 13 3 4 9 6 3 10  4 3
5 13 1 4 5 7 6 4 6 7 12 4 3 7 5 4 9 3 1 10  2 3
1 7 6 4 12 13 5 4 8 11 12 4 1 11 8 4 9 1 12 10  4 4
6 13 3 4 3 7 8 4 6 2 12 4 12 11 1 4 9 6 8 10  3 2
12 2 1 4 3 13 8 4 8 11 5 4 12 11 3 4 9 12 8 10  4 3
1 13 8 4 3 11 12 4 1 11 3 4 5 11 1 4 9 5 8 10  4 3
5 13 6 4 1 11 5 4 1 7 3 4 6 11 8 4 9 1 6 10  4 3
1 7 12 4 6 7 1 4 8 7 6 4 8 11 3 4 9 8 1 10  2 2
6 7 1 4 6 13 5 4 5 11 8 4 8 11 12 4 9 6 8 10  3 4
1 2 6 4 6 11 12 4 6 2 3 4 12 11 8 4 9 1 3 10  1 1
12 13 1 4 12 2 5 4 5 11 6 4 12 7 8 4 9 12 6 10  1 4
6 7 5 4 12 13 6 4 6 13 8 4 5 7 1 4 9 12 5 10  3 2
5 7 3 4 12 7 1 4 5 2 8 4 1 7 5 4 9 12 5 10  2 2
8 2 1 4 12 13 5 4 12 11 3 4 8 13 12 4 9 8 5 10  3 3
8 11 6 4 8 2 3 4 6 11 5 4 5 2 12 4 9 8 5 10  4 4
12 11 5 4 5 11 3 4 5 13 1 4 12 2 8 4 9 12 1 10  4 3
8 11 1 4 6 7 3 4 12 13 8 4 6 11 12 4 9 6 8 10  4 3
12 13 6 4 3 7 8 4 3 11 1 4 12 2 3 4 9 12 8 10  1 2
1 13 5 4 1 2 3 4 5 11 8 4 8 13 6 4 9 1 8 10  3 4
3 13 1 4 1 13 5 4 1 11 8 4 1 7 6 4 9 3 6 10  3 2
3 11 6 4 8 11 3 4 3 13 12 4 8 2 1 4 9 8 12 10  4 3
5 2 3 4 5 13 12 4 6 7 5 4 12 13 1 4 9 6 12 10  2 3
8 7 1 4 1 7 12 4 12 2 6 4 8 11 5 4 9 8 12 10  2 2
1 11 12 4 12 11 3 4 8 7 6 4 1 13 8 4 9 1 6 10  3 2
8 7 1 4 3 2 5 4 3 7 8 4 5 11 12 4 9 3 1 10  2 2
6 11 5 4 8 13 6 4 1 7 3 4 6 7 1 4 9 8 1 10  3 2
5 7 6 4 3 7 5 4 12 7 8 4 8 2 3 4 9 12 3 10  2 1
5 2 8 4 8 11 12 4 6 2 5 4 8 7 1 4 9 6 8 10  1 1
5 2 3 4 3 11 8 4 5 13 6 4 6 7 1 4 9 5 1 10  3 2
3 13 5 4 1 7 6 4 5 11 8 4 1 13 3 4 9 1 5 10  3 3
6 2 3 4 8 11 12 4 3 2 8 4 6 7 1 4 9 6 8 10  1 1
1 7 12 4 12 2 6 4 12 7 3 4 3 7 5 4 9 1 3 10  2 2
1 13 6 4 12 7 5 4 6 13 12 4 6 11 8 4 9 1 8 10  3 4
5 11 6 4 6 13 1 4 5 2 8 4 1 13 3 4 9 5 1 10  4 3
8 7 6 4 5 11 3 4 5 13 8 4 12 13 5 4 9 12 8 10  3 3
12 11 6 4 5 2 8 4 6 2 5 4 8 2 3 4 9 12 5 10  4 1
6 11 1 4 1 11 3 4 3 13 8 4 12 13 6 4 9 12 1 10  3 4
5 7 12 4 6 7 1 4 1 7 5 4 12 2 8 4 9 6 5 10  2 2
6 13 8 4 6 2 12 4 8 11 5 4 5 11 1 4 9 6 5 10  3 4
3 11 6 4 6 13 12 4 8 2 1 4 3 7 8 4 9 3 1 10  2 1
1 13 6 4 5 11 3 4 1 11 8 4 8 2 5 4 9 1 5 10  4 1
12 7 3 4 5 7 12 4 8 2 1 4 5 11 8 4 9 5 1 10  4 1
6 7 5 4 5 7 3 4 12 7 6 4 12 2 8 4 9 12 5 10  2 2
1 2 6 4 8 13 3 4 8 2 1 4 6 11 5 4 9 8 6 10  1 1
3 13 5 4 12 7 1 4 12 11 8 4 8 11 3 4 9 12 3 10  4 4
12 7 3 4 5 2 6 4 8 2 5 4 6 7 12 4 9 8 6 10  1 1
6 7 12 4 3 7 5 4 5 7 6 4 8 13 3 4 9 8 5 10  3 2
6 7 5 4 1 7 12 4 6 13 8 4 12 7 6 4 9 1 6 10  2 2
8 11 3 4 5 7 12 4 5 2 1 4 1 11 8 4 9 5 8 10  1 4
12 13 6 4 6 13 3 4 3 11 5 4 6 7 1 4 9 12 1 10  3 2
12 11 5 4 6 11 1 4 5 13 8 4 5 2 6 4 9 12 6 10  4 1
1 13 12 4 12 13 8 4 5 11 1 4 1 2 3 4 9 5 12 10  4 3
8 7 6 4 3 7 8 4 8 2 12 4 3 13 5 4 9 3 12 10  2 1
5 13 12 4 12 11 8 4 6 11 5 4 12 13 3 4 9 6 12 10  4 3
1 13 3 4 6 13 12 4 6 7 5 4 3 13 6 4 9 1 6 10  3 3
8 11 3 4 5 13 6 4 1 11 8 4 8 13 5 4 9 1 5 10  4 3
3 7 8 4 12 2 6 4 12 7 1 4 1 7 3 4 9 12 3 10  2 2
3 11 5 4 5 2 1 4 6 13 12 4 3 13 6 4 9 3 1 10  4 1
5 7 3 4 3 13 8 4 5 2 6 4 5 11 12 4 9 5 8 10  2 3
3 7 8 4 3 2 12 4 6 7 3 4 6 13 5 4 9 6 8 10  2 2
5 7 3 4 3 7 6 4 6 13 1 4 1 7 12 4 9 5 6 10  2 2
12 13 5 4 3 7 6 4 3 13 12 4 1 7 3 4 9 1 12 10  2 3
5 7 12 4 5 11 8 4 8 13 3 4 12 2 6 4 9 5 3 10  4 3
12 2 3 4 3 7 8 4 1 2 12 4 1 11 6 4 9 1 3 10  1 1
12 2 3 4 1 13 6 4 3 7 8 4 12 11 1 4 9 12 6 10  4 3
12 2 8 4 6 2 12 4 12 11 1 4 8 2 5 4 9 6 8 10  1 1
5 2 1 4 8 2 12 4 5 11 3 4 1 2 8 4 9 5 8 10  1 1
3 13 8 4 12 13 1 4 5 11 3 4 1 11 5 4 9 12 5 10  3 4
3 7 5 4 5 13 6 4 3 11 12 4 5 2 8 4 9 3 8 10  2 1
1 13 6 4 1 11 12 4 5 11 1 4 5 7 3 4 9 5 12 10  4 4
5 11 12 4 12 11 8 4 3 11 5 4 5 13 6 4 9 3 12 10  4 4
1 13 3 4 12 2 6 4 12 11 1 4 3 11 8 4 9 12 3 10  4 3
5 2 1 4 5 11 3 4 12 11 5 4 3 13 6 4 9 12 1 10  4 1
1 7 3 4 3 7 8 4 6 2 12 4 1 11 6 4 9 1 12 10  4 1
1 2 5 4 6 2 1 4 6 7 8 4 1 11 3 4 9 6 3 10  1 4
12 11 8 4 6 11 12 4 5 13 3 4 3 13 6 4 9 5 6 10  3 3
3 2 6 4 8 7 12 4 5 2 8 4 8 11 3 4 9 5 3 10  1 4
1 13 3 4 6 7 1 4 8 7 6 4 12 13 8 4 9 12 6 10  3 2
12 11 1 4 8 2 5 4 5 2 3 4 5 11 12 4 9 8 12 10  1 4
8 2 5 4 5 2 6 4 5 11 3 4 1 11 8 4 9 1 5 10  4 1
1 2 5 4 12 2 3 4 3 11 1 4 3 7 8 4 9 12 8 10  1 2
3 7 6 4 3 13 8 4 3 11 12 4 1 13 3 4 9 1 12 10  3 4
3 2 1 4 8 7 3 4 3 7 12 4 12 7 6 4 9 8 12 10  2 2
12 13 1 4 6 11 12 4 5 13 6 4 6 7 3 4 9 5 3 10  3 2
12 11 1 4 12 2 3 4 3 2 8 4 12 7 6 4 9 12 8 10  1 1
5 7 8 4 6 7 3 4 3 2 5 4 8 2 12 4 9 6 5 10  2 1
8 11 1 4 8 7 3 4 1 2 12 4 3 2 6 4 9 8 6 10  2 1
5 7 8 4 5 11 3 4 8 7 12 4 5 13 1 4 9 5 12 10  2 2
6 11 1 4 1 11 5 4 5 11 8 4 6 2 3 4 9 6 5 10  4 4
3 11 8 4 12 2 3 4 6 7 5 4 3 7 6 4 9 12 6 10  1 2
8 2 6 4 1 7 12 4 1 13 3 4 8 13 1 4 9 8 3 10  3 3
6 2 5 4 1 11 6 4 8 2 1 4 12 11 8 4 9 12 1 10  4 1
5 11 8 4 12 2 1 4 8 2 6 4 1 2 5 4 9 12 5 10  1 1
5 2 3 4 12 7 6 4 12 11 5 4 6 7 8 4 9 12 8 10  2 2
12 2 3 4 8 7 1 4 8 11 5 4 12 13 8 4 9 12 5 10  3 4
12 13 1 4 1 13 3 4 1 11 8 4 12 2 5 4 9 12 8 10  3 4
3 13 8 4 5 7 12 4 12 13 1 4 5 11 3 4 9 5 1 10  2 3
5 11 12 4 6 2 1 4 1 2 5 4 6 7 8 4 9 6 5 10  1 1
5 2 12 4 12 7 6 4 12 2 3 4 6 7 8 4 9 5 6 10  1 2
3 2 12 4 12 11 1 4 3 13 6 4 8 11 3 4 9 8 12 10  4 1
12 7 1 4 3 7 5 4 5 13 12 4 3 2 6 4 9 3 12 10  2 3
12 11 3 4 3 2 6 4 1 2 12 4 6 11 5 4 9 1 3 10  1 4
8 13 6 4 12 11 8 4 8 2 1 4 8 11 3 4 9 12 6 10  4 3
1 13 6 4 6 13 3 4 3 7 12 4 6 11 8 4 9 1 8 10  3 4
1 13 12 4 5 7 1 4 8 7 5 4 1 2 3 4 9 8 1 10  2 2
1 11 6 4 8 7 12 4 1 2 5 4 1 13 8 4 9 1 12 10  3 2
12 13 5 4 1 7 8 4 5 13 1 4 12 11 6 4 9 12 1 10  3 3
12 7 1 4 12 13 5 4 6 7 12 4 5 13 3 4 9 6 5 10  2 3
1 13 3 4 12 11 5 4 12 13 1 4 12 7 8 4 9 12 3 10  3 3
5 2 12 4 6 7 5 4 3 2 1 4 3 7 6 4 9 3 5 10  2 2
12 11 5 4 5 13 6 4 8 13 12 4 12 7 3 4 9 8 5 10  3 4
12 13 3 4 12 2 6 4 3 11 1 4 3 13 8 4 9 12 1 10  3 4
1 11 6 4 3 13 1 4 12 11 3 4 12 7 5 4 9 12 1 10  4 3
12 7 6 4 8 2 5 4 8 11 3 4 12 2 8 4 9 12 3 10  1 4
5 7 6 4 6 13 12 4 12 7 1 4 3 13 5 4 9 3 6 10  3 2
5 2 3 4 6 2 5 4 12 11 1 4 6 11 12 4 9 6 3 10  1 1
5 7 8 4 8 13 3 4 1 7 12 4 12 7 5 4 9 1 5 10  2 2
6 11 12 4 3 7 5 4 3 11 6 4 8 13 3 4 9 8 6 10  3 4
12 13 6 4 8 13 3 4 6 7 1 4 6 11 8 4 9 12 8 10  3 4
6 11 12 4 3 2 5 4 3 13 6 4 6 7 1 4 9 3 1 10  3 2
12 11 1 4 12 2 6 4 6 2 3 4 8 2 12 4 9 8 6 10  1 1
12 7 3 4 12 2 8 4 5 7 12 4 1 2 5 4 9 1 12 10  1 2
6 13 3 4 3 7 1 4 1 7 8 4 3 11 5 4 9 6 1 10  3 2
3 11 5 4 8 11 6 4 12 13 8 4 6 11 3 4 9 12 6 10  3 4
1 2 3 4 8 11 12 4 3 11 8 4 3 2 6 4 9 1 8 10  1 4
8 7 1 4 6 13 12 4 5 13 6 4 1 13 5 4 9 8 5 10  2 3
12 11 1 4 1 13 6 4 5 2 3 4 5 11 12 4 9 5 1 10  4 4
8 2 12 4 3 11 6 4 5 11 8 4 8 13 3 4 9 5 3 10  4 3
1 2 3 4 6 2 12 4 5 7 6 4 1 7 5 4 9 1 6 10  2 2
3 13 5 4 1 2 12 4 8 11 1 4 1 13 3 4 9 8 3 10  4 3
5 7 12 4 5 11 8 4 8 11 1 4 12 2 6 4 9 5 6 10  2 1
5 7 3 4 1 11 6 4 8 13 5 4 5 11 1 4 9 8 1 10  3 4
12 2 5 4 8 2 12 4 12 11 6 4 8 7 3 4 9 8 5 10  1 1
8 2 5 4 6 13 3 4 3 13 12 4 8 11 6 4 9 8 3 10  4 3
6 13 1 4 1 11 5 4 8 11 6 4 12 13 8 4 9 12 6 10  3 4
5 11 8 4 5 7 6 4 8 2 3 4 6 7 12 4 9 5 3 10  4 1
8 2 3 4 12 2 1 4 3 7 5 4 5 2 12 4 9 8 5 10  1 2
1 2 12 4 1 13 5 4 6 11 1 4 1 11 8 4 9 6 8 10  4 4
3 2 8 4 5 11 3 4 1 11 12 4 3 13 1 4 9 5 1 10  4 3
3 2 8 4 3 11 6 4 5 11 3 4 3 13 1 4 9 5 8 10  4 1
3 7 1 4 8 7 3 4 3 2 12 4 8 13 5 4 9 8 1 10  2 2
3 13 12 4 8 13 3 4 6 11 8 4 6 2 5 4 9 6 3 10  4 3
6 11 1 4 6 7 5 4 5 7 3 4 12 13 6 4 9 12 5 10  3 2
1 2 5 4 5 2 12 4 5 7 8 4 5 11 3 4 9 1 3 10  1 4
8 7 12 4 1 7 8 4 12 7 6 4 8 13 3 4 9 1 3 10  2 3
6 2 3 4 3 11 1 4 5 11 6 4 5 7 8 4 9 5 3 10  4 1
12 13 8 4 8 7 6 4 5 7 3 4 12 2 5 4 9 12 3 10  1 2
8 2 3 4 1 13 6 4 6 11 12 4 8 11 1 4 9 8 6 10  4 3
1 13 12 4 1 7 6 4 12 11 5 4 12 13 8 4 9 1 5 10  3 4
12 2 1 4 3 11 8 4 3 7 12 4 12 13 5 4 9 3 5 10  2 3
6 7 1 4 1 13 8 4 1 7 12 4 6 2 3 4 9 6 8 10  2 3
3 11 5 4 5 2 6 4 6 11 1 4 3 7 8 4 9 3 6 10  4 1
8 11 12 4 8 13 6 4 3 7 1 4 3 11 8 4 9 3 12 10  4 4
12 11 6 4 5 11 3 4 3 13 8 4 8 13 12 4 9 5 8 10  4 3
1 2 12 4 1 13 5 4 5 11 6 4 6 13 8 4 9 1 6 10  3 4
12 7 8 4 12 11 1 4 12 13 3 4 6 13 12 4 9 6 8 10  3 2
3 7 5 4 8 13 1 4 3 11 12 4 12 11 8 4 9 3 8 10  4 4
3 11 1 4 6 2 3 4 6 7 12 4 8 2 6 4 9 8 3 10  1 1
12 11 6 4 6 11 5 4 5 11 8 4 6 2 1 4 9 12 1 10  4 1
1 13 6 4 1 2 5 4 5 7 12 4 5 11 8 4 9 1 12 10  1 2
3 7 6 4 1 2 3 4 3 11 12 4 3 2 5 4 9 1 5 10  1 1
1 11 6 4 1 7 5 4 8 13 1 4 6 11 3 4 9 8 5 10  3 2
1 11 8 4 3 13 6 4 3 2 12 4 1 7 3 4 9 1 6 10  2 3
5 11 6 4 1 7 8 4 1 11 5 4 5 13 3 4 9 1 6 10  4 4
1 13 6 4 3 7 12 4 6 13 8 4 12 13 1 4 9 3 1 10  2 3
8 13 1 4 3 13 8 4 5 11 3 4 5 2 6 4 9 5 8 10  4 3
8 2 6 4 8 11 1 4 3 7 5 4 3 11 8 4 9 3 6 10  4 1
6 2 5 4 8 11 1 4 3 11 8 4 6 13 3 4 9 6 8 10  3 4
12 11 1 4 1 13 3 4 3 11 5 4 12 2 6 4 9 12 3 10  4 3
12 13 6 4 6 7 5 4 3 7 12 4 3 2 1 4 9 3 6 10  2 3
5 2 3 4 3 7 1 4 6 2 8 4 1 7 6 4 9 5 1 10  1 2
1 13 12 4 3 13 1 4 5 11 3 4 1 11 8 4 9 5 1 10  4 3
6 7 12 4 1 2 8 4 8 2 6 4 1 11 5 4 9 1 6 10  1 1
3 2 5 4 6 11 3 4 3 13 12 4 5 11 8 4 9 6 5 10  4 1
12 11 6 4 12 2 8 4 3 2 12 4 3 7 5 4 9 3 6 10  1 4
1 7 5 4 12 7 1 4 6 13 8 4 5 7 6 4 9 12 5 10  2 2
5 7 6 4 6 13 12 4 1 11 8 4 1 7 5 4 9 1 6 10  2 2
1 13 8 4 8 7 5 4 5 7 12 4 8 11 3 4 9 1 3 10  3 4
5 7 12 4 6 2 5 4 3 2 6 4 3 13 1 4 9 3 5 10  1 1
8 13 1 4 1 11 12 4 5 11 8 4 12 11 3 4 9 5 1 10  4 3
3 13 8 4 6 13 1 4 8 7 6 4 3 2 12 4 9 3 6 10  3 2
1 11 12 4 12 11 5 4 1 2 8 4 12 13 3 4 9 1 3 10  4 3
6 11 1 4 6 13 8 4 8 13 5 4 3 13 6 4 9 3 8 10  3 3
3 11 5 4 3 7 1 4 1 13 6 4 6 7 8 4 9 3 6 10  2 3
8 7 5 4 3 13 12 4 1 7 8 4 8 13 3 4 9 1 3 10  2 3
6 13 3 4 1 7 6 4 1 2 8 4 3 7 5 4 9 1 3 10  2 3
3 13 5 4 3 2 8 4 5 13 1 4 5 7 12 4 9 3 12 10  3 2
6 2 8 4 5 11 3 4 1 13 5 4 1 7 6 4 9 1 3 10  3 4
12 2 1 4 12 7 3 4 8 2 12 4 1 11 6 4 9 8 3 10  1 2
6 2 8 4 8 11 12 4 8 2 1 4 5 2 6 4 9 5 8 10  1 1
6 2 5 4 6 13 3 4 5 2 12 4 12 2 8 4 9 6 12 10  1 1
3 7 1 4 8 13 6 4 3 11 8 4 1 2 5 4 9 3 5 10  2 1
12 7 6 4 5 11 1 4 12 2 5 4 8 2 12 4 9 8 6 10  1 2
8 11 3 4 12 2 8 4 3 11 6 4 8 2 1 4 9 12 3 10  1 4
12 13 6 4 5 13 8 4 5 7 1 4 6 7 5 4 9 12 5 10  3 2
1 13 12 4 8 13 1 4 12 13 5 4 1 7 3 4 9 8 12 10  3 3
12 2 8 4 8 7 3 4 6 11 5 4 8 2 6 4 9 12 6 10  1 1
1 13 8 4 8 11 6 4 1 2 12 4 6 13 3 4 9 1 6 10  3 4
6 2 12 4 12 7 1 4 12 2 3 4 3 11 5 4 9 6 3 10  1 1
8 11 1 4 3 7 5 4 8 2 12 4 3 11 8 4 9 3 12 10  4 1
6 2 12 4 8 2 6 4 6 11 3 4 5 11 8 4 9 5 6 10  4 1
8 7 1 4 6 13 3 4 1 2 5 4 1 7 6 4 9 8 6 10  2 2
1 2 3 4 1 11 6 4 8 11 1 4 8 13 12 4 9 8 3 10  4 1
12 11 8 4 6 7 3 4 6 2 12 4 3 7 5 4 9 6 8 10  1 4
1 13 5 4 5 7 3 4 8 2 12 4 1 11 8 4 9 1 12 10  4 1
6 2 1 4 3 11 6 4 1 2 12 4 6 11 8 4 9 3 8 10  4 4
12 13 5 4 5 7 1 4 8 7 12 4 8 11 6 4 9 8 5 10  2 3
3 2 1 4 8 11 3 4 8 7 12 4 3 11 5 4 9 8 1 10  4 1
6 11 5 4 1 2 8 4 5 11 12 4 6 2 1 4 9 6 12 10  4 4
6 13 1 4 8 2 12 4 1 13 5 4 6 2 8 4 9 6 12 10  1 1
5 2 6 4 12 11 5 4 12 13 8 4 3 11 12 4 9 3 5 10  4 4
8 11 6 4 8 13 1 4 3 11 8 4 8 2 12 4 9 3 12 10  4 1
1 11 5 4 6 7 3 4 6 2 12 4 1 7 6 4 9 1 12 10  2 1
6 11 3 4 12 13 1 4 3 2 8 4 6 13 12 4 9 6 8 10  4 1
6 2 5 4 12 11 6 4 12 7 3 4 3 2 1 4 9 12 5 10  4 1
5 7 12 4 12 2 1 4 6 11 3 4 6 2 5 4 9 6 12 10  1 2
6 7 1 4 5 11 8 4 6 2 3 4 6 13 5 4 9 6 8 10  3 4
6 7 8 4 3 11 1 4 6 13 5 4 6 2 3 4 9 6 1 10  1 4
1 2 12 4 1 11 3 4 8 2 1 4 12 2 6 4 9 8 12 10  1 1
8 13 1 4 6 13 8 4 1 13 3 4 12 7 6 4 9 12 8 10  2 3
1 2 6 4 8 2 1 4 8 13 3 4 1 11 5 4 9 8 5 10  1 4
8 11 1 4 12 2 6 4 12 7 3 4 12 13 8 4 9 12 1 10  3 4
8 11 1 4 3 11 5 4 1 2 3 4 8 13 6 4 9 8 3 10  4 1
3 11 5 4 5 13 1 4 6 11 12 4 5 2 6 4 9 3 6 10  4 1
3 2 12 4 5 7 3 4 8 2 5 4 8 13 6 4 9 8 3 10  1 2
6 11 12 4 5 11 6 4 6 13 3 4 6 2 1 4 9 5 1 10  4 1
8 2 3 4 3 2 5 4 8 11 1 4 1 13 12 4 9 8 12 10  4 3
1 7 5 4 1 2 3 4 5 7 12 4 12 7 6 4 9 1 12 10  2 2
1 2 5 4 8 11 1 4 1 13 12 4 8 7 6 4 9 8 12 10  4 3
3 2 6 4 5 2 3 4 5 13 1 4 3 7 8 4 9 5 8 10  1 2
5 7 1 4 6 2 8 4 1 13 3 4 5 11 6 4 9 5 8 10  4 1
12 13 8 4 6 11 3 4 6 2 1 4 12 11 6 4 9 12 3 10  4 4
12 13 8 4 12 2 3 4 12 11 5 4 3 2 1 4 9 12 1 10  1 1
6 13 1 4 1 7 12 4 6 11 5 4 6 2 3 4 9 6 12 10  3 2
6 7 1 4 12 11 3 4 6 11 12 4 8 2 6 4 9 8 1 10  1 2
3 11 5 4 6 13 3 4 8 2 12 4 6 7 8 4 9 6 5 10  3 4
12 2 5 4 5 7 3 4 5 11 6 4 5 2 8 4 9 12 3 10  1 2
6 2 3 4 6 7 1 4 3 11 12 4 6 13 8 4 9 6 12 10  1 4
8 13 12 4 8 7 3 4 3 2 5 4 3 7 1 4 9 8 5 10  2 1
8 7 5 4 5 7 6 4 1 13 8 4 8 11 3 4 9 1 5 10  3 2
6 11 8 4 8 11 5 4 5 11 3 4 6 7 12 4 9 6 5 10  4 4
5 11 3 4 5 2 6 4 3 13 1 4 5 7 8 4 9 5 1 10  4 3
3 2 5 4 5 11 8 4 3 13 1 4 3 7 6 4 9 3 8 10  1 4
1 2 12 4 5 11 1 4 1 11 3 4 5 13 8 4 9 5 12 10  4 1
3 11 8 4 5 11 3 4 12 7 1 4 12 2 5 4 9 12 3 10  1 4
6 11 1 4 5 2 6 4 6 2 12 4 5 7 3 4 9 5 12 10  1 1
12 7 8 4 12 11 3 4 8 13 6 4 1 13 12 4 9 1 3 10  3 4
6 2 3 4 6 13 12 4 5 13 1 4 12 11 5 4 9 6 5 10  3 4
8 11 12 4 12 2 3 4 6 2 5 4 3 2 6 4 9 8 3 10  4 1
6 13 5 4 1 2 3 4 1 13 6 4 5 13 8 4 9 1 5 10  3 3
12 2 1 4 1 2 8 4 1 11 5 4 5 11 6 4 9 12 5 10  1 4
8 2 6 4 8 7 12 4 5 2 8 4 8 11 3 4 9 5 3 10  1 4
8 7 1 4 5 13 8 4 5 11 12 4 12 11 3 4 9 5 1 10  3 2
12 2 5 4 5 11 3 4 12 7 6 4 5 2 1 4 9 12 3 10  1 4
8 13 12 4 12 7 3 4 12 13 5 4 5 11 6 4 9 8 5 10  3 3
12 13 5 4 8 13 12 4 1 11 8 4 1 2 3 4 9 1 12 10  4 3
5 2 12 4 5 11 6 4 8 11 5 4 8 13 1 4 9 8 6 10  4 4
12 7 1 4 1 7 8 4 8 13 3 4 12 2 6 4 9 12 8 10  2 2
1 7 8 4 6 7 12 4 5 13 1 4 6 13 5 4 9 6 1 10  3 3
6 7 1 4 1 7 3 4 5 13 6 4 3 7 12 4 9 5 1 10  3 2
6 7 1 4 3 11 12 4 6 13 3 4 1 2 5 4 9 6 5 10  2 1
8 7 3 4 8 13 12 4 6 7 8 4 6 11 5 4 9 6 12 10  2 3
8 7 6 4 5 11 12 4 6 2 3 4 5 7 8 4 9 5 6 10  2 2
8 11 12 4 12 11 6 4 1 13 5 4 1 11 8 4 9 1 12 10  4 4
6 2 8 4 1 7 12 4 8 2 3 4 1 11 6 4 9 1 8 10  4 1
5 7 12 4 5 11 6 4 12 13 1 4 1 13 8 4 9 5 1 10  2 3
5 2 1 4 6 7 8 4 12 11 5 4 1 2 6 4 9 12 1 10  4 1
6 11 12 4 6 7 8 4 8 7 1 4 6 13 5 4 9 6 1 10  2 2
1 2 6 4 1 11 12 4 1 13 3 4 3 7 8 4 9 1 8 10  3 2
1 13 5 4 12 7 8 4 5 7 12 4 12 13 3 4 9 1 12 10  3 2
1 7 6 4 12 11 5 4 1 11 8 4 8 2 12 4 9 1 12 10  4 1
6 11 5 4 1 2 6 4 1 13 3 4 12 11 1 4 9 12 6 10  4 1
6 2 1 4 6 13 8 4 8 11 5 4 5 13 12 4 9 6 5 10  3 4
1 13 6 4 1 7 12 4 12 7 5 4 3 7 1 4 9 3 12 10  2 2
6 13 12 4 8 7 3 4 1 7 8 4 6 2 1 4 9 6 8 10  1 2
12 11 1 4 12 7 5 4 1 2 3 4 1 13 6 4 9 12 3 10  4 1
6 13 12 4 3 7 8 4 5 13 6 4 6 7 3 4 9 5 3 10  3 2
8 13 3 4 5 7 8 4 6 2 12 4 8 7 6 4 9 5 6 10  2 2
5 13 8 4 5 7 6 4 5 11 12 4 12 2 1 4 9 5 1 10  4 1
8 2 12 4 12 7 5 4 12 11 1 4 12 2 3 4 9 8 1 10  1 4
1 11 3 4 8 7 6 4 1 7 8 4 6 13 12 4 9 1 6 10  2 2
6 13 12 4 5 11 8 4 5 13 6 4 5 7 3 4 9 5 12 10  3 3
3 7 8 4 3 13 6 4 3 2 12 4 8 7 1 4 9 3 1 10  2 2
5 11 6 4 6 13 3 4 5 2 1 4 6 11 12 4 9 5 12 10  4 4
1 7 3 4 3 7 6 4 6 2 5 4 1 11 12 4 9 1 6 10  2 2
5 7 6 4 1 11 3 4 5 11 12 4 12 13 1 4 9 5 1 10  4 3
5 2 12 4 3 11 5 4 3 7 8 4 8 7 6 4 9 3 6 10  2 2
12 2 6 4 5 7 12 4 12 7 1 4 8 2 5 4 9 8 12 10  1 2
3 7 8 4 6 13 3 4 3 13 12 4 8 7 5 4 9 6 8 10  3 2
8 2 12 4 12 7 1 4 12 2 5 4 5 2 6 4 9 8 5 10  1 1
6 7 3 4 6 2 12 4 5 7 8 4 3 13 5 4 9 6 5 10  2 3
12 11 6 4 8 13 12 4 12 7 1 4 12 13 5 4 9 8 6 10  3 4
8 2 12 4 8 11 5 4 3 2 8 4 6 2 3 4 9 6 8 10  1 1
12 7 6 4 6 2 8 4 6 13 1 4 5 7 12 4 9 5 6 10  2 2
3 2 5 4 3 7 12 4 1 2 6 4 5 11 1 4 9 3 1 10  1 4
1 7 5 4 1 11 6 4 8 13 1 4 6 13 3 4 9 8 6 10  3 4
3 13 5 4 6 13 8 4 8 11 3 4 5 11 12 4 9 6 3 10  3 4
1 11 8 4 5 11 1 4 5 2 12 4 3 11 5 4 9 3 1 10  4 4
12 7 5 4 8 13 6 4 3 7 8 4 6 7 12 4 9 3 6 10  2 3
8 13 3 4 6 7 8 4 3 13 1 4 1 11 12 4 9 6 3 10  2 3
1 2 6 4 6 7 12 4 12 2 5 4 1 13 8 4 9 1 12 10  1 2
5 7 8 4 1 7 5 4 1 11 3 4 12 13 1 4 9 12 3 10  3 4
8 7 3 4 5 7 8 4 8 2 1 4 3 7 12 4 9 5 3 10  2 2
3 2 12 4 6 2 3 4 3 7 8 4 8 7 5 4 9 6 8 10  1 2
5 13 8 4 12 11 6 4 5 7 3 4 12 13 5 4 9 12 3 10  3 2
5 11 6 4 3 11 12 4 6 13 3 4 6 2 8 4 9 5 3 10  4 3
8 13 1 4 3 13 12 4 6 13 3 4 12 11 8 4 9 6 12 10  3 3
8 13 12 4 8 2 5 4 5 2 6 4 12 7 1 4 9 8 1 10  3 2
5 2 3 4 12 13 8 4 12 11 1 4 5 13 12 4 9 5 1 10  3 4
6 2 3 4 5 2 6 4 12 2 1 4 3 2 12 4 9 5 3 10  1 1
8 2 3 4 6 11 12 4 3 11 1 4 8 13 6 4 9 8 1 10  1 4
3 11 8 4 8 11 5 4 5 11 6 4 5 2 12 4 9 3 5 10  4 4
8 13 3 4 8 2 5 4 5 11 6 4 6 11 12 4 9 8 6 10  1 4
8 11 1 4 6 7 12 4 1 13 3 4 8 2 6 4 9 8 12 10  1 2
1 7 8 4 3 11 6 4 1 11 3 4 8 2 5 4 9 1 5 10  2 1
1 11 8 4 5 13 12 4 8 13 6 4 12 13 1 4 9 5 1 10  3 3
8 7 12 4 1 13 8 4 6 7 5 4 5 13 1 4 9 6 1 10  2 3
6 7 5 4 6 11 1 4 5 13 3 4 3 13 8 4 9 6 3 10  2 3
6 2 5 4 8 11 1 4 3 2 8 4 1 11 6 4 9 3 1 10  1 4
8 11 5 4 6 11 3 4 5 2 6 4 3 2 1 4 9 8 6 10  4 1
5 2 1 4 5 13 8 4 1 11 12 4 1 2 3 4 9 5 12 10  1 4
12 13 8 4 1 13 5 4 1 7 3 4 8 13 1 4 9 12 1 10  3 3
12 11 5 4 12 13 3 4 3 13 6 4 8 11 12 4 9 8 3 10  4 3
12 7 6 4 8 11 3 4 8 13 1 4 8 2 12 4 9 8 6 10  1 2
5 2 8 4 3 7 12 4 8 7 3 4 6 7 5 4 9 6 8 10  2 1
1 11 3 4 5 11 6 4 6 13 8 4 6 11 1 4 9 5 1 10  4 4
12 2 6 4 1 13 3 4 1 7 12 4 6 7 8 4 9 1 6 10  2 1
12 13 8 4 5 2 6 4 8 13 3 4 12 7 5 4 9 12 3 10  3 3
3 7 12 4 8 7 5 4 8 2 6 4 12 7 8 4 9 3 8 10  2 2
12 11 1 4 3 11 12 4 3 13 8 4 3 2 6 4 9 3 1 10  4 4
12 13 1 4 5 11 12 4 12 2 6 4 6 11 8 4 9 5 1 10  4 3
3 7 12 4 6 2 3 4 8 13 5 4 8 7 6 4 9 8 3 10  2 1
5 2 12 4 5 11 3 4 3 11 6 4 8 11 5 4 9 8 3 10  4 4
5 13 12 4 5 7 6 4 8 7 5 4 5 2 3 4 9 8 3 10  2 1
8 7 6 4 5 2 1 4 5 13 8 4 5 11 12 4 9 5 6 10  3 2
12 13 3 4 3 13 8 4 3 11 5 4 3 7 1 4 9 12 5 10  3 4
6 7 1 4 12 2 6 4 3 2 5 4 1 2 3 4 9 12 1 10  1 2
8 2 5 4 6 7 1 4 8 7 6 4 1 2 12 4 9 8 1 10  2 2
12 13 5 4 6 11 12 4 6 2 3 4 5 11 1 4 9 6 5 10  4 3
5 7 12 4 6 7 5 4 12 13 3 4 5 2 1 4 9 6 12 10  2 2
1 13 12 4 3 13 1 4 5 13 3 4 5 2 8 4 9 5 1 10  3 3
12 11 5 4 5 11 1 4 5 13 6 4 1 11 3 4 9 12 6 10  4 3
8 2 6 4 3 2 1 4 1 7 5 4 1 2 8 4 9 3 8 10  1 1
12 7 8 4 8 7 1 4 12 13 3 4 6 7 12 4 9 6 3 10  2 3
8 7 1 4 8 2 6 4 3 7 5 4 5 7 8 4 9 3 8 10  2 2
1 2 8 4 1 11 3 4 6 2 1 4 6 13 12 4 9 6 3 10  1 4
8 11 1 4 5 7 3 4 5 13 8 4 5 2 12 4 9 5 1 10  3 4
12 2 5 4 6 2 12 4 6 13 3 4 3 13 1 4 9 6 5 10  1 1
5 11 6 4 12 2 5 4 8 2 12 4 8 13 3 4 9 8 5 10  1 1
3 2 5 4 5 2 1 4 6 11 3 4 12 11 6 4 9 12 3 10  4 4
12 13 6 4 8 7 12 4 6 13 5 4 5 13 1 4 9 8 6 10  2 3
12 13 8 4 8 11 3 4 12 2 6 4 12 7 1 4 9 12 3 10  3 4
5 2 1 4 8 2 5 4 1 2 6 4 5 11 3 4 9 8 1 10  1 1
1 7 12 4 5 2 3 4 3 7 1 4 1 2 8 4 9 5 1 10  1 2
1 13 5 4 12 11 8 4 1 2 12 4 8 11 6 4 9 1 8 10  1 4
6 7 3 4 8 2 5 4 12 7 8 4 8 7 6 4 9 12 6 10  2 2
12 11 3 4 1 7 6 4 6 2 5 4 1 13 12 4 9 1 5 10  2 1
3 2 5 4 3 13 1 4 5 2 6 4 5 11 12 4 9 3 6 10  1 1
1 2 3 4 3 7 8 4 3 11 5 4 8 7 12 4 9 1 5 10  1 4
1 7 3 4 8 2 5 4 5 11 12 4 1 11 8 4 9 1 5 10  4 1
5 13 8 4 8 13 1 4 5 2 12 4 1 11 6 4 9 5 1 10  3 3
8 13 3 4 3 11 6 4 8 2 5 4 3 13 12 4 9 8 12 10  3 3
5 11 8 4 5 13 12 4 8 11 1 4 5 7 3 4 9 5 1 10  4 4
12 7 3 4 3 13 5 4 12 11 1 4 1 13 8 4 9 12 8 10  4 3
6 2 3 4 3 11 5 4 6 7 1 4 5 2 12 4 9 6 5 10  1 4
8 11 1 4 1 2 6 4 1 13 3 4 1 11 5 4 9 8 3 10  4 3
5 2 8 4 8 2 12 4 8 7 1 4 12 2 6 4 9 5 12 10  1 1
8 13 6 4 5 11 8 4 12 13 5 4 6 13 3 4 9 12 8 10  3 4
12 2 3 4 1 2 12 4 12 7 6 4 5 2 1 4 9 5 12 10  1 1
6 2 12 4 12 11 3 4 12 2 5 4 5 7 1 4 9 6 3 10  1 4
8 7 12 4 1 13 3 4 8 13 1 4 6 13 8 4 9 6 12 10  3 2
3 7 5 4 3 13 1 4 1 11 6 4 3 2 12 4 9 3 6 10  3 4
8 7 3 4 6 7 5 4 3 13 6 4 1 7 8 4 9 1 3 10  2 2
1 2 6 4 6 7 5 4 6 2 8 4 5 7 3 4 9 1 8 10  1 1
6 7 8 4 12 7 3 4 8 13 12 4 8 2 1 4 9 6 1 10  2 1
8 13 12 4 1 13 3 4 12 11 5 4 12 7 1 4 9 8 1 10  3 2
12 11 8 4 6 7 3 4 12 7 6 4 6 13 1 4 9 12 3 10  2 2
5 7 3 4 8 11 12 4 5 2 6 4 5 11 8 4 9 5 12 10  4 4
6 11 3 4 8 13 6 4 1 11 8 4 8 2 12 4 9 1 12 10  4 1
12 7 1 4 12 11 8 4 3 2 12 4 5 2 3 4 9 5 12 10  1 1
3 11 8 4 5 2 3 4 12 2 1 4 3 7 12 4 9 5 12 10  1 2
8 7 3 4 6 11 1 4 1 13 5 4 8 13 6 4 9 8 1 10  3 4
3 13 12 4 8 2 5 4 8 11 3 4 3 11 1 4 9 8 12 10  4 3
6 13 3 4 6 11 5 4 3 13 8 4 5 2 12 4 9 6 8 10  3 3
12 13 5 4 3 11 6 4 1 13 12 4 6 11 1 4 9 3 1 10  4 4
8 7 6 4 12 13 3 4 6 2 1 4 12 2 8 4 9 12 6 10  1 2
12 11 1 4 5 2 6 4 6 11 3 4 12 2 5 4 9 12 6 10  1 1
12 13 5 4 12 7 8 4 3 13 6 4 5 11 3 4 9 12 3 10  3 4
1 2 3 4 3 2 12 4 3 7 8 4 6 2 1 4 9 6 3 10  1 1
1 13 3 4 12 13 8 4 3 11 5 4 3 13 12 4 9 1 12 10  3 3
5 11 1 4 3 2 8 4 6 2 5 4 8 11 6 4 9 3 6 10  1 4
3 2 8 4 8 2 5 4 1 2 3 4 3 7 12 4 9 1 12 10  1 2
1 11 3 4 3 13 12 4 12 11 8 4 12 13 5 4 9 1 12 10  4 3
8 11 6 4 6 13 12 4 12 13 5 4 6 11 1 4 9 8 12 10  4 3
5 13 6 4 1 11 8 4 5 2 1 4 12 11 5 4 9 12 1 10  4 1
6 13 5 4 5 11 1 4 3 11 8 4 1 11 3 4 9 6 1 10  3 4
3 7 5 4 3 2 8 4 5 7 1 4 6 7 3 4 9 6 5 10  2 2
5 7 3 4 5 13 1 4 1 13 12 4 6 13 5 4 9 6 3 10  3 2
6 2 3 4 12 7 5 4 8 2 12 4 5 7 6 4 9 8 5 10  1 2
8 11 6 4 5 11 12 4 6 2 5 4 12 2 1 4 9 8 5 10  4 1
12 13 3 4 12 2 5 4 5 11 1 4 1 2 6 4 9 12 1 10  1 4
3 2 6 4 5 13 12 4 3 11 5 4 5 11 1 4 9 3 1 10  4 4
5 7 6 4 1 2 5 4 5 11 3 4 3 11 12 4 9 1 6 10  1 2
3 11 5 4 12 2 3 4 12 13 6 4 5 2 8 4 9 12 5 10  1 4
8 7 5 4 3 2 1 4 1 11 6 4 1 2 8 4 9 3 8 10  1 1
6 11 12 4 6 7 8 4 8 2 3 4 5 2 6 4 9 5 8 10  1 2
12 11 1 4 12 13 6 4 1 11 3 4 5 13 12 4 9 5 6 10  3 3
3 2 8 4 8 2 1 4 3 11 12 4 8 7 5 4 9 3 1 10  1 1
8 11 6 4 1 13 8 4 1 2 12 4 6 11 3 4 9 1 6 10  3 4
5 11 3 4 1 13 8 4 6 13 5 4 5 13 1 4 9 6 1 10  3 3
1 2 3 4 8 7 12 4 8 2 1 4 3 11 5 4 9 8 3 10  1 1
1 7 12 4 6 7 3 4 6 2 8 4 3 13 1 4 9 6 1 10  2 3
5 13 6 4 6 11 12 4 8 13 1 4 6 13 8 4 9 5 8 10  3 3
12 11 3 4 3 2 5 4 5 2 6 4 12 7 8 4 9 12 5 10  4 1
1 11 3 4 1 2 8 4 3 11 6 4 6 11 12 4 9 1 6 10  4 4
3 7 8 4 3 11 12 4 6 13 3 4 6 2 5 4 9 6 12 10  3 4
3 13 12 4 6 11 5 4 5 11 3 4 12 11 8 4 9 6 3 10  4 4
5 13 12 4 1 2 3 4 1 13 5 4 5 11 6 4 9 1 6 10  3 4
5 11 12 4 12 2 6 4 12 13 1 4 12 11 8 4 9 5 8 10  4 4
1 7 3 4 3 7 5 4 12 13 1 4 12 2 6 4 9 12 3 10  3 2
6 13 12 4 3 7 6 4 3 2 5 4 5 11 8 4 9 3 12 10  2 3
1 2 6 4 1 7 5 4 5 13 8 4 5 7 3 4 9 1 3 10  2 2
12 11 3 4 8 11 12 4 3 13 1 4 1 11 5 4 9 8 3 10  4 4
1 2 12 4 12 7 8 4 5 7 1 4 12 2 3 4 9 5 12 10  2 1
1 11 6 4 8 2 1 4 5 7 12 4 1 7 5 4 9 8 5 10  1 2
6 13 8 4 8 7 12 4 3 7 6 4 3 2 1 4 9 3 8 10  2 3
5 13 6 4 1 11 5 4 6 11 3 4 3 11 12 4 9 1 6 10  4 3
8 2 6 4 6 7 1 4 3 11 5 4 8 13 3 4 9 8 1 10  1 2
6 2 12 4 6 13 1 4 6 7 8 4 3 7 6 4 9 3 12 10  2 1
1 2 6 4 5 11 3 4 1 13 12 4 6 2 5 4 9 1 5 10  1 1
8 11 1 4 5 2 3 4 5 11 6 4 3 2 8 4 9 5 8 10  1 1
12 7 5 4 1 11 8 4 3 13 1 4 1 13 12 4 9 3 12 10  3 3
12 11 8 4 6 7 3 4 12 2 1 4 1 2 6 4 9 12 6 10  1 1
3 13 5 4 1 13 8 4 8 11 3 4 12 13 1 4 9 12 8 10  3 3
1 11 8 4 5 13 1 4 1 7 3 4 1 13 12 4 9 5 12 10  3 3
8 11 5 4 6 2 3 4 6 13 12 4 12 13 8 4 9 6 8 10  3 3
12 13 6 4 6 7 5 4 3 2 8 4 3 13 12 4 9 3 6 10  3 3
1 2 3 4 3 7 8 4 8 7 6 4 3 2 12 4 9 1 8 10  1 2
3 7 5 4 8 7 12 4 8 2 1 4 12 13 3 4 9 8 3 10  2 3
6 2 1 4 1 11 5 4 1 2 12 4 12 2 8 4 9 6 5 10  1 4
1 13 5 4 3 11 1 4 8 7 6 4 8 13 3 4 9 8 1 10  3 4
12 2 6 4 12 13 8 4 12 11 1 4 8 13 5 4 9 12 5 10  3 3
8 7 1 4 12 11 3 4 6 2 8 4 8 2 12 4 9 6 12 10  1 1
1 2 8 4 8 2 3 4 8 11 6 4 6 11 5 4 9 1 3 10  1 1
1 11 6 4 3 2 12 4 1 7 3 4 12 2 5 4 9 1 12 10  2 1
6 2 3 4 3 7 12 4 8 7 6 4 3 2 1 4 9 8 3 10  2 1
12 2 6 4 5 2 12 4 12 11 1 4 1 11 8 4 9 5 1 10  1 4
1 13 5 4 3 13 12 4 12 11 8 4 8 13 1 4 9 3 8 10  3 4
8 13 5 4 8 11 12 4 8 7 6 4 12 11 3 4 9 8 3 10  4 4
3 11 12 4 3 2 5 4 12 13 1 4 8 11 3 4 9 8 12 10  4 4
6 11 5 4 5 2 8 4 8 11 1 4 6 7 12 4 9 6 8 10  4 1
3 7 5 4 8 13 12 4 12 11 1 4 12 13 3 4 9 8 3 10  3 3
5 7 12 4 12 13 6 4 12 7 8 4 3 13 5 4 9 3 12 10  3 2
1 11 8 4 8 2 3 4 5 2 6 4 5 11 1 4 9 5 8 10  4 4
12 2 1 4 8 7 5 4 12 11 3 4 1 7 8 4 9 12 8 10  1 2
5 11 1 4 12 7 6 4 12 11 5 4 5 2 3 4 9 12 3 10  4 1
8 11 12 4 12 13 5 4 12 11 3 4 12 2 1 4 9 8 3 10  4 4
12 11 3 4 3 11 8 4 12 7 1 4 3 2 5 4 9 12 8 10  4 4
8 11 3 4 1 13 12 4 6 13 8 4 8 7 1 4 9 6 1 10  3 2
5 2 8 4 8 2 12 4 5 7 1 4 12 11 3 4 9 5 12 10  1 1
12 2 6 4 12 13 1 4 1 7 8 4 8 13 3 4 9 12 8 10  3 2
5 11 12 4 8 2 5 4 1 2 8 4 8 7 3 4 9 1 3 10  1 2
6 7 1 4 6 2 3 4 12 11 8 4 6 13 12 4 9 6 8 10  3 4
12 2 8 4 8 2 5 4 1 11 6 4 12 13 1 4 9 12 6 10  3 4
6 7 3 4 1 13 6 4 8 11 12 4 1 2 8 4 9 1 3 10  3 2
3 11 6 4 1 7 5 4 1 2 3 4 5 13 8 4 9 1 8 10  2 3
5 11 8 4 3 11 5 4 8 13 12 4 5 2 6 4 9 3 8 10  4 4
1 11 3 4 8 13 12 4 3 11 8 4 6 13 1 4 9 6 3 10  3 4
6 7 8 4 6 11 1 4 12 2 6 4 6 2 5 4 9 12 1 10  1 4
8 7 1 4 5 13 8 4 6 13 5 4 8 11 3 4 9 6 8 10  3 3
6 7 12 4 3 13 1 4 12 13 5 4 5 7 3 4 9 6 5 10  2 3
5 11 1 4 5 13 12 4 5 7 3 4 3 7 6 4 9 5 6 10  2 2
12 2 6 4 5 13 3 4 5 7 8 4 8 2 12 4 9 5 12 10  2 1
6 2 1 4 6 7 3 4 5 13 12 4 5 7 6 4 9 5 1 10  2 1
6 2 1 4 5 7 8 4 12 7 5 4 6 13 12 4 9 6 5 10  3 2
3 13 1 4 5 13 3 4 5 7 6 4 6 2 12 4 9 5 12 10  2 1
1 7 5 4 5 2 12 4 5 13 6 4 6 13 8 4 9 1 6 10  2 3
5 13 12 4 3 7 5 4 3 11 8 4 5 7 1 4 9 3 1 10  2 2
5 13 3 4 6 11 8 4 8 2 1 4 5 2 6 4 9 5 8 10  1 4
5 11 1 4 6 2 5 4 5 7 3 4 5 2 12 4 9 6 1 10  1 4
6 11 3 4 3 11 5 4 8 13 1 4 3 13 8 4 9 6 8 10  4 3
6 7 8 4 3 13 5 4 3 7 12 4 12 7 6 4 9 3 6 10  2 2
5 11 6 4 3 13 8 4 6 11 12 4 6 13 3 4 9 5 3 10  4 3
1 13 12 4 3 7 8 4 3 11 6 4 12 13 3 4 9 1 3 10  3 3
1 11 8 4 6 7 3 4 12 13 6 4 6 11 1 4 9 12 3 10  3 2
3 2 5 4 1 2 8 4 5 7 1 4 5 11 6 4 9 3 6 10  1 4
3 13 8 4 8 11 6 4 8 7 12 4 6 11 5 4 9 3 6 10  3 4
5 7 1 4 6 2 8 4 6 11 3 4 5 2 6 4 9 5 3 10  1 4
5 13 1 4 8 2 3 4 12 11 5 4 3 11 12 4 9 8 12 10  1 4
3 2 5 4 6 2 3 4 6 11 8 4 1 2 6 4 9 1 8 10  1 4
12 7 6 4 6 13 3 4 12 11 5 4 3 7 8 4 9 12 3 10  2 3
12 2 5 4 12 11 1 4 1 13 6 4 6 13 3 4 9 12 6 10  4 3
5 2 12 4 3 2 5 4 8 13 1 4 8 2 3 4 9 8 5 10  1 1
5 13 6 4 5 7 8 4 6 11 12 4 12 11 1 4 9 5 12 10  3 4
3 7 6 4 3 13 8 4 6 7 5 4 8 11 1 4 9 3 1 10  3 4
1 7 6 4 6 7 5 4 6 13 8 4 8 13 12 4 9 1 5 10  2 2
1 11 8 4 1 13 12 4 3 11 1 4 8 11 5 4 9 3 12 10  4 3
1 13 12 4 8 7 3 4 8 13 1 4 3 7 6 4 9 8 6 10  2 2
12 13 6 4 1 2 8 4 3 2 1 4 12 7 3 4 9 12 1 10  2 1
5 2 1 4 6 13 8 4 3 11 5 4 8 11 3 4 9 6 3 10  3 4
12 11 8 4 3 7 6 4 12 13 1 4 1 7 3 4 9 12 3 10  3 2
5 2 1 4 3 2 6 4 6 11 5 4 6 7 12 4 9 3 5 10  1 4
3 13 5 4 6 11 1 4 8 11 6 4 3 11 8 4 9 3 6 10  4 4
3 7 8 4 5 2 3 4 3 11 1 4 3 2 12 4 9 5 8 10  1 2
6 11 5 4 6 2 12 4 12 2 1 4 12 7 3 4 9 6 1 10  1 1
6 2 1 4 6 7 3 4 12 11 8 4 12 2 6 4 9 12 1 10  1 1
6 13 1 4 5 11 3 4 1 13 12 4 6 11 5 4 9 6 3 10  4 4
3 7 8 4 12 2 5 4 6 13 3 4 6 11 12 4 9 6 5 10  4 1
