1 2 3 4 3 5 6 4 6 2 7 4 1 8 9 4 10 1 6 11  1 2
12 8 1 4 3 8 12 4 3 13 6 4 9 8 3 4 10 9 6 11  4 3
6 5 3 4 12 2 9 4 6 8 7 4 3 5 12 4 10 6 12 11  2 2
3 5 12 4 12 5 1 4 7 2 9 4 9 5 3 4 10 7 3 11  1 2
12 8 7 4 12 2 9 4 3 2 12 4 9 5 1 4 10 3 9 11  1 1
3 13 1 4 7 2 6 4 7 8 3 4 1 13 9 4 10 7 1 11  4 3
9 13 6 4 9 2 1 4 6 13 12 4 6 8 3 4 10 9 3 11  3 4
3 5 9 4 3 8 6 4 1 13 3 4 9 13 7 4 10 1 9 11  3 2
3 8 12 4 3 13 1 4 12 2 6 4 6 2 9 4 10 3 6 11  4 1
12 5 3 4 7 2 1 4 7 13 12 4 1 2 6 4 10 7 3 11  3 2
1 2 3 4 9 5 1 4 1 13 12 4 12 5 6 4 10 9 12 11  2 3
6 2 12 4 1 5 6 4 1 8 9 4 7 2 1 4 10 7 6 11  1 2
3 13 12 4 1 2 6 4 6 5 9 4 3 5 1 4 10 3 6 11  2 1
1 13 7 4 7 13 12 4 1 5 9 4 1 8 6 4 10 1 12 11  3 3
1 5 7 4 6 8 3 4 1 13 6 4 7 2 12 4 10 1 12 11  2 1
12 5 3 4 9 13 6 4 9 2 12 4 6 8 7 4 10 9 7 11  3 4
1 8 7 4 7 8 12 4 9 2 6 4 7 2 9 4 10 1 9 11  4 1
1 2 9 4 9 5 6 4 1 13 3 4 7 5 1 4 10 7 9 11  2 1
6 2 12 4 1 8 6 4 6 8 9 4 12 2 7 4 10 1 12 11  4 1
12 5 3 4 12 8 1 4 3 13 9 4 1 2 6 4 10 12 6 11  4 1
6 5 9 4 7 8 12 4 7 5 6 4 7 2 1 4 10 7 9 11  2 2
3 8 1 4 1 8 9 4 6 2 3 4 6 13 7 4 10 6 1 11  1 4
1 2 12 4 12 2 3 4 12 5 6 4 12 8 7 4 10 1 6 11  1 2
1 5 12 4 9 8 3 4 9 2 1 4 1 2 7 4 10 9 12 11  1 2
9 5 12 4 6 2 1 4 3 2 9 4 1 5 3 4 10 6 3 11  1 2
7 2 1 4 6 5 3 4 1 2 12 4 3 2 7 4 10 6 7 11  2 1
3 5 12 4 7 13 1 4 3 2 9 4 7 5 3 4 10 7 9 11  2 1
6 2 1 4 6 13 3 4 9 5 12 4 3 5 9 4 10 6 9 11  3 2
9 2 6 4 1 13 12 4 1 5 7 4 9 5 1 4 10 9 7 11  2 2
6 5 12 4 3 13 6 4 6 13 1 4 3 8 7 4 10 3 12 11  3 2
1 13 12 4 9 5 3 4 3 2 7 4 9 8 1 4 10 9 7 11  2 1
1 13 9 4 12 5 1 4 9 13 6 4 1 5 3 4 10 12 9 11  2 3
3 13 7 4 7 8 1 4 7 5 12 4 3 2 6 4 10 3 12 11  3 2
7 8 3 4 6 2 12 4 6 13 7 4 12 5 9 4 10 6 3 11  3 4
7 8 6 4 6 8 9 4 6 13 3 4 9 2 1 4 10 7 9 11  4 4
3 2 6 4 3 13 9 4 9 8 12 4 3 5 1 4 10 3 12 11  3 4
3 8 6 4 3 2 1 4 6 8 12 4 6 13 7 4 10 3 7 11  4 3
12 5 9 4 9 5 1 4 9 13 3 4 3 13 7 4 10 12 1 11  2 2
12 5 6 4 3 2 7 4 1 5 12 4 7 2 1 4 10 3 1 11  1 1
9 8 1 4 3 8 12 4 12 13 9 4 3 5 6 4 10 3 9 11  4 3
6 2 3 4 9 5 6 4 9 8 12 4 9 13 1 4 10 9 3 11  2 1
3 8 12 4 7 2 1 4 12 8 7 4 3 5 6 4 10 3 7 11  4 4
12 13 9 4 12 8 7 4 6 13 12 4 9 13 1 4 10 6 7 11  3 4
6 8 9 4 6 13 12 4 9 2 7 4 6 5 1 4 10 6 7 11  4 1
12 13 1 4 9 2 3 4 7 5 9 4 7 8 12 4 10 7 1 11  4 3
1 8 7 4 9 13 6 4 1 13 9 4 3 13 1 4 10 3 9 11  3 3
1 13 12 4 12 8 9 4 12 5 7 4 7 5 3 4 10 1 7 11  3 2
7 8 1 4 7 13 6 4 7 5 12 4 1 2 3 4 10 7 3 11  4 1
7 13 3 4 6 13 7 4 7 5 12 4 7 8 1 4 10 6 1 11  3 4
7 5 1 4 9 5 7 4 1 2 6 4 9 2 12 4 10 9 1 11  2 2
9 13 1 4 7 2 6 4 7 13 3 4 3 5 9 4 10 7 9 11  3 2
1 8 9 4 6 2 1 4 12 2 6 4 1 5 3 4 10 12 1 11  1 1
1 2 9 4 9 8 3 4 9 2 6 4 12 8 1 4 10 12 9 11  4 1
3 13 6 4 9 2 12 4 3 5 9 4 9 5 1 4 10 3 12 11  2 1
7 2 3 4 12 5 6 4 1 2 7 4 7 5 12 4 10 1 12 11  1 2
6 2 9 4 1 5 3 4 1 8 6 4 6 8 7 4 10 1 9 11  4 1
6 13 3 4 1 13 6 4 3 8 7 4 1 8 12 4 10 1 3 11  3 3
7 13 3 4 12 8 9 4 7 2 12 4 1 8 7 4 10 1 3 11  4 3
6 8 12 4 12 2 7 4 12 13 3 4 3 13 9 4 10 6 3 11  4 3
9 13 6 4 12 2 3 4 12 5 1 4 1 13 9 4 10 12 9 11  2 3
12 13 3 4 6 8 12 4 12 8 9 4 6 2 1 4 10 6 3 11  4 3
7 2 3 4 9 13 12 4 9 8 7 4 3 8 6 4 10 9 3 11  4 1
1 2 12 4 7 2 6 4 9 5 7 4 12 5 9 4 10 1 9 11  1 2
12 2 6 4 6 8 9 4 12 5 1 4 7 2 12 4 10 7 6 11  1 1
12 5 3 4 12 2 1 4 12 13 9 4 7 5 12 4 10 7 3 11  2 2
1 8 7 4 12 13 3 4 9 2 1 4 12 8 9 4 10 12 1 11  4 1
9 8 12 4 6 8 9 4 7 13 1 4 1 13 6 4 10 7 6 11  3 3
7 2 3 4 12 8 9 4 1 2 12 4 9 2 7 4 10 1 9 11  1 4
3 8 9 4 1 8 3 4 1 2 12 4 3 13 6 4 10 1 9 11  4 4
6 2 7 4 1 5 12 4 6 8 9 4 7 5 1 4 10 6 1 11  1 2
12 2 3 4 6 8 12 4 1 13 9 4 6 13 1 4 10 6 3 11  4 1
9 13 7 4 1 5 9 4 3 5 1 4 1 2 12 4 10 3 9 11  2 2
7 8 3 4 12 8 9 4 7 2 1 4 3 8 12 4 10 7 12 11  4 4
3 2 7 4 6 8 12 4 12 8 3 4 6 13 9 4 10 6 3 11  4 4
3 2 7 4 7 2 12 4 3 8 9 4 12 8 6 4 10 3 12 11  1 1
7 13 1 4 6 8 9 4 6 13 7 4 9 2 3 4 10 6 3 11  4 1
7 2 12 4 3 8 6 4 12 2 9 4 7 13 3 4 10 7 6 11  3 4
6 8 12 4 1 8 6 4 6 13 7 4 3 13 1 4 10 3 6 11  3 4
6 5 1 4 12 8 9 4 3 13 12 4 12 5 6 4 10 3 9 11  3 4
1 5 3 4 9 13 12 4 12 8 7 4 12 5 1 4 10 9 1 11  3 2
3 8 1 4 1 8 12 4 1 13 7 4 7 13 9 4 10 3 7 11  4 3
3 5 1 4 6 8 7 4 7 8 12 4 3 2 6 4 10 3 7 11  1 4
7 5 12 4 7 13 1 4 6 5 7 4 3 13 6 4 10 3 7 11  3 2
3 8 6 4 3 13 12 4 6 8 7 4 1 8 3 4 10 1 6 11  4 4
7 13 1 4 12 13 3 4 3 8 7 4 7 8 9 4 10 12 7 11  3 4
12 2 6 4 1 2 12 4 1 13 3 4 12 8 7 4 10 1 7 11  1 4
12 2 7 4 12 8 9 4 7 5 6 4 6 5 3 4 10 12 6 11  1 2
9 5 3 4 7 13 12 4 3 5 7 4 3 2 6 4 10 9 7 11  2 2
9 5 6 4 9 2 12 4 1 5 9 4 6 5 7 4 10 1 12 11  2 1
3 13 7 4 1 5 9 4 7 5 1 4 6 5 3 4 10 6 7 11  2 3
12 5 3 4 6 13 1 4 9 5 12 4 3 5 6 4 10 9 3 11  2 2
3 8 9 4 7 13 6 4 3 13 7 4 1 8 3 4 10 1 9 11  4 4
12 2 6 4 7 2 9 4 7 5 3 4 6 5 7 4 10 12 7 11  1 2
12 13 6 4 7 8 9 4 12 2 7 4 6 8 3 4 10 12 3 11  3 4
9 8 7 4 9 5 1 4 3 13 9 4 9 13 6 4 10 3 1 11  3 2
1 8 3 4 1 5 9 4 9 13 7 4 7 5 12 4 10 1 7 11  2 3
12 5 9 4 1 5 12 4 9 13 7 4 9 5 3 4 10 1 9 11  2 2
9 8 7 4 7 8 3 4 6 8 1 4 1 13 9 4 10 6 9 11  4 3
1 2 12 4 1 13 9 4 3 13 7 4 9 8 3 4 10 1 3 11  3 4
3 2 6 4 12 8 9 4 12 5 1 4 3 13 12 4 10 3 1 11  3 2
6 5 1 4 3 13 6 4 12 13 3 4 3 8 7 4 10 12 7 11  3 4
7 13 1 4 6 5 3 4 7 2 6 4 6 8 9 4 10 7 9 11  1 4
7 13 1 4 6 13 9 4 1 8 6 4 9 13 12 4 10 7 6 11  3 4
9 5 1 4 9 2 12 4 9 13 7 4 6 5 9 4 10 6 1 11  2 2
9 8 7 4 7 2 12 4 7 8 6 4 7 13 3 4 10 9 12 11  4 1
1 5 12 4 7 8 3 4 7 2 1 4 7 13 6 4 10 7 12 11  1 2
6 13 12 4 3 5 6 4 6 5 9 4 9 5 1 4 10 3 9 11  2 2
9 13 3 4 3 8 7 4 3 13 6 4 3 5 1 4 10 9 1 11  3 2
7 13 3 4 1 2 6 4 1 5 7 4 9 5 1 4 10 9 7 11  2 2
12 2 6 4 1 13 3 4 1 8 7 4 12 8 1 4 10 12 3 11  4 3
6 5 12 4 12 2 3 4 12 5 7 4 7 13 1 4 10 6 3 11  2 1
7 5 9 4 7 2 12 4 9 5 3 4 3 2 6 4 10 7 3 11  2 2
9 13 6 4 6 8 7 4 12 2 1 4 12 8 9 4 10 12 6 11  4 3
1 8 7 4 12 5 6 4 12 13 9 4 12 8 1 4 10 12 7 11  4 4
9 13 3 4 9 8 12 4 9 2 7 4 7 5 6 4 10 9 6 11  1 2
7 13 3 4 7 8 12 4 7 5 9 4 1 13 7 4 10 1 9 11  3 2
1 13 7 4 3 8 9 4 9 8 12 4 3 5 1 4 10 3 7 11  2 3
12 13 1 4 12 5 7 4 1 13 3 4 3 5 6 4 10 12 3 11  3 3
9 5 6 4 6 5 3 4 6 13 1 4 6 2 7 4 10 9 7 11  2 1
1 13 12 4 1 5 3 4 6 5 7 4 7 5 1 4 10 6 1 11  2 2
6 8 12 4 7 2 6 4 3 5 1 4 3 2 7 4 10 3 6 11  1 1
7 5 6 4 9 5 7 4 3 2 12 4 3 5 9 4 10 3 7 11  2 2
1 5 6 4 12 13 7 4 9 13 1 4 7 5 9 4 10 12 9 11  3 2
9 8 1 4 1 8 6 4 3 2 9 4 9 5 12 4 10 3 1 11  1 4
3 2 1 4 7 8 3 4 3 13 12 4 3 8 6 4 10 7 6 11  4 4
3 8 12 4 1 8 7 4 7 2 9 4 7 13 3 4 10 1 3 11  4 3
7 5 9 4 9 5 6 4 9 13 12 4 7 8 3 4 10 7 12 11  2 3
1 8 3 4 3 2 7 4 3 8 9 4 7 2 12 4 10 1 7 11  4 1
1 8 9 4 1 2 6 4 1 13 3 4 3 13 7 4 10 1 7 11  3 3
9 2 1 4 7 5 6 4 9 13 12 4 12 13 7 4 10 9 7 11  3 3
1 2 9 4 6 5 12 4 12 13 3 4 1 5 6 4 10 1 12 11  2 2
6 13 7 4 1 5 3 4 3 5 6 4 6 5 9 4 10 1 6 11  2 2
7 2 6 4 6 2 9 4 9 8 1 4 3 2 7 4 10 3 6 11  1 1
6 13 7 4 7 13 3 4 6 2 1 4 1 2 9 4 10 6 9 11  1 1
9 8 3 4 12 2 7 4 12 13 1 4 12 8 9 4 10 12 3 11  4 4
3 2 7 4 9 8 1 4 3 5 6 4 7 8 9 4 10 3 9 11  1 4
6 2 3 4 12 8 9 4 6 13 7 4 12 5 6 4 10 12 7 11  2 3
6 13 1 4 1 8 3 4 12 8 7 4 12 13 6 4 10 12 1 11  3 3
6 5 7 4 12 13 9 4 9 13 6 4 12 5 1 4 10 12 6 11  3 3
9 2 3 4 7 5 9 4 1 2 12 4 3 5 1 4 10 7 3 11  2 1
7 8 1 4 12 2 3 4 12 8 7 4 1 13 9 4 10 12 1 11  4 4
6 2 12 4 12 5 9 4 6 13 7 4 12 8 3 4 10 6 9 11  1 2
6 2 9 4 6 13 7 4 9 2 12 4 12 2 3 4 10 6 12 11  1 1
3 8 9 4 12 2 6 4 9 13 7 4 9 8 12 4 10 3 7 11  4 3
6 2 12 4 1 8 9 4 12 8 3 4 3 8 1 4 10 6 3 11  1 4
7 8 12 4 12 8 6 4 9 13 3 4 9 2 7 4 10 9 12 11  1 4
6 13 12 4 1 8 6 4 1 2 9 4 9 5 7 4 10 1 12 11  4 3
3 13 9 4 12 13 6 4 9 8 7 4 9 5 12 4 10 3 7 11  3 4
3 2 7 4 7 8 12 4 7 2 6 4 3 5 9 4 10 3 12 11  1 4
6 5 7 4 6 13 9 4 12 13 6 4 7 5 1 4 10 12 9 11  3 3
7 13 1 4 6 2 3 4 6 13 7 4 6 8 12 4 10 6 1 11  3 3
12 5 3 4 12 13 1 4 9 13 12 4 12 8 7 4 10 9 1 11  3 3
12 13 9 4 9 8 3 4 9 5 1 4 12 2 7 4 10 12 1 11  3 2
9 5 7 4 6 2 12 4 3 5 6 4 12 2 9 4 10 3 12 11  2 1
6 5 1 4 1 5 12 4 1 13 7 4 9 5 6 4 10 9 1 11  2 2
6 5 3 4 12 13 7 4 6 8 9 4 9 13 12 4 10 6 12 11  4 3
7 2 3 4 12 8 1 4 9 13 12 4 9 5 7 4 10 9 3 11  2 1
3 8 9 4 9 8 12 4 9 2 7 4 7 2 6 4 10 3 7 11  4 1
9 13 12 4 7 2 3 4 7 5 9 4 3 8 6 4 10 7 6 11  1 4
12 5 7 4 7 2 1 4 1 2 6 4 7 5 3 4 10 12 3 11  2 2
3 2 7 4 7 5 12 4 7 2 6 4 7 8 1 4 10 3 1 11  1 4
9 13 3 4 3 13 6 4 6 5 12 4 1 8 9 4 10 1 3 11  4 3
1 5 7 4 6 2 1 4 1 2 9 4 6 8 3 4 10 6 9 11  1 1
9 2 6 4 6 8 3 4 12 8 7 4 7 2 9 4 10 12 9 11  4 1
9 2 7 4 3 5 6 4 3 8 9 4 6 5 12 4 10 3 12 11  2 2
1 8 12 4 9 8 7 4 12 2 9 4 12 13 3 4 10 1 9 11  4 1
1 2 3 4 3 8 6 4 6 8 9 4 3 2 7 4 10 1 6 11  1 4
9 5 3 4 12 2 9 4 9 2 7 4 1 5 12 4 10 1 9 11  2 1
1 2 3 4 9 13 7 4 9 2 6 4 6 8 1 4 10 9 1 11  1 4
7 13 12 4 3 8 1 4 7 8 3 4 12 5 6 4 10 7 6 11  3 2
6 8 12 4 6 13 7 4 7 13 9 4 6 2 3 4 10 6 9 11  3 3
12 13 9 4 7 5 1 4 6 8 12 4 6 2 7 4 10 6 9 11  4 3
12 8 3 4 7 8 12 4 6 8 7 4 7 13 1 4 10 6 12 11  4 4
12 8 9 4 3 2 6 4 6 5 1 4 6 2 12 4 10 3 12 11  1 1
12 2 9 4 1 5 12 4 1 8 3 4 12 5 7 4 10 1 9 11  2 1
9 13 12 4 12 13 6 4 9 5 7 4 3 13 9 4 10 3 7 11  3 2
7 8 12 4 6 13 9 4 12 13 1 4 9 8 7 4 10 6 7 11  3 4
9 13 7 4 7 13 1 4 1 8 3 4 7 5 6 4 10 9 6 11  3 2
3 2 1 4 1 2 9 4 1 8 7 4 7 8 12 4 10 3 7 11  1 4
12 5 9 4 9 2 7 4 12 8 1 4 9 5 6 4 10 12 7 11  2 1
6 5 12 4 9 5 6 4 7 5 3 4 3 5 9 4 10 7 9 11  2 2
3 13 9 4 3 5 1 4 12 8 6 4 3 2 12 4 10 3 6 11  1 4
9 2 1 4 12 8 6 4 12 5 9 4 12 13 3 4 10 12 1 11  2 1
3 5 7 4 3 8 9 4 3 13 6 4 1 13 3 4 10 1 7 11  3 2
7 5 1 4 1 13 6 4 1 5 9 4 7 8 3 4 10 7 6 11  2 3
7 5 12 4 3 2 7 4 7 2 6 4 3 13 1 4 10 3 6 11  1 1
6 13 9 4 12 5 7 4 6 5 12 4 6 2 3 4 10 6 7 11  2 2
7 5 1 4 3 13 12 4 9 5 3 4 12 5 7 4 10 9 12 11  2 3
12 2 7 4 1 5 12 4 12 13 3 4 3 5 9 4 10 1 3 11  2 3
12 13 9 4 1 8 3 4 7 8 1 4 1 13 12 4 10 7 12 11  4 3
1 8 12 4 12 13 3 4 1 5 9 4 6 13 1 4 10 6 9 11  3 2
7 5 3 4 7 8 6 4 9 2 7 4 9 13 1 4 10 9 6 11  1 4
3 13 9 4 9 13 7 4 3 8 6 4 12 8 3 4 10 12 6 11  4 4
7 13 6 4 6 5 9 4 6 8 3 4 6 13 1 4 10 7 9 11  3 2
1 8 9 4 6 2 12 4 3 8 1 4 3 5 6 4 10 3 12 11  2 1
3 8 6 4 6 8 12 4 6 13 7 4 3 5 9 4 10 3 12 11  4 4
12 13 6 4 6 5 9 4 12 2 1 4 6 8 3 4 10 12 3 11  3 4
12 8 6 4 12 5 1 4 12 13 7 4 6 2 9 4 10 12 9 11  4 1
12 5 7 4 9 5 3 4 7 5 9 4 12 2 1 4 10 12 9 11  2 2
9 13 3 4 3 8 7 4 3 13 1 4 9 5 12 4 10 9 1 11  3 3
1 2 6 4 1 13 7 4 1 5 3 4 12 5 1 4 10 12 7 11  2 3
12 2 1 4 7 2 12 4 1 2 3 4 6 5 7 4 10 6 12 11  2 1
9 8 3 4 9 5 12 4 6 13 9 4 9 13 1 4 10 6 3 11  3 4
1 2 3 4 6 2 1 4 9 13 12 4 9 8 6 4 10 9 1 11  4 1
1 5 6 4 7 5 1 4 3 8 9 4 3 13 7 4 10 3 1 11  3 2
7 8 3 4 7 5 6 4 9 5 1 4 6 2 9 4 10 7 9 11  2 1
9 8 3 4 9 2 1 4 12 2 9 4 7 2 12 4 10 7 9 11  1 1
1 13 6 4 1 8 12 4 7 8 1 4 3 8 7 4 10 3 1 11  4 4
3 5 7 4 12 13 1 4 7 13 9 4 9 13 12 4 10 3 9 11  2 3
3 8 1 4 3 13 12 4 7 13 3 4 1 8 9 4 10 7 12 11  3 3
3 8 9 4 3 5 6 4 6 2 12 4 7 2 3 4 10 7 6 11  1 2
6 5 1 4 7 13 12 4 9 13 6 4 12 13 9 4 10 7 9 11  3 3
9 8 6 4 12 13 9 4 9 13 1 4 12 5 3 4 10 12 6 11  3 4
7 13 6 4 12 2 3 4 7 2 12 4 1 5 7 4 10 1 12 11  2 1
6 2 9 4 7 5 3 4 1 5 7 4 7 2 6 4 10 1 6 11  2 1
12 2 6 4 1 5 9 4 9 2 7 4 12 5 1 4 10 12 9 11  2 2
9 13 3 4 1 8 6 4 3 13 12 4 6 8 9 4 10 1 9 11  4 4
7 2 1 4 9 5 7 4 1 2 12 4 7 13 6 4 10 9 1 11  2 1
9 8 3 4 3 8 1 4 3 13 12 4 9 2 6 4 10 9 12 11  4 3
6 8 9 4 1 13 3 4 1 8 6 4 3 13 12 4 10 1 9 11  4 4
9 13 12 4 9 2 6 4 12 8 1 4 6 2 7 4 10 9 7 11  1 1
1 5 3 4 6 2 1 4 1 2 9 4 6 8 7 4 10 6 9 11  1 1
1 8 9 4 6 13 12 4 1 5 6 4 12 13 7 4 10 1 12 11  2 3
6 5 3 4 1 5 6 4 6 13 12 4 1 2 7 4 10 1 12 11  2 3
3 5 6 4 7 13 9 4 7 2 3 4 9 8 12 4 10 7 6 11  1 2
1 8 6 4 1 5 9 4 6 2 12 4 9 5 3 4 10 1 12 11  4 1
3 2 6 4 7 8 3 4 6 2 1 4 7 5 12 4 10 7 6 11  4 1
12 5 7 4 7 5 1 4 12 2 3 4 1 5 9 4 10 12 1 11  2 2
6 8 1 4 1 8 7 4 12 2 6 4 7 13 3 4 10 12 1 11  1 4
3 13 7 4 6 5 12 4 3 8 9 4 6 13 3 4 10 6 9 11  3 4
9 13 12 4 9 8 6 4 3 5 7 4 9 2 3 4 10 9 7 11  1 2
6 8 1 4 12 2 6 4 12 13 7 4 1 2 9 4 10 12 1 11  1 4
1 5 3 4 6 8 9 4 12 2 6 4 6 5 1 4 10 12 1 11  1 2
6 5 7 4 1 5 12 4 3 13 1 4 12 5 6 4 10 3 12 11  3 2
7 13 3 4 6 5 1 4 6 13 12 4 3 5 6 4 10 7 6 11  3 2
12 5 9 4 1 8 6 4 1 5 12 4 3 13 1 4 10 3 6 11  3 4
1 2 9 4 9 2 3 4 1 13 7 4 12 8 1 4 10 12 9 11  4 1
7 5 6 4 7 13 12 4 3 13 7 4 7 8 9 4 10 3 6 11  3 2
1 2 7 4 6 8 12 4 12 8 9 4 1 13 6 4 10 1 12 11  3 4
3 2 7 4 6 8 12 4 1 8 3 4 3 8 6 4 10 1 7 11  4 1
3 2 1 4 3 5 6 4 6 13 9 4 9 5 7 4 10 3 9 11  2 3
1 13 6 4 7 2 9 4 1 2 7 4 7 8 12 4 10 1 12 11  1 4
3 2 1 4 7 2 3 4 3 5 9 4 9 5 12 4 10 7 9 11  1 2
12 5 6 4 6 5 3 4 7 13 9 4 7 2 12 4 10 7 6 11  1 2
12 13 3 4 12 2 9 4 3 5 6 4 1 5 12 4 10 1 3 11  2 3
7 5 9 4 3 5 7 4 9 13 6 4 3 13 1 4 10 3 9 11  2 2
6 13 12 4 12 8 9 4 12 5 1 4 1 13 7 4 10 6 1 11  3 2
3 5 9 4 1 5 6 4 9 2 12 4 9 13 1 4 10 3 1 11  2 3
9 2 12 4 12 8 7 4 7 8 1 4 12 2 3 4 10 9 7 11  1 4
7 5 1 4 12 8 6 4 9 2 7 4 9 13 12 4 10 9 1 11  1 2
1 2 7 4 12 2 1 4 12 13 6 4 1 5 9 4 10 12 7 11  1 1
1 2 7 4 12 2 1 4 6 8 9 4 12 8 6 4 10 12 9 11  4 4
12 13 9 4 7 5 12 4 9 13 1 4 12 5 3 4 10 7 3 11  2 2
7 13 3 4 1 2 6 4 1 5 12 4 1 8 7 4 10 1 3 11  4 3
7 13 3 4 6 2 9 4 6 5 7 4 9 8 12 4 10 6 3 11  2 3
1 13 3 4 12 8 7 4 7 2 9 4 7 8 1 4 10 12 1 11  4 4
6 5 1 4 12 5 6 4 1 13 7 4 9 2 12 4 10 9 6 11  1 2
9 2 12 4 12 2 7 4 12 5 6 4 9 13 1 4 10 9 7 11  1 1
9 13 3 4 9 2 12 4 9 8 6 4 3 5 1 4 10 9 1 11  3 2
6 5 7 4 1 2 6 4 1 13 12 4 7 5 9 4 10 1 7 11  1 2
3 13 7 4 7 5 6 4 3 8 1 4 7 13 12 4 10 3 6 11  3 2
12 5 1 4 12 2 6 4 12 8 9 4 6 2 7 4 10 12 7 11  1 1
1 2 6 4 6 5 12 4 6 2 3 4 6 8 7 4 10 1 3 11  1 1
12 13 1 4 1 13 6 4 1 5 9 4 1 8 7 4 10 12 6 11  3 3
3 13 9 4 12 8 6 4 3 2 12 4 12 2 1 4 10 3 1 11  1 1
3 13 9 4 12 2 7 4 1 8 12 4 3 2 1 4 10 3 12 11  1 4
12 2 7 4 12 5 1 4 1 5 6 4 7 8 9 4 10 12 6 11  2 2
3 2 9 4 9 2 7 4 6 5 3 4 3 5 1 4 10 6 1 11  2 2
12 8 9 4 12 13 7 4 1 13 12 4 12 5 3 4 10 1 9 11  3 4
9 8 12 4 1 13 7 4 9 5 1 4 1 5 6 4 10 9 6 11  2 2
7 13 9 4 6 8 1 4 7 8 12 4 12 2 6 4 10 7 6 11  4 1
3 8 12 4 9 13 1 4 9 2 3 4 3 2 6 4 10 9 12 11  1 4
3 8 7 4 9 2 12 4 1 2 3 4 3 2 9 4 10 1 7 11  1 4
9 5 3 4 6 2 9 4 6 13 1 4 6 8 7 4 10 6 3 11  1 2
12 13 6 4 9 2 1 4 1 2 7 4 12 8 9 4 10 12 1 11  4 1
3 5 12 4 3 13 6 4 6 13 1 4 6 8 9 4 10 3 1 11  3 3
1 2 7 4 6 8 9 4 9 13 12 4 9 8 1 4 10 6 12 11  4 3
9 8 7 4 12 2 9 4 6 13 3 4 12 13 6 4 10 12 7 11  1 4
9 8 7 4 7 13 12 4 7 8 3 4 3 2 6 4 10 9 12 11  4 3
12 5 3 4 1 5 9 4 9 13 6 4 6 13 12 4 10 1 6 11  2 3
9 8 1 4 7 5 6 4 6 2 12 4 9 5 7 4 10 9 6 11  2 2
1 13 3 4 1 5 7 4 12 8 6 4 3 13 12 4 10 1 12 11  3 3
7 8 1 4 12 8 7 4 12 5 9 4 7 13 3 4 10 12 3 11  4 3
12 2 1 4 6 8 12 4 7 2 6 4 7 5 9 4 10 7 12 11  1 4
7 2 12 4 1 13 3 4 7 5 1 4 3 5 6 4 10 7 3 11  2 3
3 2 1 4 1 2 7 4 7 2 6 4 9 8 3 4 10 9 1 11  4 1
7 13 1 4 7 8 3 4 1 5 9 4 12 13 7 4 10 12 1 11  3 3
1 8 3 4 3 13 6 4 7 2 9 4 7 13 1 4 10 7 3 11  3 4
3 8 7 4 1 8 6 4 3 2 9 4 6 2 3 4 10 1 3 11  4 1
7 5 12 4 6 8 3 4 6 2 7 4 1 2 6 4 10 1 3 11  1 4
12 5 3 4 1 2 9 4 9 5 6 4 6 5 12 4 10 1 6 11  1 2
3 13 1 4 3 8 6 4 7 13 3 4 12 8 7 4 10 12 3 11  4 3
3 8 6 4 3 5 9 4 1 2 3 4 6 2 12 4 10 1 9 11  1 2
9 5 3 4 9 13 6 4 9 2 12 4 12 2 1 4 10 9 1 11  1 1
12 5 1 4 12 8 3 4 12 2 9 4 3 13 7 4 10 12 7 11  4 3
3 5 12 4 12 5 6 4 6 5 9 4 12 13 1 4 10 3 1 11  2 3
9 2 1 4 6 13 7 4 6 5 9 4 7 13 12 4 10 6 12 11  3 3
6 13 3 4 12 5 6 4 1 5 12 4 3 13 7 4 10 1 6 11  2 2
6 2 1 4 9 5 6 4 6 5 7 4 7 13 3 4 10 9 1 11  2 1
12 13 9 4 7 2 6 4 3 2 7 4 3 13 12 4 10 3 9 11  3 3
12 8 3 4 3 8 1 4 9 8 12 4 6 13 9 4 10 6 12 11  3 4
3 13 9 4 9 5 12 4 9 8 1 4 12 13 6 4 10 3 12 11  3 2
1 8 6 4 7 2 1 4 1 5 12 4 12 5 9 4 10 7 6 11  1 4
3 5 6 4 1 2 7 4 3 2 9 4 7 5 3 4 10 1 3 11  1 2
3 5 1 4 1 2 6 4 6 2 7 4 3 13 9 4 10 3 6 11  2 1
6 13 9 4 9 5 1 4 1 13 3 4 12 5 6 4 10 12 9 11  2 3
6 2 3 4 6 5 9 4 1 5 6 4 7 2 1 4 10 7 6 11  1 2
1 2 6 4 6 8 7 4 9 2 3 4 7 2 9 4 10 1 7 11  1 4
3 2 6 4 3 8 1 4 1 8 7 4 3 13 12 4 10 3 7 11  4 4
3 13 6 4 3 8 1 4 1 8 12 4 9 13 3 4 10 9 1 11  3 4
1 8 7 4 6 13 9 4 7 8 12 4 9 13 1 4 10 6 1 11  3 3
12 13 3 4 12 5 6 4 1 13 12 4 1 2 7 4 10 1 6 11  3 2
6 5 1 4 12 2 6 4 6 8 7 4 12 13 3 4 10 12 1 11  1 2
3 5 9 4 7 13 6 4 7 5 3 4 6 8 12 4 10 7 12 11  3 4
6 5 9 4 7 2 6 4 6 2 12 4 7 13 3 4 10 7 9 11  1 2
9 5 1 4 3 13 9 4 1 5 7 4 3 2 12 4 10 3 1 11  3 2
6 2 1 4 6 13 12 4 1 5 3 4 7 5 6 4 10 7 1 11  2 1
1 13 3 4 12 5 7 4 12 8 9 4 1 2 12 4 10 1 9 11  1 4
9 5 7 4 6 13 9 4 1 13 6 4 9 13 12 4 10 1 9 11  3 3
12 5 1 4 12 2 7 4 3 2 12 4 1 5 9 4 10 3 1 11  1 2
1 13 9 4 12 8 1 4 7 13 12 4 7 2 3 4 10 7 1 11  3 4
1 13 3 4 12 13 9 4 9 8 7 4 9 5 1 4 10 12 1 11  3 2
3 13 12 4 6 13 7 4 7 8 3 4 6 5 9 4 10 6 3 11  3 4
1 5 6 4 1 8 3 4 3 8 9 4 3 2 12 4 10 1 9 11  4 4
6 2 12 4 7 13 1 4 7 5 6 4 12 5 9 4 10 7 12 11  2 1
3 13 12 4 7 13 3 4 9 8 7 4 7 8 1 4 10 9 3 11  4 3
12 8 3 4 12 13 7 4 12 5 1 4 1 2 9 4 10 12 9 11  2 1
7 2 6 4 9 2 7 4 1 2 3 4 6 8 1 4 10 9 6 11  1 1
6 5 7 4 9 5 6 4 6 13 12 4 7 2 3 4 10 9 7 11  2 2
12 2 9 4 6 13 7 4 12 8 3 4 12 13 6 4 10 12 7 11  3 3
7 8 1 4 1 2 6 4 12 2 3 4 12 8 7 4 10 12 1 11  4 4
7 2 9 4 12 2 3 4 1 5 12 4 7 5 1 4 10 7 12 11  2 2
3 5 9 4 7 2 6 4 3 2 12 4 12 8 7 4 10 3 7 11  1 4
9 5 7 4 9 2 6 4 6 8 12 4 9 13 3 4 10 9 12 11  1 4
12 8 6 4 12 5 7 4 3 2 12 4 7 5 9 4 10 3 7 11  1 2
1 13 12 4 6 8 3 4 12 13 6 4 1 5 9 4 10 1 6 11  3 3
9 13 3 4 7 8 9 4 12 8 7 4 12 5 6 4 10 12 9 11  4 4
7 5 12 4 12 5 9 4 7 2 6 4 9 13 1 4 10 7 9 11  2 2
1 5 9 4 9 5 7 4 1 2 3 4 9 13 6 4 10 1 6 11  2 3
6 5 7 4 6 13 1 4 9 5 6 4 6 2 12 4 10 9 1 11  2 3
1 5 7 4 7 5 9 4 7 2 6 4 7 13 3 4 10 1 3 11  2 3
9 8 3 4 12 2 6 4 6 8 9 4 6 2 7 4 10 12 9 11  1 4
6 5 3 4 3 13 1 4 3 2 12 4 3 5 7 4 10 6 7 11  2 2
7 2 1 4 12 5 6 4 7 13 12 4 3 5 7 4 10 3 12 11  2 3
1 5 9 4 12 2 6 4 1 2 12 4 1 8 3 4 10 1 6 11  1 1
9 5 6 4 1 8 12 4 9 2 3 4 1 5 9 4 10 1 6 11  2 2
1 13 7 4 7 13 9 4 9 5 12 4 12 13 3 4 10 1 9 11  3 3
3 8 12 4 12 13 1 4 3 5 9 4 12 8 6 4 10 3 1 11  4 3
3 2 1 4 12 5 9 4 1 2 6 4 12 2 3 4 10 12 1 11  1 1
3 5 6 4 3 13 1 4 12 5 3 4 1 13 9 4 10 12 1 11  2 3
7 2 3 4 3 2 9 4 7 5 1 4 7 8 12 4 10 7 9 11  1 1
12 2 7 4 3 8 12 4 12 13 1 4 12 8 6 4 10 3 1 11  4 3
6 5 3 4 7 5 6 4 12 2 7 4 7 8 1 4 10 12 6 11  1 2
7 8 1 4 7 13 9 4 7 2 6 4 6 2 3 4 10 7 3 11  1 1
6 13 3 4 6 8 1 4 7 13 6 4 6 5 12 4 10 7 3 11  3 3
6 8 9 4 12 8 3 4 12 2 7 4 9 2 12 4 10 6 12 11  4 1
6 13 7 4 7 5 9 4 12 2 1 4 9 5 12 4 10 6 9 11  3 2
7 13 3 4 7 2 12 4 3 8 1 4 1 8 6 4 10 7 1 11  3 4
1 5 6 4 6 13 7 4 6 2 3 4 6 5 9 4 10 1 7 11  2 3
9 13 7 4 12 13 9 4 9 5 3 4 12 8 6 4 10 12 7 11  3 3
3 13 9 4 9 8 6 4 1 2 7 4 1 8 3 4 10 1 9 11  4 3
12 2 6 4 6 8 7 4 6 2 1 4 12 13 9 4 10 12 1 11  1 1
7 2 12 4 1 5 3 4 12 8 6 4 7 13 1 4 10 7 3 11  3 2
6 8 3 4 12 2 1 4 12 13 6 4 1 2 9 4 10 12 3 11  3 4
12 5 1 4 9 5 6 4 9 13 7 4 7 13 12 4 10 9 12 11  3 3
7 13 9 4 3 13 1 4 1 8 7 4 9 8 6 4 10 3 7 11  3 4
3 5 1 4 3 13 12 4 6 13 9 4 12 8 6 4 10 3 6 11  3 4
9 5 6 4 6 5 12 4 3 2 1 4 3 13 9 4 10 3 6 11  3 2
1 8 7 4 12 2 1 4 12 13 9 4 1 2 6 4 10 12 6 11  1 1
1 13 7 4 7 13 6 4 9 8 3 4 9 5 1 4 10 9 7 11  2 3
12 5 9 4 9 13 6 4 9 5 1 4 12 2 3 4 10 12 6 11  2 3
9 5 12 4 9 2 1 4 7 5 9 4 9 13 6 4 10 7 12 11  2 2
1 5 6 4 1 8 3 4 6 5 12 4 3 13 9 4 10 1 9 11  4 3
7 2 12 4 9 5 3 4 9 2 7 4 12 5 1 4 10 9 12 11  1 1
3 8 12 4 12 8 1 4 3 5 6 4 12 2 9 4 10 3 9 11  4 1
3 8 1 4 1 8 9 4 6 5 12 4 6 2 3 4 10 6 1 11  1 4
7 2 6 4 7 5 1 4 9 2 7 4 6 2 3 4 10 9 1 11  1 2
1 5 6 4 1 2 7 4 1 13 3 4 6 5 9 4 10 1 9 11  2 2
9 2 3 4 3 2 7 4 6 2 9 4 6 8 1 4 10 6 3 11  1 1
3 8 6 4 6 2 1 4 12 8 3 4 7 13 12 4 10 7 3 11  3 4
3 5 7 4 6 13 12 4 7 2 1 4 7 13 6 4 10 3 6 11  2 3
12 2 9 4 3 2 12 4 3 13 1 4 9 2 6 4 10 3 9 11  1 1
9 13 12 4 12 8 6 4 9 2 7 4 6 8 3 4 10 9 6 11  3 4
6 13 3 4 12 13 1 4 6 2 7 4 3 13 12 4 10 6 12 11  3 3
1 2 9 4 6 5 3 4 6 8 1 4 1 13 12 4 10 6 9 11  4 1
1 8 12 4 6 8 1 4 12 8 9 4 12 13 3 4 10 6 12 11  4 4
12 8 7 4 12 2 6 4 12 13 3 4 9 8 12 4 10 9 3 11  4 3
9 13 7 4 7 13 12 4 3 8 1 4 9 8 3 4 10 9 12 11  3 3
7 5 9 4 1 2 7 4 9 5 3 4 9 2 12 4 10 1 9 11  1 2
9 5 6 4 12 5 3 4 3 2 7 4 3 5 9 4 10 12 9 11  2 2
1 2 12 4 6 5 7 4 9 5 6 4 9 8 1 4 10 9 7 11  2 2
12 5 7 4 6 5 12 4 1 5 6 4 6 13 3 4 10 1 3 11  2 3
12 13 7 4 9 5 12 4 12 2 3 4 7 5 1 4 10 9 7 11  2 3
3 2 6 4 3 13 7 4 1 8 3 4 1 5 12 4 10 1 6 11  4 1
6 13 1 4 3 13 7 4 7 13 9 4 9 5 6 4 10 3 9 11  3 3
1 2 3 4 3 5 6 4 7 5 1 4 7 8 9 4 10 7 3 11  2 1
1 8 12 4 12 2 9 4 7 5 3 4 7 2 1 4 10 7 12 11  1 4
9 5 3 4 9 8 6 4 6 13 12 4 12 8 1 4 10 9 12 11  4 3
6 2 12 4 3 2 1 4 12 5 3 4 6 13 9 4 10 6 3 11  1 2
3 13 1 4 3 8 12 4 1 13 7 4 9 8 3 4 10 9 1 11  4 3
12 8 6 4 6 2 3 4 12 5 1 4 6 8 9 4 10 12 9 11  4 4
3 8 6 4 3 13 1 4 1 5 9 4 6 8 12 4 10 3 9 11  3 2
6 8 1 4 1 2 7 4 7 2 9 4 1 8 12 4 10 6 7 11  4 1
12 5 3 4 6 2 7 4 12 8 9 4 9 8 6 4 10 12 6 11  4 4
3 8 7 4 3 2 9 4 7 13 12 4 12 13 6 4 10 3 12 11  4 3
7 13 12 4 7 2 6 4 3 8 7 4 7 8 1 4 10 3 6 11  4 1
1 5 9 4 9 2 6 4 6 5 12 4 1 8 3 4 10 1 6 11  2 1
1 13 6 4 7 8 3 4 6 8 7 4 1 2 9 4 10 1 7 11  3 4
12 8 6 4 3 13 1 4 12 13 3 4 9 8 12 4 10 9 3 11  4 3
12 2 9 4 3 5 6 4 3 13 1 4 12 5 3 4 10 12 1 11  2 3
6 5 1 4 6 13 12 4 12 8 9 4 3 13 6 4 10 3 12 11  3 3
6 13 9 4 6 2 1 4 6 8 3 4 1 2 12 4 10 6 12 11  1 1
9 13 12 4 12 13 6 4 7 5 3 4 3 5 9 4 10 7 9 11  2 2
6 5 9 4 7 5 6 4 1 2 7 4 7 2 3 4 10 1 6 11  1 2
3 13 7 4 6 2 9 4 3 5 12 4 6 13 3 4 10 6 7 11  3 3
12 13 3 4 3 5 7 4 3 13 6 4 3 8 9 4 10 12 9 11  3 4
12 13 6 4 6 5 9 4 1 5 12 4 1 8 3 4 10 1 6 11  2 3
9 13 3 4 3 13 6 4 7 5 9 4 9 2 12 4 10 7 3 11  2 3
3 13 9 4 7 8 6 4 3 8 7 4 6 2 12 4 10 3 6 11  4 4
3 2 9 4 6 5 1 4 6 2 3 4 7 5 6 4 10 7 1 11  2 2
7 13 9 4 6 13 3 4 7 2 12 4 9 13 6 4 10 7 6 11  3 3
7 2 6 4 1 5 9 4 1 2 7 4 7 8 12 4 10 1 12 11  1 4
7 2 6 4 7 13 3 4 12 5 7 4 9 5 12 4 10 9 7 11  2 2
3 5 6 4 6 5 12 4 1 13 3 4 12 2 7 4 10 1 6 11  3 2
3 2 6 4 12 8 3 4 9 2 12 4 12 5 7 4 10 9 3 11  1 4
7 8 9 4 7 13 3 4 6 2 1 4 9 8 6 4 10 7 6 11  4 4
6 2 12 4 1 13 9 4 12 5 3 4 1 5 6 4 10 1 12 11  2 1
12 5 7 4 6 8 3 4 12 2 1 4 6 5 12 4 10 6 7 11  2 2
12 2 3 4 7 8 12 4 6 2 7 4 3 8 9 4 10 6 12 11  1 4
1 5 7 4 12 13 9 4 9 5 1 4 12 8 6 4 10 12 1 11  3 2
6 5 12 4 7 8 3 4 7 13 6 4 6 13 1 4 10 7 12 11  3 2
3 5 6 4 7 5 1 4 1 2 9 4 6 2 7 4 10 3 7 11  2 1
1 2 7 4 7 2 6 4 12 8 3 4 1 13 12 4 10 1 3 11  3 4
3 13 12 4 6 13 1 4 3 5 9 4 12 8 6 4 10 3 6 11  3 4
1 8 3 4 7 13 9 4 1 5 12 4 3 8 7 4 10 1 7 11  4 4
7 8 1 4 7 13 6 4 9 13 7 4 6 5 12 4 10 9 6 11  3 3
1 8 6 4 6 13 9 4 3 5 7 4 1 5 3 4 10 1 9 11  4 3
3 8 9 4 9 13 6 4 9 2 12 4 12 2 7 4 10 3 12 11  4 1
7 2 6 4 9 13 3 4 9 5 7 4 3 8 1 4 10 9 1 11  3 4
3 2 12 4 1 8 7 4 3 5 6 4 12 2 1 4 10 3 1 11  1 1
1 2 6 4 6 8 12 4 7 8 3 4 3 8 1 4 10 7 1 11  4 4
6 2 12 4 12 2 1 4 6 13 3 4 12 8 7 4 10 6 1 11  1 1
6 2 1 4 12 8 3 4 9 8 12 4 1 8 9 4 10 6 9 11  1 4
3 13 12 4 7 13 9 4 7 2 6 4 9 5 3 4 10 7 3 11  3 2
9 2 6 4 12 13 3 4 12 5 1 4 9 5 12 4 10 9 3 11  2 3
1 2 3 4 3 2 7 4 3 5 6 4 9 5 1 4 10 9 3 11  2 1
9 5 7 4 7 5 3 4 9 8 1 4 12 2 9 4 10 12 7 11  1 2
7 8 12 4 1 13 3 4 3 13 7 4 12 13 9 4 10 1 7 11  3 3
7 5 12 4 6 5 3 4 3 5 7 4 9 13 6 4 10 9 3 11  3 2
3 2 1 4 12 5 9 4 1 8 6 4 1 5 12 4 10 3 12 11  1 2
7 13 9 4 9 13 1 4 12 2 3 4 7 8 12 4 10 7 3 11  4 1
1 13 6 4 9 2 7 4 12 5 9 4 1 2 12 4 10 1 9 11  1 2
12 8 9 4 1 5 3 4 1 2 6 4 12 2 1 4 10 12 6 11  1 1
3 5 1 4 12 13 9 4 9 13 3 4 12 8 6 4 10 12 3 11  3 3
6 5 3 4 1 5 9 4 9 5 12 4 12 13 6 4 10 1 12 11  2 2
6 13 9 4 6 5 7 4 6 2 3 4 9 13 1 4 10 6 1 11  3 3
6 13 1 4 12 8 7 4 1 8 12 4 9 8 6 4 10 9 1 11  4 3
3 5 6 4 6 5 7 4 9 5 12 4 7 13 9 4 10 3 7 11  2 2
3 2 9 4 9 8 6 4 9 2 7 4 3 5 12 4 10 3 6 11  1 4
7 8 6 4 6 8 3 4 1 5 12 4 1 13 7 4 10 1 6 11  3 4
7 5 12 4 7 13 3 4 3 8 9 4 7 2 1 4 10 7 9 11  3 4
6 8 9 4 9 8 7 4 9 13 1 4 9 2 3 4 10 6 7 11  4 4
12 5 3 4 6 13 1 4 12 2 7 4 6 2 12 4 10 6 3 11  1 2
7 2 6 4 12 5 7 4 9 2 12 4 12 8 3 4 10 9 7 11  1 2
7 2 1 4 9 5 6 4 7 5 9 4 1 8 12 4 10 7 6 11  2 2
1 2 3 4 7 2 9 4 3 2 12 4 9 5 1 4 10 7 1 11  1 2
12 13 1 4 6 5 7 4 3 13 12 4 3 5 6 4 10 3 1 11  3 3
1 5 6 4 12 13 9 4 3 5 1 4 3 13 12 4 10 3 6 11  2 2
6 5 3 4 7 13 6 4 1 5 12 4 7 2 1 4 10 7 3 11  3 2
3 13 6 4 6 13 12 4 12 8 7 4 7 13 9 4 10 3 12 11  3 3
6 8 3 4 7 5 9 4 7 13 12 4 6 13 7 4 10 6 12 11  3 3
9 8 12 4 1 8 9 4 9 13 7 4 1 5 6 4 10 1 7 11  4 3
7 2 12 4 1 5 3 4 7 13 1 4 3 13 9 4 10 7 3 11  3 2
1 13 7 4 12 8 1 4 12 5 6 4 6 2 9 4 10 12 9 11  2 1
6 2 1 4 6 5 7 4 1 2 3 4 6 8 9 4 10 6 3 11  1 1
3 8 6 4 6 8 7 4 6 2 9 4 6 13 12 4 10 3 9 11  4 1
12 8 7 4 9 5 1 4 9 2 6 4 9 8 12 4 10 9 7 11  4 4
6 8 9 4 1 5 7 4 6 13 12 4 1 13 6 4 10 1 9 11  3 4
6 13 9 4 9 8 12 4 1 8 6 4 1 2 7 4 10 1 9 11  4 3
3 8 6 4 9 13 7 4 3 13 1 4 7 13 3 4 10 9 3 11  3 3
9 2 1 4 6 8 7 4 12 13 6 4 9 8 12 4 10 9 6 11  4 3
6 8 3 4 1 13 12 4 12 5 7 4 12 13 6 4 10 1 6 11  3 3
7 13 12 4 6 8 7 4 3 8 6 4 7 2 9 4 10 3 7 11  4 4
9 2 6 4 12 2 9 4 3 2 12 4 12 5 1 4 10 3 1 11  1 2
1 13 12 4 9 2 6 4 3 13 1 4 3 2 9 4 10 3 12 11  3 3
7 2 1 4 1 8 12 4 7 5 3 4 12 8 9 4 10 7 12 11  1 4
3 8 6 4 9 8 7 4 3 5 1 4 6 13 9 4 10 3 9 11  4 3
7 5 1 4 9 2 12 4 7 8 3 4 1 2 9 4 10 7 9 11  2 1
1 13 12 4 12 8 3 4 6 8 1 4 6 5 7 4 10 6 12 11  4 3
6 13 3 4 7 2 1 4 9 13 6 4 7 8 9 4 10 7 6 11  4 3
7 13 12 4 3 8 1 4 12 5 6 4 7 8 3 4 10 7 6 11  3 2
1 2 12 4 6 2 1 4 7 2 3 4 3 5 6 4 10 7 6 11  1 2
9 2 3 4 9 8 1 4 1 8 6 4 7 2 9 4 10 7 3 11  1 1
7 5 3 4 6 5 7 4 9 2 6 4 6 2 12 4 10 9 7 11  1 2
3 8 7 4 12 13 9 4 9 8 3 4 12 5 6 4 10 12 3 11  3 4
1 13 7 4 3 13 9 4 9 13 1 4 6 13 3 4 10 6 9 11  3 3
7 2 12 4 3 5 9 4 3 8 7 4 12 2 6 4 10 3 12 11  4 1
1 8 3 4 7 13 1 4 6 5 12 4 6 8 7 4 10 6 1 11  4 3
9 13 6 4 3 5 12 4 3 2 7 4 9 2 3 4 10 9 7 11  1 1
6 8 9 4 12 8 7 4 7 8 6 4 7 13 3 4 10 12 6 11  4 4
1 2 9 4 7 5 1 4 9 2 6 4 7 8 3 4 10 7 9 11  2 1
1 8 9 4 1 5 7 4 12 2 1 4 1 2 3 4 10 12 7 11  1 2
12 5 1 4 1 13 6 4 1 5 3 4 1 2 9 4 10 12 9 11  2 1
7 5 3 4 9 5 7 4 3 2 12 4 6 2 9 4 10 6 7 11  1 2
3 8 9 4 6 2 12 4 1 5 6 4 3 5 1 4 10 3 6 11  2 2
12 2 6 4 9 13 3 4 3 5 1 4 9 8 12 4 10 9 1 11  3 2
3 13 9 4 9 13 6 4 6 8 12 4 12 13 1 4 10 3 6 11  3 3
9 13 1 4 3 8 6 4 9 8 7 4 1 13 3 4 10 9 3 11  3 3
7 8 12 4 6 13 9 4 6 5 1 4 9 8 7 4 10 6 7 11  3 4
3 8 12 4 7 8 1 4 12 13 7 4 1 8 9 4 10 3 7 11  4 3
6 13 1 4 6 8 12 4 6 2 7 4 1 5 9 4 10 6 9 11  3 2
1 13 6 4 9 5 1 4 12 5 9 4 12 8 3 4 10 12 1 11  2 2
3 13 1 4 7 13 3 4 9 13 7 4 1 8 12 4 10 9 3 11  3 3
12 5 9 4 9 5 7 4 12 8 6 4 12 13 1 4 10 12 7 11  2 2
1 8 9 4 12 2 3 4 3 5 6 4 3 8 1 4 10 12 6 11  1 2
3 2 6 4 3 5 12 4 3 8 9 4 12 5 1 4 10 3 1 11  2 2
6 13 7 4 3 5 12 4 12 5 6 4 12 2 1 4 10 3 6 11  2 2
1 2 12 4 7 13 3 4 3 13 6 4 1 8 7 4 10 1 3 11  4 3
6 13 12 4 12 13 9 4 7 5 6 4 7 2 1 4 10 7 12 11  2 3
9 5 3 4 3 5 12 4 7 13 9 4 7 2 1 4 10 7 3 11  3 2
12 5 7 4 1 2 9 4 6 5 12 4 12 2 1 4 10 6 1 11  2 1
9 5 1 4 12 5 7 4 12 8 3 4 7 2 9 4 10 12 9 11  2 1
6 8 1 4 12 5 9 4 6 13 7 4 12 8 6 4 10 12 7 11  4 3
6 2 7 4 1 2 3 4 7 8 9 4 7 5 1 4 10 6 1 11  1 2
9 13 3 4 6 5 7 4 3 5 6 4 3 8 1 4 10 9 6 11  3 2
1 13 6 4 1 5 7 4 1 8 3 4 12 13 1 4 10 12 3 11  3 4
1 13 6 4 7 5 9 4 7 13 12 4 12 8 1 4 10 7 1 11  3 4
3 13 9 4 3 2 7 4 6 5 1 4 6 8 3 4 10 6 9 11  4 3
1 8 12 4 7 2 1 4 3 8 6 4 3 2 7 4 10 3 1 11  1 1
7 5 3 4 3 13 12 4 1 8 9 4 7 2 1 4 10 7 12 11  2 3
6 13 9 4 1 2 3 4 7 2 1 4 7 13 6 4 10 7 3 11  1 1
6 13 1 4 6 2 9 4 12 2 7 4 9 8 12 4 10 6 12 11  1 4
7 5 3 4 6 5 9 4 3 2 6 4 6 2 1 4 10 7 6 11  2 1
12 5 1 4 3 2 9 4 9 5 6 4 12 2 3 4 10 12 9 11  1 1
12 2 7 4 12 5 9 4 3 2 6 4 7 2 3 4 10 12 3 11  1 1
6 2 7 4 9 13 12 4 1 8 6 4 6 13 9 4 10 1 7 11  4 1
1 5 12 4 1 8 9 4 7 13 1 4 9 8 6 4 10 7 12 11  3 2
6 8 12 4 9 2 6 4 12 2 3 4 9 13 7 4 10 9 12 11  1 4
6 5 1 4 7 2 6 4 1 5 3 4 6 8 12 4 10 7 1 11  1 2
1 13 7 4 1 8 6 4 7 13 9 4 6 2 12 4 10 1 9 11  3 3
9 5 1 4 1 13 6 4 1 5 12 4 12 5 7 4 10 9 6 11  2 3
1 2 7 4 9 13 3 4 1 5 9 4 3 13 6 4 10 1 3 11  2 3
12 8 3 4 7 5 1 4 7 8 12 4 1 13 6 4 10 7 3 11  4 4
7 5 9 4 6 2 12 4 6 5 7 4 12 8 1 4 10 6 9 11  2 2
3 5 1 4 9 5 3 4 1 13 7 4 1 2 6 4 10 9 1 11  2 2
7 5 6 4 6 13 12 4 12 13 9 4 6 5 3 4 10 7 12 11  2 3
9 5 1 4 7 13 9 4 9 8 6 4 1 13 12 4 10 7 1 11  3 2
9 5 6 4 1 8 3 4 12 8 1 4 9 2 12 4 10 9 1 11  1 4
3 2 1 4 7 5 3 4 6 5 7 4 3 13 12 4 10 6 3 11  2 2
7 8 9 4 9 8 12 4 7 13 1 4 7 2 6 4 10 7 12 11  4 4
6 5 1 4 1 5 9 4 3 2 6 4 6 2 7 4 10 3 1 11  1 2
12 2 6 4 6 8 3 4 12 5 1 4 3 2 7 4 10 12 3 11  1 4
1 13 9 4 3 5 7 4 6 2 3 4 6 8 1 4 10 6 9 11  4 3
9 2 7 4 9 5 1 4 7 2 12 4 9 8 6 4 10 9 12 11  1 1
3 2 6 4 6 5 1 4 6 8 9 4 6 2 12 4 10 3 12 11  1 1
7 2 12 4 6 13 3 4 3 5 9 4 7 5 6 4 10 7 3 11  2 3
6 8 3 4 3 8 12 4 3 13 1 4 3 2 7 4 10 6 7 11  4 1
12 13 7 4 12 8 6 4 1 5 9 4 7 5 1 4 10 12 1 11  3 2
12 8 6 4 12 5 1 4 3 8 7 4 6 8 3 4 10 12 3 11  4 4
12 13 9 4 12 8 1 4 1 8 6 4 7 8 12 4 10 7 1 11  4 4
1 2 9 4 1 5 6 4 6 5 12 4 6 13 7 4 10 1 12 11  2 2
6 13 7 4 12 5 3 4 6 2 12 4 12 8 9 4 10 6 3 11  1 2
7 2 9 4 6 5 7 4 7 5 12 4 12 5 3 4 10 6 12 11  2 2
3 2 9 4 6 13 7 4 9 5 1 4 1 5 6 4 10 3 1 11  1 2
12 2 3 4 3 5 9 4 12 13 6 4 6 5 1 4 10 12 9 11  1 2
6 5 1 4 7 2 6 4 6 8 3 4 12 2 7 4 10 12 6 11  1 1
9 13 3 4 12 13 1 4 1 5 7 4 7 13 9 4 10 12 7 11  3 2
12 5 1 4 12 8 9 4 7 5 3 4 1 13 7 4 10 12 7 11  2 3
3 13 6 4 12 8 9 4 9 8 3 4 3 8 1 4 10 12 3 11  4 4
6 13 3 4 3 13 9 4 1 2 7 4 1 5 6 4 10 1 3 11  2 3
12 2 6 4 6 8 1 4 7 2 12 4 1 2 3 4 10 7 6 11  1 1
3 2 1 4 1 2 12 4 7 13 9 4 7 5 3 4 10 7 1 11  2 1
12 13 7 4 9 2 3 4 3 2 1 4 9 13 12 4 10 9 7 11  3 3
9 8 1 4 1 8 3 4 1 13 7 4 3 8 12 4 10 9 7 11  4 3
12 13 7 4 1 2 6 4 12 8 1 4 3 8 12 4 10 3 7 11  4 3
7 5 9 4 6 2 7 4 6 13 1 4 7 2 3 4 10 6 3 11  1 1
6 8 1 4 1 2 3 4 3 2 9 4 1 8 7 4 10 6 3 11  4 1
6 13 9 4 3 5 1 4 6 5 12 4 1 13 6 4 10 3 6 11  2 3
1 8 6 4 9 5 7 4 9 8 1 4 1 13 3 4 10 9 6 11  4 4
12 13 3 4 7 5 1 4 1 13 12 4 1 5 6 4 10 7 12 11  2 3
7 5 6 4 9 2 12 4 7 8 1 4 6 2 9 4 10 7 9 11  2 1
1 5 12 4 6 2 3 4 12 2 6 4 3 2 9 4 10 1 6 11  2 1
3 2 9 4 3 13 7 4 12 5 6 4 6 5 3 4 10 12 3 11  2 2
1 8 7 4 12 13 9 4 1 5 12 4 7 8 3 4 10 1 9 11  2 3
1 13 6 4 12 5 9 4 12 8 1 4 1 8 3 4 10 12 3 11  4 4
12 5 1 4 12 8 7 4 1 2 3 4 9 2 12 4 10 9 1 11  1 2
9 13 1 4 6 8 9 4 12 2 3 4 12 8 6 4 10 12 9 11  4 4
7 2 9 4 6 5 3 4 9 2 6 4 7 13 1 4 10 7 6 11  1 1
3 13 7 4 12 13 3 4 3 5 6 4 7 8 9 4 10 12 7 11  3 3
7 8 1 4 6 2 12 4 9 8 6 4 6 8 7 4 10 9 7 11  4 4
3 2 12 4 7 5 9 4 3 5 7 4 7 13 6 4 10 3 9 11  2 2
9 5 7 4 12 8 3 4 1 2 9 4 12 5 1 4 10 12 9 11  2 1
7 8 3 4 1 8 12 4 6 2 1 4 3 8 6 4 10 7 6 11  4 4
9 8 7 4 1 8 6 4 12 2 1 4 7 8 12 4 10 9 12 11  4 4
7 8 1 4 7 2 12 4 6 2 7 4 1 8 3 4 10 6 1 11  1 4
12 13 1 4 6 5 9 4 9 13 12 4 9 5 3 4 10 6 12 11  2 3
6 5 3 4 1 5 6 4 6 13 7 4 12 5 1 4 10 12 6 11  2 2
1 13 7 4 12 8 1 4 6 8 12 4 7 13 9 4 10 6 1 11  4 4
9 2 7 4 1 2 9 4 3 8 12 4 9 8 3 4 10 1 3 11  1 4
7 2 3 4 3 2 12 4 9 5 1 4 1 5 7 4 10 9 7 11  2 2
1 13 12 4 6 8 1 4 6 5 7 4 12 8 3 4 10 6 12 11  4 3
1 5 3 4 9 2 1 4 9 8 12 4 1 2 6 4 10 9 6 11  1 1
9 2 7 4 12 2 9 4 12 5 1 4 7 2 3 4 10 12 7 11  1 1
12 5 6 4 12 8 1 4 6 13 3 4 3 5 9 4 10 12 3 11  2 3
3 13 1 4 3 5 12 4 6 13 7 4 1 13 6 4 10 3 6 11  3 3
3 5 12 4 7 13 1 4 7 8 6 4 7 5 3 4 10 7 12 11  2 2
1 8 7 4 1 2 12 4 7 13 9 4 6 8 1 4 10 6 12 11  4 1
6 5 3 4 1 13 9 4 6 13 1 4 3 2 7 4 10 6 7 11  2 1
1 8 12 4 12 8 7 4 12 2 6 4 1 13 3 4 10 1 7 11  4 4
7 8 9 4 3 2 6 4 6 2 1 4 3 8 7 4 10 3 1 11  1 1
7 8 1 4 3 8 7 4 12 13 9 4 12 2 3 4 10 12 7 11  1 4
1 5 9 4 1 2 12 4 6 13 7 4 6 5 1 4 10 6 12 11  2 1
3 5 7 4 3 8 6 4 6 13 1 4 7 2 12 4 10 3 12 11  2 1
9 5 6 4 12 5 9 4 7 13 12 4 3 5 7 4 10 3 12 11  2 3
6 5 7 4 3 8 1 4 3 5 6 4 9 13 3 4 10 9 1 11  3 4
7 5 3 4 7 2 12 4 3 5 6 4 3 13 9 4 10 7 9 11  2 3
9 5 12 4 7 13 1 4 9 2 3 4 7 5 9 4 10 7 3 11  2 1
12 13 1 4 1 8 7 4 12 5 9 4 1 13 3 4 10 12 7 11  3 4
9 5 7 4 9 2 6 4 3 5 9 4 7 5 1 4 10 3 7 11  2 2
9 5 12 4 9 2 1 4 7 5 3 4 12 13 7 4 10 9 7 11  2 3
9 5 7 4 3 13 9 4 12 8 1 4 9 13 12 4 10 3 7 11  3 2
6 5 12 4 6 8 3 4 7 5 9 4 12 13 7 4 10 6 7 11  2 3
6 13 3 4 12 8 7 4 7 2 9 4 12 13 6 4 10 12 9 11  4 1
1 2 3 4 7 2 9 4 7 8 12 4 9 5 1 4 10 7 1 11  1 2
12 2 9 4 3 8 6 4 6 13 1 4 6 2 12 4 10 3 12 11  4 1
1 8 3 4 7 13 1 4 7 5 9 4 12 13 7 4 10 12 9 11  3 2
7 2 3 4 3 2 6 4 3 8 9 4 9 8 1 4 10 7 9 11  1 4
6 5 7 4 1 5 6 4 6 2 3 4 12 2 1 4 10 12 6 11  1 2
7 8 3 4 12 13 7 4 7 5 1 4 3 8 9 4 10 12 3 11  3 4
7 2 3 4 7 8 6 4 7 5 9 4 12 2 7 4 10 12 3 11  1 1
9 8 1 4 12 13 7 4 12 5 6 4 9 5 12 4 10 9 7 11  2 3
7 8 3 4 6 13 12 4 12 8 7 4 1 13 6 4 10 1 12 11  3 3
1 13 12 4 6 5 1 4 6 8 7 4 1 5 3 4 10 6 3 11  2 2
12 5 9 4 9 2 7 4 9 5 6 4 3 2 12 4 10 3 9 11  1 2
12 8 3 4 3 2 1 4 3 8 7 4 6 2 12 4 10 6 3 11  1 4
9 13 7 4 1 8 12 4 1 5 9 4 7 5 3 4 10 1 7 11  2 3
3 8 1 4 6 13 9 4 12 13 6 4 6 8 3 4 10 12 3 11  3 4
12 2 7 4 7 5 9 4 12 13 6 4 7 2 3 4 10 12 9 11  1 2
7 8 6 4 12 2 7 4 7 2 9 4 7 5 3 4 10 12 9 11  1 1
9 5 12 4 3 8 6 4 3 13 9 4 6 2 1 4 10 3 12 11  3 2
7 2 12 4 7 13 6 4 12 2 1 4 9 5 7 4 10 9 12 11  2 1
12 8 3 4 1 5 9 4 6 2 12 4 12 2 1 4 10 6 1 11  1 1
7 8 6 4 9 8 7 4 7 2 3 4 7 13 1 4 10 9 1 11  4 3
7 5 1 4 6 2 9 4 7 8 6 4 1 5 3 4 10 7 3 11  2 2
12 5 6 4 12 13 9 4 9 13 1 4 12 8 7 4 10 12 1 11  3 3
12 5 1 4 12 2 6 4 3 2 12 4 3 13 9 4 10 3 6 11  1 1
6 5 9 4 9 2 12 4 7 2 6 4 12 5 3 4 10 7 9 11  1 2
1 2 3 4 1 5 9 4 12 2 7 4 7 2 1 4 10 12 1 11  1 1
12 5 7 4 9 2 3 4 9 5 1 4 1 13 12 4 10 9 12 11  2 3
6 5 7 4 6 8 3 4 3 2 12 4 1 2 6 4 10 1 3 11  1 4
1 2 6 4 12 13 7 4 1 8 3 4 1 13 12 4 10 1 7 11  3 3
1 13 12 4 12 8 9 4 9 13 6 4 1 2 3 4 10 1 9 11  3 4
9 2 7 4 6 2 1 4 7 8 6 4 6 8 12 4 10 9 6 11  1 4
12 5 3 4 7 2 9 4 12 2 7 4 12 13 1 4 10 12 9 11  1 1
9 2 7 4 3 8 12 4 9 8 3 4 7 5 6 4 10 9 6 11  1 2
12 13 1 4 12 5 6 4 1 13 3 4 3 13 9 4 10 12 3 11  3 3
9 5 3 4 1 8 7 4 3 2 12 4 9 13 1 4 10 9 12 11  2 1
1 5 6 4 6 5 3 4 6 2 7 4 7 2 12 4 10 1 3 11  2 2
12 13 7 4 6 8 3 4 7 8 6 4 3 13 1 4 10 12 6 11  3 4
9 5 12 4 12 5 3 4 12 2 6 4 12 13 1 4 10 9 1 11  2 3
6 2 1 4 6 5 12 4 12 5 9 4 7 5 6 4 10 7 1 11  2 1
3 13 9 4 7 8 1 4 9 5 12 4 1 13 3 4 10 7 3 11  4 3
9 13 7 4 9 5 1 4 1 2 6 4 6 2 12 4 10 9 6 11  2 1
9 5 3 4 3 2 1 4 9 13 7 4 1 2 6 4 10 9 1 11  2 1
6 8 1 4 9 13 6 4 12 13 7 4 6 5 12 4 10 9 12 11  3 2
6 8 12 4 12 13 9 4 12 8 7 4 12 2 3 4 10 6 3 11  4 1
1 13 6 4 3 8 12 4 7 13 3 4 3 5 1 4 10 7 1 11  3 2
9 5 12 4 12 2 1 4 1 2 7 4 1 5 3 4 10 9 1 11  2 1
7 2 1 4 1 2 6 4 3 5 12 4 3 8 7 4 10 3 1 11  4 1
6 8 1 4 1 13 9 4 12 8 6 4 1 2 7 4 10 12 1 11  4 4
3 2 9 4 3 13 1 4 9 5 6 4 6 5 7 4 10 3 6 11  1 2
3 5 1 4 3 13 6 4 3 8 9 4 1 2 12 4 10 3 12 11  2 1
7 5 9 4 3 13 1 4 1 13 7 4 7 8 12 4 10 3 7 11  3 3
7 8 6 4 7 5 3 4 7 2 1 4 9 2 7 4 10 9 3 11  1 2
6 2 3 4 12 8 6 4 9 8 12 4 1 2 9 4 10 1 12 11  1 4
6 5 1 4 12 13 3 4 9 13 6 4 3 5 9 4 10 12 9 11  3 2
6 2 3 4 1 2 6 4 7 5 1 4 3 2 12 4 10 7 6 11  2 1
9 5 12 4 12 13 6 4 12 5 1 4 3 13 9 4 10 3 12 11  3 2
12 8 1 4 9 2 3 4 9 13 12 4 7 8 9 4 10 7 12 11  4 3
9 13 7 4 12 5 3 4 12 13 9 4 6 13 12 4 10 6 9 11  3 3
6 13 7 4 12 5 3 4 3 5 6 4 6 5 1 4 10 12 6 11  2 2
9 5 1 4 7 13 9 4 9 13 3 4 1 5 12 4 10 7 1 11  3 2
3 5 6 4 9 13 3 4 9 2 12 4 6 13 1 4 10 9 6 11  3 2
9 5 1 4 12 2 9 4 7 8 6 4 7 2 12 4 10 7 9 11  1 1
1 13 6 4 7 8 3 4 3 2 12 4 1 2 7 4 10 1 3 11  1 4
1 8 9 4 12 13 7 4 9 2 6 4 9 8 12 4 10 1 12 11  4 4
12 13 1 4 9 13 6 4 1 13 3 4 6 8 12 4 10 9 12 11  3 4
3 13 7 4 1 8 6 4 1 13 3 4 1 5 9 4 10 1 7 11  3 3
3 13 9 4 7 5 12 4 7 13 6 4 6 8 3 4 10 7 3 11  3 4
7 5 9 4 9 5 12 4 7 13 3 4 9 2 6 4 10 7 12 11  2 2
7 8 9 4 7 5 12 4 12 13 6 4 12 2 3 4 10 7 6 11  2 3
9 5 12 4 12 13 1 4 9 8 7 4 7 13 3 4 10 9 1 11  2 3
7 2 12 4 9 8 7 4 12 2 6 4 6 8 1 4 10 9 12 11  4 1
9 8 6 4 9 2 12 4 6 8 1 4 6 13 7 4 10 9 7 11  4 3
6 2 12 4 6 5 7 4 12 2 1 4 3 5 6 4 10 3 7 11  2 2
3 5 1 4 6 5 7 4 7 13 3 4 7 2 12 4 10 6 3 11  2 3
3 2 9 4 9 2 7 4 9 8 12 4 3 5 1 4 10 3 7 11  1 1
12 13 7 4 1 5 9 4 1 8 12 4 1 2 6 4 10 1 7 11  4 3
6 8 7 4 1 2 9 4 7 13 3 4 6 5 1 4 10 6 3 11  4 3
9 8 7 4 7 8 6 4 9 2 3 4 6 8 12 4 10 9 6 11  4 4
3 2 7 4 6 13 9 4 3 8 6 4 7 5 12 4 10 3 9 11  4 3
3 8 9 4 7 13 3 4 7 2 12 4 3 5 6 4 10 7 9 11  3 4
7 13 1 4 12 8 3 4 6 13 7 4 12 5 6 4 10 12 7 11  2 3
3 8 12 4 12 13 1 4 12 2 7 4 12 8 6 4 10 3 1 11  4 3
3 8 9 4 9 8 6 4 9 2 1 4 9 13 7 4 10 3 1 11  4 1
6 13 1 4 6 8 3 4 3 2 12 4 1 5 9 4 10 6 12 11  4 1
12 8 6 4 3 13 12 4 6 8 7 4 3 5 1 4 10 3 6 11  3 4
7 2 12 4 3 8 9 4 7 8 6 4 9 2 7 4 10 3 7 11  4 1
3 2 1 4 3 8 6 4 1 5 7 4 7 2 9 4 10 3 7 11  1 2
3 2 1 4 1 2 7 4 12 2 3 4 3 5 9 4 10 12 9 11  1 2
9 5 12 4 3 2 9 4 3 13 1 4 7 5 3 4 10 7 9 11  2 1
9 8 6 4 7 8 1 4 9 5 12 4 6 8 7 4 10 9 7 11  4 4
12 2 3 4 9 8 12 4 1 8 9 4 1 2 6 4 10 1 12 11  4 4
1 8 9 4 1 5 7 4 7 2 3 4 9 8 6 4 10 1 3 11  2 1
3 13 6 4 3 2 12 4 6 8 9 4 6 5 7 4 10 3 9 11  3 4
12 13 7 4 6 13 12 4 6 2 9 4 9 5 3 4 10 6 3 11  1 2
7 8 1 4 6 13 9 4 9 8 3 4 6 2 7 4 10 6 3 11  3 4
12 2 1 4 7 5 6 4 7 8 3 4 3 2 12 4 10 7 12 11  4 1
6 2 9 4 9 2 1 4 6 5 3 4 1 2 7 4 10 6 1 11  1 1
1 13 9 4 3 5 7 4 1 5 3 4 7 5 6 4 10 1 7 11  2 2
7 5 6 4 12 5 7 4 6 2 9 4 3 5 12 4 10 3 7 11  2 2
7 5 3 4 9 8 1 4 6 2 7 4 7 2 9 4 10 6 9 11  1 1
12 13 3 4 7 5 1 4 12 8 6 4 7 8 12 4 10 7 3 11  4 3
7 2 6 4 1 5 7 4 12 5 3 4 7 13 12 4 10 1 12 11  2 3
12 13 7 4 1 13 12 4 9 13 1 4 12 5 6 4 10 9 12 11  3 3
3 8 9 4 12 5 7 4 9 2 1 4 3 13 12 4 10 3 1 11  4 1
7 13 3 4 6 5 9 4 3 5 6 4 9 13 1 4 10 7 6 11  3 2
1 2 6 4 7 2 1 4 9 13 3 4 9 2 7 4 10 9 1 11  1 1
7 5 1 4 9 5 7 4 9 8 3 4 7 2 6 4 10 9 1 11  2 2
1 5 3 4 7 2 6 4 6 8 12 4 1 8 7 4 10 1 6 11  4 1
9 5 12 4 3 2 6 4 12 13 7 4 3 5 9 4 10 3 12 11  2 2
9 8 7 4 9 13 12 4 7 8 3 4 6 8 9 4 10 6 7 11  4 4
12 8 3 4 1 13 9 4 3 13 7 4 9 8 12 4 10 1 12 11  3 4
7 2 1 4 7 13 9 4 6 2 3 4 1 8 6 4 10 7 6 11  1 4
9 13 6 4 12 5 9 4 3 8 1 4 12 8 3 4 10 12 6 11  2 3
7 13 1 4 6 5 7 4 9 5 6 4 9 2 12 4 10 9 7 11  2 2
9 8 6 4 3 13 7 4 7 8 9 4 3 5 1 4 10 3 9 11  3 4
6 8 9 4 12 2 3 4 12 13 6 4 6 5 1 4 10 12 1 11  3 2
3 13 12 4 1 2 7 4 1 8 9 4 3 2 1 4 10 3 9 11  1 4
6 2 12 4 6 8 3 4 6 13 1 4 7 8 6 4 10 7 12 11  4 1
3 5 12 4 9 5 7 4 7 2 3 4 12 2 6 4 10 9 3 11  2 1
9 5 7 4 1 13 9 4 9 8 6 4 9 13 12 4 10 1 12 11  3 3
9 8 1 4 9 5 7 4 12 13 9 4 7 13 6 4 10 12 7 11  3 2
6 5 7 4 6 13 9 4 1 5 6 4 1 2 12 4 10 1 7 11  2 2
1 5 3 4 9 13 6 4 1 8 7 4 9 2 1 4 10 9 7 11  1 4
3 5 1 4 9 2 12 4 7 2 3 4 3 8 9 4 10 7 9 11  1 4
9 8 1 4 1 8 6 4 9 5 3 4 3 2 12 4 10 9 6 11  4 4
9 5 3 4 9 8 1 4 3 13 7 4 6 13 9 4 10 6 3 11  3 2
1 13 6 4 1 2 3 4 1 8 7 4 6 5 12 4 10 1 12 11  3 2
7 5 12 4 7 2 1 4 3 2 7 4 6 2 3 4 10 6 7 11  1 1
6 13 7 4 6 5 3 4 1 8 12 4 1 13 6 4 10 1 7 11  3 3
6 5 1 4 12 5 6 4 7 2 3 4 7 13 12 4 10 7 6 11  3 2
12 8 3 4 1 2 12 4 12 5 9 4 9 2 7 4 10 1 3 11  1 4
7 8 1 4 1 8 6 4 6 2 9 4 3 2 7 4 10 3 1 11  1 4
9 5 6 4 12 5 9 4 7 5 12 4 1 2 7 4 10 1 12 11  1 2
1 2 6 4 7 2 1 4 1 8 3 4 6 2 12 4 10 7 3 11  1 4
12 8 1 4 6 13 12 4 3 13 6 4 7 13 3 4 10 7 6 11  3 3
7 13 1 4 9 8 7 4 7 2 6 4 7 8 3 4 10 9 1 11  4 3
3 2 1 4 1 8 12 4 3 13 7 4 1 2 6 4 10 3 12 11  1 4
1 13 7 4 7 13 12 4 6 13 9 4 9 8 1 4 10 6 1 11  3 4
12 8 6 4 9 13 1 4 9 8 7 4 6 8 9 4 10 12 9 11  4 4
6 5 9 4 9 2 3 4 7 13 12 4 9 13 7 4 10 6 3 11  2 1
7 13 6 4 12 2 9 4 1 13 7 4 12 13 1 4 10 12 7 11  3 3
7 13 12 4 7 2 1 4 1 8 3 4 12 8 6 4 10 7 3 11  1 4
12 13 1 4 6 5 9 4 12 5 6 4 9 5 7 4 10 12 9 11  2 2
7 5 1 4 12 2 3 4 12 13 7 4 3 5 6 4 10 12 6 11  1 2
1 2 9 4 1 13 7 4 6 8 1 4 6 5 3 4 10 6 9 11  4 1
3 5 9 4 3 8 6 4 12 2 3 4 9 5 1 4 10 12 9 11  1 2
1 8 12 4 12 13 9 4 3 2 6 4 3 13 1 4 10 3 12 11  3 4
6 8 1 4 9 2 6 4 7 2 9 4 6 5 12 4 10 7 6 11  1 1
3 13 12 4 7 5 1 4 3 5 9 4 1 13 3 4 10 7 3 11  2 3
12 13 1 4 12 5 3 4 1 8 7 4 1 13 9 4 10 12 9 11  3 3
7 13 6 4 6 13 3 4 3 5 12 4 6 8 1 4 10 7 1 11  3 4
3 2 6 4 7 8 3 4 12 5 1 4 7 13 12 4 10 7 6 11  4 1
1 5 7 4 9 5 1 4 7 5 6 4 9 2 3 4 10 9 7 11  2 2
9 8 3 4 1 2 12 4 9 2 1 4 6 8 9 4 10 6 3 11  4 4
9 8 12 4 1 8 3 4 12 13 7 4 7 8 1 4 10 9 7 11  4 3
1 8 3 4 7 8 9 4 7 5 12 4 9 2 1 4 10 7 1 11  4 1
3 2 7 4 12 8 1 4 7 2 6 4 7 8 12 4 10 3 12 11  1 4
3 8 7 4 3 5 12 4 12 13 9 4 7 2 6 4 10 3 9 11  2 3
12 8 7 4 3 5 6 4 7 2 9 4 12 13 3 4 10 12 6 11  3 2
6 2 9 4 6 13 1 4 9 8 12 4 6 5 7 4 10 6 12 11  1 4
9 5 12 4 3 13 9 4 3 2 7 4 12 5 1 4 10 3 12 11  3 2
12 13 1 4 1 13 7 4 6 8 9 4 12 2 6 4 10 12 9 11  1 4
1 2 9 4 6 5 1 4 9 5 12 4 7 2 6 4 10 7 1 11  1 2
7 2 1 4 6 5 7 4 9 13 3 4 7 13 9 4 10 6 1 11  2 1
1 13 3 4 6 8 9 4 1 5 12 4 1 2 6 4 10 1 9 11  1 4
6 2 12 4 12 2 1 4 3 8 6 4 9 8 3 4 10 9 6 11  4 4
1 13 3 4 7 13 1 4 12 8 7 4 6 13 12 4 10 6 7 11  3 4
7 5 6 4 9 5 7 4 12 2 9 4 12 13 3 4 10 12 7 11  1 2
9 8 7 4 6 8 9 4 6 2 12 4 3 8 6 4 10 3 12 11  4 1
1 5 7 4 9 13 3 4 1 8 6 4 3 13 1 4 10 9 1 11  3 3
6 5 12 4 7 5 6 4 6 13 9 4 7 8 1 4 10 7 9 11  2 3
6 8 7 4 3 5 12 4 6 2 1 4 6 13 3 4 10 6 12 11  3 2
7 13 3 4 7 2 6 4 3 13 12 4 9 8 7 4 10 9 3 11  4 3
7 13 3 4 3 13 6 4 12 8 7 4 1 8 12 4 10 1 7 11  4 4
7 2 9 4 1 8 7 4 1 5 6 4 9 8 12 4 10 1 9 11  4 1
7 13 12 4 9 2 3 4 12 8 1 4 7 2 9 4 10 7 3 11  1 1
7 8 1 4 6 13 7 4 6 2 12 4 12 2 3 4 10 6 1 11  3 4
6 8 7 4 9 2 1 4 9 13 6 4 6 5 12 4 10 9 7 11  3 4
6 13 1 4 3 13 7 4 3 2 9 4 7 8 6 4 10 3 6 11  3 4
3 8 1 4 7 2 9 4 1 2 7 4 7 8 12 4 10 3 7 11  4 1
9 2 12 4 12 8 6 4 12 2 7 4 1 8 9 4 10 1 12 11  4 1
9 8 3 4 7 5 12 4 6 8 9 4 7 13 6 4 10 7 9 11  3 4
3 5 1 4 7 8 6 4 7 2 3 4 3 2 9 4 10 7 1 11  1 2
3 8 1 4 3 5 9 4 3 13 7 4 7 13 6 4 10 3 6 11  3 3
12 13 7 4 9 5 3 4 12 5 9 4 9 2 1 4 10 12 1 11  2 1
1 2 9 4 3 2 1 4 7 5 12 4 7 2 3 4 10 7 1 11  1 1
12 2 9 4 3 5 1 4 3 8 6 4 6 8 12 4 10 3 12 11  4 4
9 13 6 4 7 2 3 4 1 8 9 4 9 8 7 4 10 1 6 11  4 3
1 13 9 4 3 13 1 4 12 8 3 4 1 8 7 4 10 12 1 11  4 3
9 2 7 4 1 2 6 4 6 5 9 4 1 13 12 4 10 1 9 11  1 2
7 13 9 4 1 8 12 4 12 2 6 4 9 8 1 4 10 7 1 11  3 4
12 5 3 4 7 2 1 4 12 2 7 4 7 8 9 4 10 12 9 11  1 4
12 5 9 4 1 13 6 4 1 2 12 4 3 5 1 4 10 3 6 11  2 3
3 5 6 4 7 2 9 4 1 2 3 4 3 8 7 4 10 1 6 11  1 2
3 2 12 4 6 13 9 4 1 8 3 4 6 2 1 4 10 6 3 11  1 4
6 2 7 4 7 8 1 4 12 2 6 4 6 5 9 4 10 12 9 11  1 2
7 2 6 4 6 5 12 4 12 5 3 4 3 5 1 4 10 7 12 11  1 2
3 8 6 4 9 13 1 4 3 5 12 4 9 2 3 4 10 9 12 11  1 2
12 8 6 4 3 8 12 4 3 5 1 4 6 8 7 4 10 3 6 11  4 4
7 5 1 4 3 2 7 4 7 2 6 4 7 8 12 4 10 3 6 11  1 1
3 5 9 4 7 8 12 4 6 5 3 4 7 2 6 4 10 7 3 11  1 2
9 5 6 4 9 8 7 4 3 2 9 4 6 2 12 4 10 3 7 11  1 4
9 2 3 4 3 2 7 4 9 5 6 4 6 5 1 4 10 9 1 11  2 2
12 13 3 4 3 5 7 4 7 13 9 4 3 8 1 4 10 12 1 11  3 4
7 8 12 4 3 8 1 4 3 13 9 4 9 13 7 4 10 3 7 11  3 3
9 2 6 4 12 8 9 4 6 8 1 4 12 13 3 4 10 12 6 11  4 1
9 5 6 4 9 8 1 4 12 13 9 4 12 2 3 4 10 12 6 11  3 2
12 5 3 4 6 8 7 4 3 13 9 4 6 13 12 4 10 6 3 11  3 2
3 2 9 4 1 2 3 4 1 8 12 4 6 8 1 4 10 6 3 11  4 1
7 2 9 4 7 8 3 4 1 13 12 4 1 8 7 4 10 1 9 11  4 1
6 2 1 4 12 8 7 4 7 2 6 4 12 13 3 4 10 12 6 11  4 1
7 13 6 4 12 5 7 4 7 5 3 4 12 2 1 4 10 12 6 11  2 3
7 13 12 4 6 2 1 4 6 5 7 4 9 5 6 4 10 9 1 11  2 1
6 5 3 4 1 13 12 4 12 5 7 4 7 5 6 4 10 1 7 11  3 2
6 8 12 4 3 5 9 4 1 2 6 4 1 13 3 4 10 1 12 11  1 4
6 13 9 4 1 2 12 4 12 8 7 4 6 8 1 4 10 6 12 11  4 1
3 13 1 4 9 5 6 4 6 5 7 4 3 5 9 4 10 3 6 11  2 2
12 2 3 4 1 2 6 4 6 8 12 4 9 2 1 4 10 9 6 11  1 1
1 5 7 4 1 8 3 4 3 13 9 4 7 5 6 4 10 1 9 11  4 3
12 8 6 4 9 2 7 4 6 8 9 4 9 13 3 4 10 12 9 11  4 4
1 5 3 4 1 13 6 4 9 13 1 4 9 8 7 4 10 9 6 11  3 3
7 13 6 4 3 13 7 4 9 13 3 4 6 5 12 4 10 9 7 11  3 3
9 8 1 4 1 8 12 4 12 2 6 4 3 13 9 4 10 3 1 11  3 4
1 8 9 4 9 8 6 4 9 2 12 4 7 2 1 4 10 7 9 11  1 4
6 5 9 4 1 2 7 4 1 13 12 4 7 5 6 4 10 1 6 11  1 2
1 13 12 4 12 13 3 4 1 5 7 4 1 2 6 4 10 1 3 11  3 3
1 13 12 4 9 5 7 4 7 5 1 4 1 5 6 4 10 9 1 11  2 2
9 5 7 4 7 2 6 4 7 5 1 4 1 5 3 4 10 9 6 11  2 1
3 2 12 4 12 8 9 4 3 5 7 4 7 5 1 4 10 3 9 11  1 4
6 2 12 4 6 8 1 4 6 13 3 4 7 8 6 4 10 7 1 11  4 4
1 13 7 4 7 5 12 4 6 8 3 4 7 8 6 4 10 1 6 11  3 4
6 8 12 4 1 8 6 4 9 2 1 4 3 8 9 4 10 3 1 11  4 1
12 2 9 4 12 8 6 4 12 13 1 4 1 5 3 4 10 12 3 11  3 2
1 2 12 4 7 5 6 4 3 8 1 4 7 8 3 4 10 7 1 11  4 4
3 2 12 4 12 2 7 4 12 8 9 4 3 13 6 4 10 3 9 11  1 4
6 8 12 4 3 13 6 4 3 5 1 4 6 13 7 4 10 3 12 11  3 4
7 5 9 4 1 2 7 4 9 2 6 4 7 8 3 4 10 1 9 11  1 2
12 2 9 4 3 13 1 4 12 8 6 4 6 8 3 4 10 12 3 11  4 4
12 5 3 4 3 13 9 4 7 13 6 4 12 8 7 4 10 12 6 11  4 3
12 2 1 4 1 2 6 4 1 8 7 4 12 13 3 4 10 12 7 11  1 4
9 13 7 4 6 8 9 4 3 13 6 4 1 8 3 4 10 1 6 11  4 3
3 2 12 4 12 8 9 4 6 8 3 4 9 8 7 4 10 6 12 11  4 1
3 13 1 4 3 2 7 4 12 8 3 4 7 8 9 4 10 12 1 11  4 3
1 2 3 4 7 2 1 4 7 13 6 4 12 5 7 4 10 12 1 11  2 1
9 2 6 4 12 8 1 4 1 13 7 4 1 8 9 4 10 12 9 11  4 4
6 8 3 4 7 2 1 4 3 8 9 4 1 2 6 4 10 7 6 11  1 1
12 13 6 4 6 13 9 4 1 8 12 4 9 8 7 4 10 1 6 11  4 3
9 13 7 4 7 5 6 4 3 13 9 4 7 8 1 4 10 3 7 11  3 3
7 5 1 4 1 2 12 4 1 13 3 4 12 2 9 4 10 7 3 11  2 3
3 13 12 4 1 2 7 4 6 8 1 4 3 2 6 4 10 3 1 11  1 4
6 8 7 4 7 13 3 4 3 8 12 4 6 2 9 4 10 6 3 11  4 3
12 2 7 4 6 8 12 4 7 8 1 4 6 5 9 4 10 6 7 11  4 1
12 5 7 4 9 13 12 4 6 2 1 4 6 5 9 4 10 6 12 11  2 3
12 13 1 4 1 8 9 4 12 2 7 4 12 5 6 4 10 12 9 11  3 4
12 5 3 4 3 2 1 4 3 5 7 4 12 8 6 4 10 12 7 11  2 2
1 5 9 4 7 13 1 4 7 2 3 4 1 8 6 4 10 7 6 11  3 4
12 13 1 4 7 5 12 4 6 2 3 4 12 2 6 4 10 7 1 11  2 3
9 13 12 4 7 2 6 4 9 5 7 4 12 13 1 4 10 9 1 11  3 3
3 8 7 4 3 2 12 4 9 8 6 4 12 2 9 4 10 3 9 11  1 1
6 5 12 4 9 13 7 4 7 5 3 4 12 13 9 4 10 6 9 11  2 3
1 2 6 4 6 8 7 4 1 13 12 4 12 5 3 4 10 1 7 11  1 4
12 2 3 4 6 8 7 4 3 2 1 4 7 2 12 4 10 6 12 11  4 1
6 5 7 4 9 5 6 4 6 2 12 4 3 5 9 4 10 3 6 11  2 2
1 13 12 4 7 2 9 4 7 13 1 4 6 5 7 4 10 6 9 11  2 1
12 13 9 4 1 8 3 4 3 8 12 4 1 5 6 4 10 1 12 11  4 4
9 8 6 4 1 8 9 4 7 5 12 4 1 5 7 4 10 1 12 11  2 2
9 5 6 4 3 2 1 4 9 2 3 4 12 5 9 4 10 12 3 11  2 1
9 13 1 4 3 13 12 4 1 8 3 4 9 5 7 4 10 9 3 11  3 4
3 5 1 4 3 13 6 4 7 8 12 4 6 13 7 4 10 3 7 11  3 3
7 13 1 4 7 5 12 4 9 13 3 4 1 8 9 4 10 7 9 11  3 4
7 8 12 4 6 13 1 4 1 13 7 4 1 5 9 4 10 6 9 11  3 2
6 5 1 4 7 13 9 4 3 5 7 4 1 5 3 4 10 6 3 11  2 2
12 5 1 4 6 13 9 4 9 13 3 4 9 5 12 4 10 6 12 11  3 2
7 5 1 4 7 13 9 4 6 5 12 4 12 13 7 4 10 6 7 11  2 3
1 13 7 4 3 5 1 4 3 2 12 4 3 8 6 4 10 3 7 11  2 3
3 13 1 4 1 8 6 4 12 13 3 4 6 8 9 4 10 12 1 11  3 3
3 2 1 4 12 8 9 4 3 13 12 4 1 5 6 4 10 3 9 11  3 4
1 2 6 4 6 5 7 4 7 5 12 4 6 2 9 4 10 1 7 11  1 2
12 2 1 4 12 13 9 4 1 8 7 4 9 8 3 4 10 12 3 11  3 4
1 13 6 4 1 8 12 4 1 2 7 4 9 8 1 4 10 9 7 11  4 1
9 13 3 4 3 13 7 4 7 13 6 4 3 5 12 4 10 9 7 11  3 3
3 8 12 4 3 5 7 4 1 13 6 4 7 13 1 4 10 3 1 11  2 3
3 8 1 4 6 8 12 4 7 2 3 4 7 13 6 4 10 7 12 11  3 4
9 13 12 4 6 8 9 4 9 8 1 4 3 13 6 4 10 3 9 11  3 4
3 2 7 4 6 13 9 4 3 8 1 4 6 8 3 4 10 6 7 11  4 1
6 8 3 4 7 2 6 4 3 8 1 4 9 8 7 4 10 9 6 11  4 1
9 13 1 4 6 8 9 4 7 13 3 4 3 13 6 4 10 7 6 11  3 3
1 2 7 4 1 13 9 4 6 8 1 4 6 5 3 4 10 6 7 11  4 1
9 2 1 4 9 13 6 4 6 5 3 4 9 8 12 4 10 9 3 11  3 2
9 2 7 4 12 8 1 4 3 2 9 4 3 13 12 4 10 3 7 11  1 1
6 13 7 4 6 5 3 4 3 2 12 4 7 13 1 4 10 6 12 11  2 1
3 5 12 4 6 5 3 4 7 2 6 4 12 13 1 4 10 7 3 11  1 2
1 2 9 4 6 5 12 4 9 5 6 4 12 2 3 4 10 1 6 11  1 2
7 2 3 4 9 8 1 4 9 2 12 4 12 5 7 4 10 9 7 11  1 2
6 5 12 4 6 13 1 4 12 2 7 4 1 13 3 4 10 6 7 11  2 1
3 8 9 4 9 8 7 4 1 13 3 4 3 5 6 4 10 1 9 11  3 4
9 2 12 4 12 2 6 4 6 8 3 4 1 8 9 4 10 1 12 11  4 1
9 5 6 4 3 13 1 4 9 2 7 4 3 5 9 4 10 3 7 11  2 1
7 8 9 4 9 8 1 4 7 5 3 4 12 2 7 4 10 12 3 11  1 2
9 8 12 4 7 2 9 4 12 8 6 4 9 2 1 4 10 7 12 11  1 4
3 8 6 4 7 13 12 4 7 8 3 4 7 2 1 4 10 7 6 11  4 4
6 13 7 4 1 8 9 4 9 13 3 4 1 5 6 4 10 1 7 11  2 3
6 2 1 4 3 8 6 4 12 2 3 4 12 5 7 4 10 12 6 11  1 4
3 5 12 4 12 5 1 4 3 8 9 4 7 13 3 4 10 7 12 11  3 2
7 5 3 4 7 8 12 4 7 2 1 4 3 13 6 4 10 7 6 11  2 3
6 8 1 4 1 2 3 4 12 8 7 4 1 8 12 4 10 6 3 11  4 1
9 8 7 4 6 8 9 4 7 13 3 4 6 13 1 4 10 6 7 11  4 4
6 5 1 4 1 5 3 4 6 8 9 4 9 13 7 4 10 6 3 11  2 2
1 8 3 4 3 13 12 4 1 5 6 4 7 13 1 4 10 7 6 11  3 2
7 13 9 4 12 5 6 4 12 8 7 4 3 13 12 4 10 3 7 11  3 4
9 13 12 4 3 13 9 4 1 8 3 4 9 8 6 4 10 1 9 11  4 3
7 8 9 4 7 5 1 4 12 2 6 4 9 2 12 4 10 7 12 11  4 1
7 5 9 4 1 5 3 4 6 5 1 4 3 5 7 4 10 6 3 11  2 2
7 5 6 4 6 2 3 4 6 5 12 4 3 2 1 4 10 7 3 11  2 1
6 13 7 4 1 8 9 4 7 13 1 4 1 5 3 4 10 6 1 11  3 3
1 5 9 4 9 5 6 4 9 13 3 4 1 2 7 4 10 1 6 11  2 2
12 5 3 4 12 2 6 4 1 5 12 4 3 5 7 4 10 1 6 11  2 1
12 5 1 4 9 8 6 4 6 2 7 4 12 2 9 4 10 12 6 11  1 4
1 13 12 4 9 8 7 4 9 13 1 4 9 5 3 4 10 9 12 11  3 3
1 2 7 4 7 2 6 4 6 8 9 4 6 5 12 4 10 1 6 11  1 1
7 8 9 4 7 13 1 4 1 5 3 4 1 13 12 4 10 7 12 11  3 3
7 2 3 4 6 8 12 4 7 13 6 4 6 5 9 4 10 7 12 11  3 4
1 8 9 4 9 8 6 4 9 2 7 4 9 13 12 4 10 1 6 11  4 4
7 13 6 4 1 8 7 4 9 8 1 4 9 2 3 4 10 9 7 11  4 4
9 8 12 4 9 2 6 4 9 5 1 4 3 2 9 4 10 3 1 11  1 2
7 2 9 4 3 8 6 4 9 8 3 4 6 13 1 4 10 7 3 11  1 4
1 13 7 4 7 13 6 4 1 2 9 4 3 8 1 4 10 3 9 11  4 1
9 2 7 4 7 8 6 4 1 8 12 4 12 8 9 4 10 1 9 11  4 4
