1 2 3 4 5 2 6 4 1 7 8 4 9 7 8 4 10 7 11 4 10 2 12 4 5 7 13 4 14 7 8 4 9 2 3 4 15 14 16  12
10 7 8 4 9 2 12 4 5 7 11 4 9 7 17 4 5 2 18 4 1 2 6 4 1 7 8 4 14 7 13 4 14 2 3 4 15 10 16  10
14 7 11 4 5 2 12 4 1 2 18 4 9 7 8 4 14 2 6 4 10 2 3 4 10 7 8 4 5 7 13 4 1 7 17 4 15 9 16  12
9 2 6 4 10 7 13 4 14 2 18 4 5 2 18 4 10 2 6 4 1 7 13 4 5 7 17 4 9 7 13 4 14 7 17 4 15 1 16  10
5 7 13 4 9 7 11 4 14 2 12 4 1 7 13 4 14 7 17 4 1 2 18 4 10 2 18 4 9 2 3 4 10 7 13 4 15 5 16  11
9 7 13 4 10 7 11 4 5 2 3 4 5 7 11 4 10 2 3 4 14 2 3 4 14 7 11 4 1 2 18 4 1 7 13 4 15 9 16  11
9 2 6 4 5 7 17 4 1 2 6 4 5 2 6 4 10 7 17 4 9 7 17 4 1 7 17 4 14 7 11 4 14 2 12 4 15 10 16  10
10 7 17 4 1 7 11 4 14 2 3 4 9 2 3 4 1 2 3 4 10 2 6 4 5 7 11 4 14 7 11 4 9 7 11 4 15 5 16  12
10 7 11 4 9 7 13 4 14 7 17 4 9 2 6 4 5 7 11 4 1 2 12 4 1 7 17 4 10 2 18 4 5 2 18 4 15 14 16  6
9 2 18 4 14 2 6 4 5 7 13 4 10 2 12 4 1 7 17 4 10 7 11 4 1 2 18 4 9 7 17 4 14 7 13 4 15 5 16  10
14 2 18 4 14 7 11 4 9 2 6 4 1 7 11 4 5 7 17 4 10 7 17 4 5 2 6 4 1 2 18 4 9 7 17 4 15 10 16  10
9 7 13 4 5 2 12 4 14 2 12 4 5 7 11 4 1 2 12 4 14 7 11 4 1 7 11 4 10 7 11 4 9 2 18 4 15 10 16  6
5 7 11 4 14 2 18 4 1 2 18 4 9 2 18 4 14 7 17 4 9 7 17 4 10 2 6 4 1 7 17 4 10 7 11 4 15 5 16  10
5 7 13 4 14 2 18 4 10 2 3 4 9 2 6 4 9 7 13 4 1 7 8 4 1 2 12 4 10 7 17 4 14 7 11 4 15 5 16  10
5 7 13 4 14 2 18 4 14 7 13 4 5 2 18 4 1 7 11 4 10 2 12 4 10 7 8 4 1 2 6 4 9 7 13 4 15 9 16  11
10 7 13 4 9 7 8 4 1 7 13 4 5 2 3 4 14 7 8 4 5 7 17 4 14 2 6 4 9 2 6 4 10 2 12 4 15 1 16  6
9 7 8 4 5 7 17 4 5 2 18 4 9 2 3 4 14 7 11 4 14 2 6 4 10 7 8 4 1 2 6 4 1 7 11 4 15 10 16  12
5 7 8 4 14 2 12 4 9 7 8 4 10 7 13 4 10 2 18 4 14 7 11 4 5 2 6 4 1 2 6 4 1 7 8 4 15 9 16  10
10 7 17 4 1 7 8 4 14 7 8 4 9 2 12 4 5 2 3 4 5 7 17 4 1 2 12 4 9 7 8 4 14 2 12 4 15 10 16  12
10 2 6 4 9 2 18 4 5 7 17 4 1 7 13 4 5 2 6 4 9 7 11 4 14 2 12 4 10 7 17 4 14 7 13 4 15 1 16  6
10 2 12 4 5 7 11 4 10 7 8 4 14 7 8 4 9 7 11 4 1 2 18 4 5 2 18 4 1 7 11 4 9 2 18 4 15 14 16  6
10 2 6 4 14 7 11 4 5 2 18 4 9 7 13 4 9 2 18 4 5 7 13 4 1 7 13 4 10 7 11 4 14 2 6 4 15 1 16  11
1 7 8 4 9 2 12 4 14 7 8 4 9 7 11 4 10 2 18 4 5 2 18 4 1 2 6 4 5 7 13 4 10 7 13 4 15 14 16  10
14 2 12 4 5 7 17 4 1 7 8 4 9 2 12 4 10 2 18 4 9 7 13 4 10 7 17 4 1 2 3 4 14 7 13 4 15 5 16  11
9 7 11 4 14 2 18 4 1 2 3 4 14 7 8 4 10 2 18 4 1 7 13 4 5 7 13 4 9 2 6 4 10 7 8 4 15 5 16  12
14 2 12 4 9 7 17 4 5 2 6 4 10 2 18 4 14 7 8 4 10 7 13 4 5 7 17 4 9 2 6 4 1 7 8 4 15 1 16  6
1 7 11 4 5 2 12 4 14 7 8 4 9 7 13 4 10 2 6 4 9 2 12 4 10 7 11 4 14 2 18 4 5 7 13 4 15 1 16  10
5 7 11 4 10 2 12 4 9 7 13 4 5 2 18 4 1 7 13 4 1 2 12 4 9 2 12 4 10 7 13 4 14 7 11 4 15 14 16  11
1 2 12 4 10 7 17 4 9 7 13 4 5 2 6 4 14 7 11 4 5 7 17 4 9 2 18 4 1 7 8 4 14 2 3 4 15 10 16  10
10 7 17 4 10 2 3 4 14 2 12 4 1 7 11 4 5 2 3 4 5 7 17 4 14 7 8 4 9 7 8 4 1 2 6 4 15 9 16  6
9 2 3 4 5 2 3 4 9 7 13 4 5 7 13 4 1 7 13 4 10 7 8 4 10 2 18 4 14 7 13 4 14 2 3 4 15 1 16  12
10 7 8 4 9 7 17 4 5 7 17 4 1 2 12 4 14 2 3 4 5 2 6 4 10 2 12 4 1 7 8 4 14 7 13 4 15 9 16  10
1 2 18 4 14 7 11 4 9 2 6 4 5 2 18 4 5 7 11 4 10 7 11 4 14 2 18 4 9 7 8 4 1 7 11 4 15 10 16  11
10 7 8 4 5 7 8 4 1 2 12 4 9 7 11 4 14 2 12 4 10 2 6 4 1 7 11 4 5 2 6 4 14 7 11 4 15 9 16  6
5 7 13 4 1 7 17 4 14 2 18 4 1 2 3 4 14 7 8 4 10 7 13 4 10 2 12 4 9 2 18 4 9 7 8 4 15 5 16  6
10 7 8 4 9 7 8 4 1 7 8 4 9 2 6 4 5 7 11 4 14 2 12 4 1 2 6 4 10 2 6 4 14 7 11 4 15 5 16  6
10 7 11 4 9 7 8 4 14 7 17 4 5 2 3 4 5 7 8 4 1 2 6 4 1 7 17 4 10 2 18 4 9 2 3 4 15 14 16  10
14 7 13 4 9 7 13 4 5 2 3 4 1 2 18 4 14 2 18 4 10 7 11 4 1 7 13 4 10 2 3 4 5 7 11 4 15 9 16  11
1 2 3 4 5 2 3 4 14 7 13 4 1 7 17 4 9 7 17 4 9 2 3 4 5 7 17 4 10 7 13 4 14 2 18 4 15 10 16  11
5 7 8 4 14 2 18 4 1 7 8 4 10 7 11 4 1 2 12 4 9 7 17 4 14 7 17 4 10 2 6 4 5 2 12 4 15 9 16  11
5 7 11 4 10 7 17 4 9 2 12 4 10 2 6 4 5 2 3 4 14 7 11 4 1 7 8 4 9 7 13 4 1 2 18 4 15 14 16  12
10 7 13 4 1 7 11 4 10 2 6 4 5 7 8 4 1 2 12 4 14 7 13 4 5 2 3 4 9 7 11 4 14 2 6 4 15 9 16  6
9 7 17 4 10 2 3 4 5 2 12 4 5 7 8 4 10 7 11 4 9 2 18 4 1 2 12 4 14 7 17 4 1 7 8 4 15 14 16  11
1 7 17 4 5 7 8 4 9 7 8 4 14 2 6 4 5 2 12 4 1 2 6 4 14 7 17 4 9 2 12 4 10 7 17 4 15 10 16  10
9 7 8 4 9 2 12 4 14 7 17 4 1 2 12 4 1 7 8 4 14 2 3 4 10 7 17 4 5 7 8 4 5 2 12 4 15 10 16  12
10 2 12 4 10 7 17 4 5 7 13 4 1 7 13 4 1 2 3 4 14 2 12 4 14 7 17 4 9 7 17 4 9 2 12 4 15 5 16  12
5 2 12 4 9 7 13 4 5 7 13 4 10 7 8 4 1 7 17 4 9 2 12 4 10 2 18 4 14 7 17 4 1 2 3 4 15 14 16  12
10 7 17 4 14 7 8 4 10 2 12 4 5 7 11 4 9 7 11 4 9 2 3 4 1 7 11 4 5 2 3 4 14 2 6 4 15 1 16  12
10 2 12 4 1 7 17 4 5 2 6 4 1 2 12 4 5 7 13 4 9 7 13 4 14 2 12 4 14 7 17 4 10 7 17 4 15 9 16  10
9 2 12 4 5 7 11 4 1 7 11 4 1 2 12 4 10 7 8 4 14 2 6 4 9 7 11 4 10 2 18 4 14 7 17 4 15 5 16  6
1 7 17 4 10 2 6 4 5 2 6 4 9 7 17 4 9 2 12 4 5 7 8 4 14 7 8 4 14 2 6 4 10 7 8 4 15 1 16  6
10 7 11 4 9 7 13 4 9 2 18 4 14 2 3 4 1 2 3 4 5 7 17 4 14 7 17 4 10 2 6 4 1 7 17 4 15 5 16  12
1 7 17 4 5 2 6 4 5 7 11 4 14 7 13 4 10 2 3 4 10 7 13 4 9 7 13 4 14 2 3 4 1 2 12 4 15 9 16  12
1 7 11 4 1 2 3 4 9 2 18 4 10 7 8 4 5 2 3 4 10 2 12 4 14 7 13 4 5 7 11 4 9 7 13 4 15 14 16  11
14 7 13 4 1 7 13 4 1 2 3 4 10 2 12 4 5 7 13 4 5 2 3 4 10 7 17 4 14 2 3 4 9 7 17 4 15 9 16  6
9 7 17 4 9 2 3 4 10 2 6 4 10 7 13 4 1 7 11 4 5 2 3 4 14 7 13 4 1 2 12 4 5 7 17 4 15 14 16  10
10 7 11 4 9 7 8 4 9 2 18 4 1 2 6 4 10 2 12 4 14 7 11 4 1 7 17 4 14 2 12 4 5 7 17 4 15 5 16  10
14 2 6 4 10 2 12 4 5 2 6 4 10 7 8 4 1 7 8 4 9 2 18 4 5 7 13 4 9 7 17 4 14 7 13 4 15 1 16  6
5 7 8 4 10 7 11 4 1 7 11 4 14 7 8 4 10 2 12 4 9 2 18 4 9 7 13 4 1 2 12 4 5 2 3 4 15 14 16  12
10 7 11 4 10 2 18 4 1 7 8 4 9 7 11 4 5 2 12 4 14 7 11 4 1 2 12 4 14 2 18 4 5 7 8 4 15 9 16  11
10 7 13 4 5 7 13 4 1 2 6 4 5 2 18 4 14 2 6 4 9 7 13 4 14 7 11 4 10 2 18 4 1 7 11 4 15 9 16  11
1 2 6 4 14 7 8 4 9 7 13 4 10 2 12 4 5 7 8 4 10 7 17 4 1 7 13 4 9 2 6 4 14 2 3 4 15 5 16  12
1 7 13 4 5 7 17 4 9 2 12 4 10 7 8 4 5 2 6 4 9 7 13 4 10 2 3 4 14 7 13 4 14 2 12 4 15 1 16  6
9 2 3 4 1 7 8 4 1 2 18 4 9 7 17 4 10 2 12 4 5 7 17 4 10 7 11 4 14 7 8 4 5 2 3 4 15 14 16  11
5 7 13 4 14 2 6 4 1 7 17 4 1 2 6 4 9 7 8 4 10 2 12 4 9 2 18 4 14 7 17 4 10 7 13 4 15 5 16  6
9 2 3 4 1 7 13 4 9 7 11 4 1 2 18 4 14 7 13 4 5 2 3 4 10 7 17 4 5 7 11 4 10 2 6 4 15 14 16  11
10 2 3 4 14 2 6 4 9 2 18 4 10 7 13 4 5 7 17 4 14 7 17 4 9 7 8 4 1 7 17 4 1 2 6 4 15 5 16  10
10 2 18 4 1 2 12 4 9 7 17 4 1 7 8 4 5 7 11 4 5 2 6 4 14 2 18 4 10 7 17 4 14 7 17 4 15 9 16  11
10 7 8 4 1 2 3 4 9 7 8 4 14 2 6 4 5 7 11 4 14 7 13 4 9 2 12 4 10 2 12 4 1 7 11 4 15 5 16  12
14 7 11 4 10 7 17 4 9 7 11 4 1 2 3 4 10 2 3 4 5 7 17 4 1 7 17 4 5 2 3 4 9 2 18 4 15 14 16  11
1 7 13 4 14 2 6 4 14 7 11 4 5 2 6 4 5 7 11 4 10 7 11 4 9 7 13 4 10 2 6 4 1 2 18 4 15 9 16  11
10 2 6 4 5 2 6 4 14 7 11 4 1 2 3 4 10 7 8 4 5 7 8 4 14 2 3 4 1 7 11 4 9 7 8 4 15 9 16  10
9 2 3 4 5 7 11 4 9 7 13 4 14 7 8 4 14 2 18 4 10 7 8 4 10 2 18 4 1 7 8 4 5 2 12 4 15 1 16  11
14 2 3 4 9 7 11 4 10 7 11 4 1 2 12 4 5 2 18 4 5 7 8 4 9 2 3 4 1 7 13 4 14 7 11 4 15 10 16  12
5 7 8 4 9 2 12 4 9 7 8 4 5 2 12 4 14 2 18 4 14 7 17 4 10 2 18 4 1 7 8 4 10 7 17 4 15 1 16  6
10 2 18 4 5 7 8 4 14 7 11 4 1 2 18 4 1 7 13 4 10 7 13 4 9 7 11 4 14 2 12 4 5 2 6 4 15 9 16  6
14 7 11 4 1 7 11 4 9 2 6 4 10 7 11 4 9 7 11 4 10 2 6 4 5 2 3 4 1 2 6 4 5 7 13 4 15 14 16  10
9 2 18 4 5 7 13 4 10 7 13 4 10 2 3 4 14 7 11 4 14 2 18 4 1 7 8 4 9 7 11 4 1 2 12 4 15 5 16  12
14 2 3 4 10 7 17 4 10 2 18 4 5 7 11 4 9 7 11 4 5 2 12 4 9 2 12 4 14 7 8 4 1 7 17 4 15 1 16  11
9 2 6 4 1 7 8 4 14 2 3 4 9 7 13 4 10 7 13 4 1 2 18 4 14 7 17 4 5 7 17 4 5 2 3 4 15 10 16  10
9 2 18 4 9 7 13 4 5 7 17 4 10 7 11 4 10 2 12 4 1 2 18 4 14 7 13 4 1 7 13 4 5 2 3 4 15 14 16  11
9 2 6 4 10 2 3 4 1 7 17 4 9 7 17 4 14 7 17 4 5 7 13 4 5 2 3 4 14 2 6 4 10 7 13 4 15 1 16  10
9 7 11 4 1 7 11 4 10 2 12 4 14 2 3 4 1 2 12 4 14 7 13 4 10 7 11 4 5 7 11 4 5 2 12 4 15 9 16  6
10 7 11 4 9 7 13 4 14 2 3 4 14 7 11 4 1 7 11 4 10 2 3 4 5 2 6 4 1 2 3 4 5 7 13 4 15 9 16  10
14 2 18 4 14 7 13 4 10 7 17 4 5 7 11 4 1 2 6 4 10 2 12 4 9 7 8 4 1 7 11 4 9 2 3 4 15 5 16  10
9 7 13 4 5 2 6 4 5 7 17 4 9 2 18 4 14 7 11 4 10 7 13 4 1 2 12 4 14 2 12 4 1 7 11 4 15 10 16  11
1 7 11 4 14 7 17 4 5 7 13 4 5 2 6 4 1 2 18 4 9 7 11 4 10 7 13 4 14 2 12 4 10 2 6 4 15 9 16  11
10 7 17 4 14 7 13 4 9 7 13 4 9 2 18 4 5 7 8 4 1 2 6 4 14 2 18 4 1 7 17 4 5 2 3 4 15 10 16  10
10 7 17 4 14 7 17 4 9 7 13 4 9 2 3 4 5 7 11 4 1 7 8 4 14 2 12 4 1 2 18 4 5 2 6 4 15 10 16  6
14 2 3 4 10 2 18 4 5 2 6 4 9 7 13 4 14 7 17 4 10 7 11 4 9 2 12 4 1 7 11 4 5 7 8 4 15 1 16  11
9 2 12 4 10 7 8 4 9 7 17 4 14 7 17 4 14 2 12 4 1 7 11 4 5 7 17 4 1 2 18 4 10 2 3 4 15 5 16  6
5 7 17 4 14 7 13 4 10 2 6 4 9 7 17 4 1 7 11 4 10 7 8 4 9 2 3 4 14 2 18 4 1 2 12 4 15 5 16  12
9 7 17 4 5 7 17 4 1 2 12 4 1 7 11 4 10 7 17 4 9 2 18 4 10 2 18 4 14 7 17 4 14 2 18 4 15 5 16  11
1 2 12 4 14 7 13 4 5 7 17 4 1 7 8 4 14 2 18 4 10 2 6 4 9 7 13 4 5 2 6 4 10 7 17 4 15 9 16  11
1 2 6 4 10 7 11 4 1 7 13 4 5 2 3 4 9 7 17 4 10 2 18 4 5 7 8 4 9 2 12 4 14 7 8 4 15 14 16  12
9 7 13 4 10 7 8 4 5 7 17 4 1 7 17 4 5 2 6 4 14 2 18 4 9 2 12 4 14 7 11 4 10 2 3 4 15 1 16  10
5 7 13 4 10 7 17 4 5 2 6 4 14 7 8 4 1 7 17 4 9 7 8 4 1 2 3 4 9 2 12 4 10 2 3 4 15 14 16  6
10 7 11 4 1 2 12 4 9 2 18 4 9 7 11 4 5 7 17 4 14 2 12 4 1 7 17 4 14 7 17 4 10 2 18 4 15 5 16  6
5 2 12 4 1 7 13 4 14 7 17 4 9 2 18 4 9 7 11 4 14 2 3 4 10 2 6 4 10 7 13 4 5 7 8 4 15 1 16  10
9 2 18 4 5 2 12 4 10 7 11 4 10 2 18 4 14 2 3 4 5 7 13 4 9 7 11 4 1 7 13 4 14 7 17 4 15 1 16  6
14 2 18 4 5 2 18 4 14 7 8 4 10 7 8 4 5 7 8 4 1 2 6 4 9 7 17 4 10 2 18 4 1 7 17 4 15 9 16  10
9 2 12 4 9 7 8 4 1 7 11 4 5 7 17 4 14 7 8 4 5 2 3 4 1 2 6 4 14 2 12 4 10 7 8 4 15 10 16  6
1 2 18 4 14 2 6 4 5 7 17 4 10 7 13 4 9 7 13 4 1 7 11 4 5 2 3 4 9 2 12 4 14 7 8 4 15 10 16  6
5 2 3 4 5 7 13 4 14 2 6 4 1 2 3 4 14 7 17 4 9 7 8 4 10 7 8 4 10 2 18 4 1 7 13 4 15 9 16  11
14 2 12 4 14 7 13 4 1 7 11 4 5 7 17 4 9 7 17 4 5 2 6 4 9 2 6 4 10 7 11 4 1 2 18 4 15 10 16  11
5 2 12 4 9 7 13 4 1 2 3 4 5 7 11 4 1 7 17 4 14 7 13 4 10 2 6 4 10 7 13 4 9 2 6 4 15 14 16  10
1 2 3 4 10 7 17 4 14 2 18 4 5 7 17 4 10 2 3 4 9 2 3 4 1 7 17 4 9 7 17 4 14 7 8 4 15 5 16  12
9 2 3 4 14 7 8 4 10 7 8 4 9 7 8 4 1 2 6 4 1 7 17 4 14 2 3 4 5 7 17 4 10 2 3 4 15 5 16  10
1 2 12 4 14 2 6 4 10 7 13 4 10 2 18 4 14 7 17 4 5 2 3 4 1 7 11 4 5 7 8 4 9 7 8 4 15 9 16  12
1 2 3 4 5 2 3 4 9 2 6 4 9 7 11 4 10 7 13 4 1 7 13 4 5 7 13 4 10 2 3 4 14 7 13 4 15 14 16  12
10 7 17 4 14 7 17 4 9 2 18 4 10 2 3 4 1 2 18 4 1 7 8 4 9 7 8 4 5 2 3 4 5 7 17 4 15 14 16  12
14 2 12 4 5 2 18 4 9 7 17 4 5 7 17 4 9 2 18 4 14 7 13 4 10 7 13 4 1 7 17 4 1 2 18 4 15 10 16  6
10 7 13 4 5 7 8 4 14 7 8 4 9 7 13 4 10 2 18 4 5 2 6 4 14 2 6 4 1 2 18 4 1 7 13 4 15 9 16  11
1 7 17 4 14 7 17 4 1 2 12 4 5 2 12 4 5 7 17 4 10 7 8 4 14 2 12 4 9 2 3 4 9 7 8 4 15 10 16  12
14 2 12 4 1 7 17 4 5 2 3 4 14 7 13 4 9 7 11 4 9 2 3 4 10 2 6 4 5 7 11 4 10 7 17 4 15 1 16  10
9 2 18 4 5 7 11 4 5 2 18 4 10 7 8 4 9 7 11 4 1 7 8 4 14 2 12 4 1 2 3 4 14 7 17 4 15 10 16  12
14 2 3 4 5 2 6 4 1 2 3 4 1 7 13 4 9 7 8 4 10 7 11 4 14 7 13 4 5 7 8 4 10 2 12 4 15 9 16  10
9 7 8 4 1 7 8 4 9 2 18 4 5 7 8 4 1 2 18 4 14 7 13 4 10 2 18 4 14 2 12 4 10 7 8 4 15 5 16  11
9 7 8 4 5 7 17 4 5 2 6 4 1 7 17 4 14 2 12 4 10 7 11 4 9 2 3 4 14 7 11 4 1 2 6 4 15 10 16  6
9 2 3 4 10 2 6 4 10 7 13 4 1 7 8 4 14 2 12 4 1 2 12 4 9 7 17 4 5 7 17 4 14 7 8 4 15 5 16  12
5 2 6 4 9 7 17 4 10 2 6 4 5 7 17 4 1 2 12 4 14 2 6 4 1 7 8 4 10 7 17 4 14 7 17 4 15 9 16  10
1 2 18 4 5 7 8 4 14 7 8 4 10 2 6 4 9 2 6 4 10 7 11 4 1 7 13 4 5 2 12 4 9 7 11 4 15 14 16  6
10 2 18 4 10 7 17 4 9 2 18 4 14 7 17 4 5 7 17 4 14 2 18 4 9 7 17 4 1 7 17 4 5 2 18 4 15 1 16  11
1 7 11 4 9 2 12 4 9 7 17 4 5 7 11 4 14 7 11 4 5 2 3 4 10 2 6 4 1 2 3 4 10 7 8 4 15 14 16  12
1 2 6 4 1 7 8 4 9 2 12 4 14 7 17 4 10 2 18 4 14 2 3 4 10 7 13 4 5 7 8 4 9 7 11 4 15 5 16  10
14 2 3 4 14 7 11 4 10 7 17 4 9 2 6 4 10 2 18 4 1 2 3 4 5 7 11 4 9 7 13 4 1 7 11 4 15 5 16  12
10 2 3 4 14 2 12 4 14 7 17 4 10 7 8 4 1 2 12 4 9 7 8 4 5 7 8 4 9 2 3 4 1 7 17 4 15 5 16  12
9 2 3 4 1 7 11 4 10 7 17 4 5 7 17 4 5 2 3 4 9 7 17 4 1 2 18 4 14 2 3 4 14 7 17 4 15 10 16  12
9 7 11 4 14 7 11 4 9 2 12 4 5 7 11 4 10 7 11 4 1 7 11 4 1 2 12 4 10 2 12 4 14 2 12 4 15 5 16  6
5 2 12 4 1 7 11 4 10 2 12 4 9 7 11 4 14 2 6 4 14 7 13 4 10 7 8 4 1 2 3 4 5 7 8 4 15 9 16  12
1 7 17 4 14 7 11 4 14 2 3 4 5 2 6 4 10 2 6 4 5 7 17 4 9 7 13 4 10 7 17 4 9 2 18 4 15 1 16  10
5 2 3 4 1 7 8 4 14 2 6 4 14 7 17 4 10 2 3 4 5 7 13 4 10 7 13 4 9 7 17 4 1 2 12 4 15 9 16  10
5 2 18 4 9 2 18 4 10 2 3 4 1 7 13 4 10 7 8 4 5 7 13 4 14 7 13 4 1 2 18 4 9 7 13 4 15 14 16  11
9 2 18 4 5 7 8 4 5 2 18 4 14 2 18 4 1 7 11 4 10 2 12 4 14 7 8 4 9 7 8 4 10 7 11 4 15 1 16  6
14 2 3 4 5 7 11 4 5 2 18 4 1 7 13 4 10 2 3 4 14 7 17 4 10 7 17 4 1 2 6 4 9 7 11 4 15 9 16  11
9 2 12 4 5 7 13 4 9 7 13 4 1 7 11 4 14 7 11 4 10 2 3 4 5 2 12 4 10 7 11 4 14 2 3 4 15 1 16  12
9 7 13 4 5 7 17 4 5 2 12 4 14 2 6 4 1 2 6 4 10 7 11 4 10 2 3 4 14 7 13 4 1 7 13 4 15 9 16  10
10 7 8 4 5 7 17 4 14 7 13 4 1 2 18 4 10 2 18 4 1 7 8 4 5 2 3 4 9 7 13 4 14 2 6 4 15 9 16  10
14 2 6 4 5 7 17 4 5 2 6 4 9 7 11 4 1 2 3 4 10 2 12 4 14 7 17 4 1 7 13 4 10 7 11 4 15 9 16  6
10 7 17 4 5 7 17 4 14 7 13 4 9 2 12 4 1 7 8 4 9 7 17 4 1 2 3 4 10 2 12 4 14 2 18 4 15 5 16  6
14 2 18 4 5 2 6 4 9 7 11 4 1 7 13 4 9 2 18 4 14 7 11 4 5 7 13 4 10 7 11 4 1 2 6 4 15 10 16  11
10 2 18 4 5 7 17 4 10 7 8 4 1 7 8 4 5 2 12 4 14 7 17 4 9 7 11 4 1 2 18 4 9 2 3 4 15 14 16  6
9 2 6 4 10 7 13 4 14 7 8 4 5 7 8 4 10 2 18 4 14 2 12 4 9 7 17 4 1 2 3 4 1 7 11 4 15 5 16  6
1 2 12 4 10 7 8 4 14 2 3 4 9 2 12 4 5 2 18 4 9 7 8 4 1 7 8 4 5 7 17 4 14 7 13 4 15 10 16  6
9 7 13 4 5 7 17 4 1 7 17 4 10 2 6 4 1 2 18 4 10 7 11 4 9 2 3 4 14 7 11 4 5 2 18 4 15 14 16  10
9 2 6 4 10 7 11 4 14 2 18 4 9 7 11 4 1 7 17 4 14 7 17 4 5 7 13 4 1 2 18 4 5 2 12 4 15 10 16  10
5 2 3 4 14 2 18 4 1 7 13 4 1 2 3 4 14 7 11 4 10 7 17 4 10 2 6 4 5 7 13 4 9 7 13 4 15 9 16  12
10 7 13 4 9 2 18 4 5 7 13 4 1 7 17 4 14 7 17 4 14 2 18 4 5 2 12 4 9 7 17 4 1 2 18 4 15 10 16  6
1 7 8 4 14 2 3 4 10 7 8 4 5 7 11 4 9 2 18 4 10 2 12 4 9 7 11 4 14 7 17 4 5 2 18 4 15 1 16  6
5 2 12 4 5 7 11 4 10 2 12 4 1 7 13 4 9 7 13 4 14 2 3 4 10 7 11 4 14 7 17 4 9 2 18 4 15 1 16  11
10 2 6 4 9 7 11 4 5 2 12 4 14 7 17 4 1 7 11 4 10 7 17 4 1 2 18 4 9 2 18 4 5 7 8 4 15 14 16  10
5 7 17 4 5 2 18 4 14 7 8 4 1 7 13 4 9 2 3 4 10 7 17 4 1 2 3 4 9 7 13 4 14 2 12 4 15 10 16  11
9 2 18 4 10 7 17 4 14 7 17 4 1 7 17 4 5 2 6 4 14 2 3 4 9 7 13 4 1 2 3 4 5 7 11 4 15 10 16  12
1 2 12 4 14 7 17 4 10 2 3 4 9 7 11 4 14 2 18 4 1 7 13 4 5 2 3 4 10 7 11 4 5 7 11 4 15 9 16  12
14 2 3 4 10 7 8 4 5 7 17 4 1 7 8 4 9 7 17 4 1 2 18 4 14 7 11 4 9 2 12 4 5 2 12 4 15 10 16  11
9 2 18 4 1 2 18 4 5 2 12 4 5 7 8 4 9 7 11 4 14 7 17 4 1 7 11 4 10 7 17 4 10 2 3 4 15 14 16  12
9 2 3 4 1 2 6 4 10 2 6 4 1 7 13 4 5 7 17 4 14 7 13 4 14 2 6 4 9 7 17 4 10 7 13 4 15 5 16  12
9 2 3 4 9 7 17 4 14 2 18 4 1 2 3 4 1 7 17 4 14 7 8 4 10 2 3 4 10 7 17 4 5 7 17 4 15 5 16  12
1 2 12 4 10 7 11 4 5 2 18 4 14 2 3 4 1 7 8 4 9 7 17 4 5 7 17 4 9 2 18 4 14 7 11 4 15 10 16  12
9 7 17 4 5 7 8 4 9 2 6 4 1 7 8 4 10 2 6 4 14 7 17 4 10 7 17 4 1 2 3 4 14 2 6 4 15 5 16  12
5 7 17 4 10 2 6 4 10 7 17 4 9 7 13 4 5 2 6 4 9 2 3 4 1 7 13 4 14 7 8 4 14 2 18 4 15 1 16  12
5 7 13 4 1 7 11 4 10 7 13 4 5 2 18 4 9 7 13 4 10 2 18 4 1 2 6 4 14 7 11 4 14 2 6 4 15 9 16  11
10 7 17 4 5 2 6 4 14 7 8 4 10 2 6 4 14 2 12 4 9 7 17 4 1 2 6 4 1 7 17 4 5 7 17 4 15 9 16  10
1 2 6 4 1 7 17 4 9 2 6 4 14 7 11 4 9 7 17 4 5 7 11 4 10 7 17 4 5 2 12 4 14 2 12 4 15 10 16  10
1 2 18 4 14 2 3 4 5 7 8 4 1 7 13 4 5 2 6 4 9 7 11 4 10 7 8 4 14 7 11 4 9 2 3 4 15 10 16  10
5 7 11 4 10 2 6 4 9 7 13 4 14 7 11 4 9 2 6 4 14 2 12 4 1 7 13 4 5 2 12 4 10 7 13 4 15 1 16  10
1 7 8 4 14 7 11 4 5 7 8 4 9 2 18 4 10 7 13 4 1 2 12 4 10 2 18 4 14 2 3 4 9 7 13 4 15 5 16  6
1 7 17 4 1 2 3 4 14 7 17 4 10 7 11 4 5 7 13 4 10 2 12 4 9 7 11 4 5 2 18 4 14 2 3 4 15 9 16  6
1 7 11 4 14 7 8 4 1 2 18 4 14 2 6 4 9 2 6 4 9 7 8 4 5 2 3 4 5 7 17 4 10 7 11 4 15 10 16  11
14 7 13 4 5 7 13 4 9 7 8 4 10 7 13 4 1 7 13 4 9 2 3 4 1 2 12 4 14 2 12 4 5 2 12 4 15 10 16  6
10 2 12 4 10 7 17 4 9 2 6 4 14 2 18 4 14 7 13 4 5 7 17 4 1 7 8 4 5 2 12 4 9 7 8 4 15 1 16  10
5 7 17 4 10 7 11 4 1 7 11 4 1 2 18 4 14 7 17 4 9 2 3 4 5 2 12 4 9 7 8 4 14 2 12 4 15 10 16  11
10 2 12 4 1 7 13 4 9 7 17 4 5 2 12 4 14 7 13 4 1 2 3 4 10 7 17 4 5 7 17 4 14 2 3 4 15 9 16  6
5 2 6 4 10 2 18 4 14 7 11 4 9 7 11 4 1 2 3 4 10 7 8 4 5 7 11 4 1 7 13 4 14 2 6 4 15 9 16  10
1 2 12 4 5 7 8 4 5 2 18 4 9 7 8 4 14 2 3 4 14 7 11 4 10 7 11 4 1 7 17 4 9 2 18 4 15 10 16  12
10 2 6 4 5 2 6 4 5 7 13 4 10 7 13 4 9 7 11 4 9 2 3 4 1 2 18 4 14 7 17 4 1 7 17 4 15 14 16  11
14 7 17 4 14 2 6 4 5 7 11 4 10 2 6 4 9 7 17 4 1 7 11 4 9 2 6 4 5 2 18 4 10 7 17 4 15 1 16  11
10 7 17 4 14 7 11 4 9 2 12 4 5 7 13 4 9 7 13 4 14 2 3 4 1 7 17 4 5 2 12 4 1 2 18 4 15 10 16  11
9 2 18 4 14 2 3 4 1 7 17 4 14 7 8 4 10 2 18 4 5 7 17 4 10 7 11 4 9 7 11 4 5 2 6 4 15 1 16  10
1 7 17 4 14 2 18 4 5 7 13 4 10 7 11 4 5 2 3 4 14 7 11 4 9 7 13 4 9 2 3 4 1 2 12 4 15 10 16  11
10 2 18 4 1 7 11 4 9 7 13 4 5 2 18 4 5 7 17 4 9 2 6 4 14 7 17 4 10 7 17 4 1 2 12 4 15 14 16  11
1 2 18 4 14 7 17 4 10 2 12 4 1 7 17 4 10 7 11 4 5 7 13 4 9 7 11 4 5 2 6 4 14 2 18 4 15 9 16  6
9 2 18 4 5 2 6 4 5 7 11 4 10 2 6 4 9 7 8 4 1 7 13 4 1 2 12 4 10 7 11 4 14 7 8 4 15 14 16  11
5 2 6 4 9 7 8 4 10 7 13 4 1 2 12 4 10 2 18 4 14 7 11 4 5 7 8 4 1 7 11 4 14 2 12 4 15 9 16  10
10 7 8 4 5 7 8 4 9 2 6 4 1 7 17 4 14 2 3 4 9 7 8 4 5 2 6 4 14 7 17 4 1 2 3 4 15 10 16  10
5 7 17 4 5 2 3 4 1 7 17 4 9 7 17 4 10 7 13 4 10 2 18 4 1 2 3 4 14 7 17 4 9 2 3 4 15 14 16  12
14 7 8 4 5 7 11 4 14 2 3 4 1 7 11 4 5 2 12 4 10 7 13 4 10 2 6 4 9 2 18 4 9 7 17 4 15 1 16  6
10 7 17 4 10 2 6 4 5 2 6 4 1 7 11 4 5 7 17 4 9 7 8 4 1 2 3 4 14 7 8 4 9 2 18 4 15 14 16  11
1 7 11 4 5 2 3 4 14 7 17 4 10 2 3 4 5 7 11 4 10 7 11 4 9 7 13 4 14 2 18 4 9 2 12 4 15 1 16  12
1 2 6 4 10 2 3 4 14 7 17 4 5 7 11 4 9 2 12 4 1 7 11 4 9 7 13 4 14 2 3 4 10 7 17 4 15 5 16  10
5 2 12 4 14 7 13 4 5 7 13 4 1 7 13 4 10 2 12 4 9 7 11 4 1 2 12 4 9 2 3 4 10 7 13 4 15 14 16  6
14 2 3 4 1 7 8 4 9 7 13 4 1 2 18 4 10 7 8 4 10 2 18 4 14 7 17 4 5 7 13 4 5 2 12 4 15 9 16  6
14 2 18 4 9 2 18 4 5 2 18 4 10 7 11 4 1 7 13 4 5 7 13 4 9 7 13 4 10 2 6 4 14 7 13 4 15 1 16  11
5 2 12 4 1 2 6 4 14 7 8 4 10 7 17 4 14 2 18 4 10 2 6 4 9 7 11 4 1 7 17 4 5 7 11 4 15 9 16  6
1 7 8 4 9 7 11 4 14 2 18 4 14 7 13 4 5 7 8 4 1 2 3 4 10 7 11 4 5 2 3 4 9 2 12 4 15 10 16  6
10 2 3 4 14 7 13 4 5 7 13 4 9 7 13 4 1 7 13 4 9 2 3 4 14 2 3 4 10 7 13 4 5 2 3 4 15 1 16  12
14 7 13 4 1 2 12 4 10 7 8 4 5 2 12 4 10 2 6 4 14 2 12 4 9 7 13 4 5 7 13 4 1 7 13 4 15 9 16  6
14 7 11 4 5 7 17 4 1 7 8 4 9 7 8 4 5 2 18 4 14 2 6 4 1 2 3 4 10 2 6 4 10 7 11 4 15 9 16  12
14 7 13 4 5 7 11 4 14 2 6 4 10 7 8 4 5 2 3 4 9 2 12 4 9 7 8 4 1 2 12 4 1 7 8 4 15 10 16  6
5 2 18 4 9 2 12 4 9 7 8 4 1 7 17 4 10 2 12 4 10 7 8 4 14 7 11 4 5 7 11 4 1 2 6 4 15 14 16  11
9 2 12 4 10 2 3 4 5 7 8 4 5 2 3 4 1 7 13 4 14 7 13 4 9 7 13 4 10 7 8 4 14 2 12 4 15 1 16  6
1 2 3 4 14 2 3 4 5 2 18 4 9 7 11 4 10 2 3 4 5 7 8 4 14 7 11 4 10 7 11 4 1 7 11 4 15 9 16  12
1 7 11 4 14 2 6 4 5 2 3 4 10 7 8 4 14 7 17 4 9 7 17 4 10 2 18 4 1 2 12 4 5 7 13 4 15 9 16  10
9 2 3 4 9 7 17 4 14 7 13 4 5 7 11 4 1 2 6 4 10 7 17 4 1 7 11 4 10 2 3 4 14 2 12 4 15 5 16  10
10 7 13 4 5 7 8 4 1 2 18 4 14 2 12 4 1 7 13 4 9 2 6 4 9 7 8 4 14 7 17 4 5 2 6 4 15 10 16  11
14 7 17 4 5 2 18 4 1 7 13 4 10 2 6 4 14 2 18 4 5 7 17 4 1 2 12 4 10 7 8 4 9 7 17 4 15 9 16  11
9 2 12 4 5 7 13 4 5 2 6 4 10 7 17 4 1 2 3 4 14 2 12 4 14 7 11 4 1 7 17 4 9 7 11 4 15 10 16  12
5 2 3 4 9 2 6 4 14 2 12 4 1 2 6 4 10 7 8 4 1 7 11 4 14 7 17 4 9 7 11 4 5 7 8 4 15 10 16  12
14 2 18 4 9 7 11 4 5 2 18 4 9 2 6 4 5 7 17 4 14 7 17 4 1 2 3 4 10 7 17 4 1 7 8 4 15 10 16  11
14 2 3 4 9 2 3 4 1 7 17 4 14 7 11 4 1 2 6 4 10 2 3 4 9 7 11 4 5 7 11 4 10 7 11 4 15 5 16  12
10 7 11 4 5 2 6 4 1 2 6 4 1 7 11 4 5 7 11 4 14 2 6 4 14 7 11 4 9 7 11 4 9 2 6 4 15 10 16  10
5 2 6 4 14 2 6 4 1 2 12 4 14 7 13 4 10 2 6 4 5 7 13 4 9 7 13 4 10 7 13 4 1 7 17 4 15 9 16  10
5 2 18 4 9 7 13 4 10 2 3 4 14 7 11 4 9 2 3 4 1 7 11 4 5 7 11 4 14 2 18 4 10 7 13 4 15 1 16  11
14 7 8 4 10 7 13 4 1 2 18 4 10 2 12 4 14 2 3 4 5 2 3 4 9 7 8 4 1 7 11 4 5 7 8 4 15 9 16  12
5 2 3 4 9 2 18 4 14 7 8 4 9 7 13 4 10 7 8 4 1 7 17 4 14 2 3 4 1 2 12 4 5 7 8 4 15 10 16  12
5 7 17 4 1 7 13 4 10 7 11 4 14 7 13 4 1 2 12 4 5 2 6 4 9 7 8 4 10 2 3 4 9 2 18 4 15 14 16  6
10 2 18 4 14 7 17 4 5 2 18 4 5 7 8 4 1 2 12 4 1 7 11 4 10 7 8 4 9 7 8 4 14 2 3 4 15 9 16  11
1 7 8 4 10 7 17 4 14 2 18 4 9 2 6 4 9 7 8 4 14 7 11 4 5 7 11 4 10 2 12 4 5 2 18 4 15 1 16  10
5 2 18 4 14 2 6 4 1 7 8 4 5 7 8 4 9 7 11 4 14 7 11 4 1 2 18 4 10 7 11 4 10 2 6 4 15 9 16  10
10 7 13 4 9 7 13 4 5 7 8 4 1 2 3 4 14 7 13 4 5 2 18 4 14 2 6 4 1 7 11 4 9 2 6 4 15 10 16  10
10 7 11 4 9 7 17 4 5 7 17 4 9 2 3 4 14 7 13 4 14 2 6 4 1 7 17 4 1 2 3 4 10 2 12 4 15 5 16  12
1 2 18 4 9 7 8 4 10 7 8 4 14 7 17 4 5 2 18 4 14 2 3 4 1 7 8 4 10 2 18 4 5 7 8 4 15 9 16  11
5 7 11 4 10 2 6 4 9 7 17 4 1 7 17 4 14 2 18 4 10 7 17 4 5 2 12 4 14 7 8 4 9 2 6 4 15 1 16  10
5 2 18 4 5 7 13 4 10 7 13 4 9 7 11 4 1 7 13 4 14 7 13 4 9 2 6 4 14 2 18 4 1 2 18 4 15 10 16  11
14 7 8 4 10 7 13 4 5 2 6 4 5 7 8 4 9 7 8 4 1 2 12 4 9 2 6 4 1 7 17 4 10 2 18 4 15 14 16  10
14 2 12 4 14 7 11 4 5 2 18 4 5 7 17 4 9 2 6 4 1 2 6 4 10 7 17 4 1 7 13 4 9 7 13 4 15 10 16  11
14 7 8 4 9 7 8 4 1 7 17 4 1 2 12 4 10 2 18 4 5 2 6 4 5 7 11 4 14 2 18 4 10 7 8 4 15 9 16  11
9 7 17 4 10 2 12 4 14 2 18 4 9 2 12 4 1 7 11 4 14 7 11 4 1 2 18 4 10 7 17 4 5 7 17 4 15 5 16  6
14 2 3 4 1 7 11 4 10 7 13 4 5 7 17 4 10 2 12 4 9 7 13 4 14 7 11 4 1 2 3 4 5 2 18 4 15 9 16  6
14 7 8 4 1 7 17 4 1 2 3 4 10 7 8 4 5 2 6 4 9 7 13 4 10 2 6 4 5 7 8 4 9 2 12 4 15 14 16  10
1 7 8 4 5 2 12 4 10 7 8 4 14 2 12 4 5 7 8 4 10 2 12 4 9 7 8 4 1 2 12 4 14 7 8 4 15 9 16  6
10 7 17 4 14 2 18 4 14 7 13 4 10 2 6 4 5 7 17 4 1 7 13 4 9 2 18 4 5 2 6 4 9 7 13 4 15 1 16  11
1 2 12 4 9 2 18 4 9 7 8 4 10 7 8 4 5 2 12 4 1 7 17 4 14 7 8 4 5 7 17 4 14 2 18 4 15 10 16  11
14 2 3 4 1 7 13 4 14 7 8 4 9 2 3 4 1 2 18 4 9 7 8 4 5 7 8 4 10 7 8 4 5 2 3 4 15 10 16  12
14 7 11 4 9 7 17 4 5 2 12 4 1 7 11 4 1 2 6 4 5 7 17 4 9 2 12 4 10 2 18 4 10 7 8 4 15 14 16  10
5 2 3 4 14 7 11 4 9 2 6 4 10 7 11 4 5 7 11 4 9 7 8 4 10 2 3 4 14 2 3 4 1 7 11 4 15 1 16  12
1 7 11 4 5 7 17 4 10 7 17 4 14 2 12 4 9 7 17 4 14 7 11 4 9 2 18 4 5 2 18 4 10 2 18 4 15 1 16  6
1 2 3 4 14 2 6 4 9 7 17 4 5 2 12 4 5 7 11 4 1 7 8 4 14 7 17 4 10 7 8 4 9 2 6 4 15 10 16  12
9 7 17 4 14 2 18 4 10 2 6 4 5 2 6 4 1 2 3 4 1 7 17 4 14 7 11 4 10 7 8 4 5 7 8 4 15 9 16  12
14 2 3 4 10 2 12 4 1 2 18 4 14 7 17 4 5 7 13 4 1 7 8 4 9 2 12 4 9 7 13 4 10 7 13 4 15 5 16  6
1 2 3 4 14 7 13 4 1 7 13 4 9 2 3 4 5 7 8 4 9 7 13 4 5 2 12 4 10 2 12 4 10 7 8 4 15 14 16  12
1 7 11 4 14 7 13 4 9 7 11 4 5 7 8 4 14 2 6 4 5 2 3 4 1 2 12 4 10 2 6 4 10 7 13 4 15 9 16  6
10 7 11 4 14 7 8 4 14 2 3 4 1 2 12 4 5 2 18 4 9 7 13 4 10 2 12 4 1 7 11 4 5 7 13 4 15 9 16  11
5 2 12 4 14 7 11 4 1 2 12 4 9 7 8 4 5 7 8 4 14 2 18 4 10 2 12 4 10 7 8 4 1 7 8 4 15 9 16  6
1 2 12 4 14 7 13 4 9 7 13 4 10 7 11 4 5 7 8 4 5 2 18 4 1 7 11 4 14 2 3 4 10 2 12 4 15 9 16  12
1 7 11 4 14 7 11 4 5 7 11 4 1 2 12 4 10 7 8 4 10 2 18 4 5 2 12 4 9 7 11 4 9 2 12 4 15 14 16  6
10 2 3 4 9 7 17 4 9 2 3 4 14 7 11 4 10 7 17 4 1 2 3 4 14 2 6 4 1 7 17 4 5 7 17 4 15 5 16  12
1 7 8 4 14 7 11 4 9 7 17 4 5 7 8 4 14 2 12 4 10 7 11 4 10 2 12 4 5 2 3 4 9 2 18 4 15 1 16  12
1 2 18 4 1 7 8 4 14 2 12 4 5 7 13 4 9 7 13 4 9 2 3 4 14 7 17 4 10 2 3 4 10 7 13 4 15 5 16  12
1 2 6 4 14 7 13 4 5 2 6 4 14 2 18 4 10 7 13 4 5 7 17 4 9 2 18 4 1 7 17 4 9 7 13 4 15 10 16  11
9 2 6 4 1 2 18 4 14 7 11 4 10 7 17 4 10 2 18 4 14 2 3 4 1 7 17 4 9 7 13 4 5 7 17 4 15 5 16  11
10 2 12 4 1 2 18 4 14 2 18 4 14 7 13 4 10 7 8 4 5 7 13 4 9 2 3 4 1 7 13 4 9 7 11 4 15 5 16  11
14 2 6 4 10 2 6 4 10 7 17 4 9 2 18 4 14 7 17 4 9 7 13 4 1 7 13 4 5 2 6 4 5 7 17 4 15 1 16  11
14 7 13 4 9 2 12 4 9 7 8 4 5 7 17 4 10 7 17 4 5 2 3 4 1 7 13 4 1 2 6 4 10 2 3 4 15 14 16  10
5 2 12 4 14 2 3 4 9 2 6 4 14 7 13 4 1 2 3 4 9 7 17 4 1 7 13 4 5 7 11 4 10 7 17 4 15 10 16  10
10 7 17 4 1 2 6 4 5 7 17 4 9 7 8 4 14 7 8 4 9 2 18 4 10 2 6 4 5 2 6 4 1 7 17 4 15 14 16  11
10 2 12 4 9 2 12 4 14 2 6 4 5 7 13 4 9 7 13 4 1 2 3 4 10 7 13 4 1 7 8 4 14 7 17 4 15 5 16  6
5 2 3 4 1 7 13 4 1 2 18 4 14 7 17 4 9 2 3 4 10 7 17 4 10 2 12 4 5 7 11 4 9 7 11 4 15 14 16  6
9 7 17 4 10 7 11 4 5 2 18 4 14 7 8 4 5 7 8 4 1 7 11 4 9 2 3 4 1 2 12 4 14 2 18 4 15 10 16  6
1 7 13 4 14 2 3 4 1 2 3 4 9 7 13 4 10 2 6 4 9 2 3 4 10 7 17 4 14 7 13 4 5 7 13 4 15 5 16  12
5 7 11 4 10 7 17 4 14 2 18 4 9 2 12 4 1 7 17 4 14 7 8 4 9 7 11 4 1 2 6 4 5 2 12 4 15 10 16  10
9 7 8 4 10 2 18 4 1 7 13 4 10 7 17 4 14 7 8 4 5 7 13 4 5 2 12 4 14 2 6 4 1 2 12 4 15 9 16  10
5 7 11 4 14 2 6 4 1 2 6 4 10 2 3 4 9 7 13 4 14 7 11 4 10 7 13 4 9 2 3 4 1 7 11 4 15 5 16  10
5 7 8 4 5 2 12 4 14 2 3 4 14 7 17 4 1 7 17 4 10 2 18 4 1 2 3 4 10 7 13 4 9 7 17 4 15 9 16  12
10 7 11 4 9 7 17 4 14 2 18 4 9 2 3 4 1 7 13 4 10 2 18 4 5 7 11 4 14 7 11 4 1 2 12 4 15 5 16  11
14 7 13 4 1 7 8 4 9 7 17 4 9 2 12 4 5 7 13 4 10 7 13 4 1 2 3 4 14 2 18 4 5 2 18 4 15 10 16  11
10 7 13 4 5 7 13 4 5 2 6 4 14 7 11 4 1 2 12 4 1 7 17 4 9 2 6 4 14 2 18 4 9 7 13 4 15 10 16  10
1 2 18 4 14 7 17 4 5 7 8 4 1 7 13 4 10 7 17 4 9 7 8 4 5 2 12 4 9 2 12 4 14 2 3 4 15 10 16  12
14 7 8 4 10 7 11 4 1 7 8 4 5 7 17 4 9 7 11 4 5 2 12 4 1 2 3 4 10 2 6 4 9 2 6 4 15 14 16  12
5 7 13 4 5 2 12 4 1 7 8 4 14 2 3 4 10 7 8 4 9 7 8 4 9 2 3 4 14 7 8 4 1 2 3 4 15 10 16  12
10 2 12 4 14 7 17 4 5 2 18 4 14 2 18 4 1 2 12 4 1 7 13 4 5 7 17 4 10 7 13 4 9 7 17 4 15 9 16  11
1 7 8 4 5 7 13 4 10 7 13 4 14 7 8 4 14 2 6 4 1 2 6 4 9 2 3 4 10 2 3 4 9 7 13 4 15 5 16  12
10 2 18 4 14 7 13 4 5 7 13 4 1 2 6 4 9 7 8 4 1 7 13 4 10 7 11 4 5 2 6 4 9 2 12 4 15 14 16  10
10 2 18 4 5 7 13 4 10 7 8 4 5 2 6 4 1 7 17 4 9 7 17 4 1 2 3 4 14 2 6 4 14 7 13 4 15 9 16  12
9 2 6 4 5 2 3 4 1 7 8 4 14 7 8 4 10 7 13 4 14 2 3 4 10 2 18 4 9 7 17 4 5 7 8 4 15 1 16  12
9 7 17 4 9 2 12 4 14 2 18 4 1 7 13 4 10 2 12 4 10 7 17 4 14 7 13 4 1 2 18 4 5 7 17 4 15 5 16  6
10 7 17 4 5 2 18 4 9 2 3 4 9 7 17 4 5 7 8 4 10 2 3 4 14 7 8 4 1 2 3 4 1 7 17 4 15 14 16  11
9 2 3 4 14 2 6 4 1 7 13 4 5 2 3 4 14 7 8 4 10 7 17 4 5 7 13 4 10 2 18 4 9 7 13 4 15 1 16  12
14 7 11 4 9 7 17 4 5 7 11 4 1 7 8 4 10 7 11 4 14 2 3 4 9 2 6 4 10 2 3 4 1 2 12 4 15 5 16  12
9 2 6 4 14 2 12 4 5 7 11 4 5 2 12 4 1 7 8 4 10 7 8 4 14 7 11 4 10 2 18 4 9 7 17 4 15 1 16  11
10 7 11 4 14 7 8 4 9 2 18 4 5 2 6 4 1 2 12 4 1 7 11 4 5 7 8 4 9 7 17 4 10 2 12 4 15 14 16  10
10 7 8 4 5 7 13 4 5 2 6 4 9 7 13 4 14 2 3 4 1 7 13 4 14 7 17 4 1 2 6 4 10 2 12 4 15 9 16  10
1 7 8 4 1 2 12 4 14 7 8 4 5 2 6 4 10 7 17 4 5 7 13 4 9 7 11 4 9 2 3 4 10 2 18 4 15 14 16  6
5 7 8 4 9 2 12 4 1 7 11 4 14 7 8 4 10 2 6 4 14 2 6 4 1 2 18 4 10 7 8 4 9 7 17 4 15 5 16  10
10 7 13 4 1 2 18 4 14 7 8 4 10 2 12 4 9 7 13 4 5 7 17 4 5 2 18 4 1 7 17 4 14 2 3 4 15 9 16  6
1 7 17 4 9 7 8 4 1 2 3 4 14 2 3 4 10 2 18 4 5 7 17 4 10 7 13 4 9 2 6 4 14 7 17 4 15 5 16  12
10 2 3 4 1 2 18 4 14 2 6 4 1 7 13 4 10 7 8 4 5 2 6 4 9 7 17 4 14 7 17 4 5 7 17 4 15 9 16  10
5 7 13 4 1 7 11 4 1 2 6 4 9 2 6 4 14 7 17 4 9 7 11 4 10 7 17 4 5 2 12 4 10 2 3 4 15 14 16  12
5 7 13 4 9 2 18 4 1 2 3 4 14 7 11 4 1 7 13 4 10 2 18 4 9 7 11 4 14 2 18 4 10 7 11 4 15 5 16  12
10 7 17 4 14 2 6 4 14 7 13 4 5 7 11 4 9 7 17 4 1 7 17 4 10 2 18 4 1 2 18 4 5 2 12 4 15 9 16  11
5 7 17 4 9 7 8 4 10 7 13 4 5 2 18 4 10 2 12 4 14 2 3 4 1 2 6 4 14 7 8 4 1 7 11 4 15 9 16  12
1 7 13 4 14 2 3 4 10 2 12 4 9 2 18 4 5 7 11 4 14 7 11 4 10 7 13 4 9 7 8 4 1 2 12 4 15 5 16  12
14 2 3 4 5 2 18 4 1 2 12 4 9 7 17 4 1 7 13 4 14 7 17 4 5 7 11 4 10 7 8 4 10 2 6 4 15 9 16  12
10 7 8 4 1 2 12 4 9 2 6 4 5 7 8 4 10 2 18 4 14 2 3 4 1 7 13 4 14 7 11 4 9 7 17 4 15 5 16  11
9 7 13 4 1 2 18 4 5 7 11 4 10 7 13 4 9 2 12 4 1 7 17 4 5 2 3 4 10 2 12 4 14 7 11 4 15 14 16  12
5 2 3 4 9 7 11 4 10 7 11 4 5 7 17 4 9 2 6 4 14 7 11 4 1 7 8 4 10 2 6 4 1 2 18 4 15 14 16  10
1 7 11 4 5 2 18 4 14 2 6 4 14 7 17 4 5 7 11 4 9 7 11 4 10 2 6 4 1 2 18 4 10 7 17 4 15 9 16  11
1 7 17 4 9 2 3 4 10 2 3 4 10 7 8 4 14 2 18 4 14 7 17 4 5 2 18 4 5 7 17 4 9 7 8 4 15 1 16  11
9 7 8 4 5 2 6 4 1 2 3 4 1 7 17 4 14 7 13 4 9 2 18 4 14 2 6 4 10 7 8 4 5 7 13 4 15 10 16  11
9 7 8 4 1 2 6 4 1 7 8 4 9 2 6 4 10 7 17 4 14 7 13 4 5 2 18 4 10 2 12 4 5 7 13 4 15 14 16  11
5 7 17 4 14 2 12 4 10 2 3 4 10 7 8 4 9 7 13 4 1 2 18 4 5 2 18 4 1 7 17 4 14 7 13 4 15 9 16  6
9 7 13 4 5 7 17 4 1 2 6 4 10 7 13 4 5 2 12 4 14 7 13 4 10 2 3 4 1 7 11 4 9 2 3 4 15 14 16  12
1 2 6 4 5 7 11 4 9 7 11 4 5 2 12 4 9 2 12 4 10 2 6 4 1 7 17 4 10 7 17 4 14 7 17 4 15 14 16  10
5 2 3 4 14 2 18 4 10 2 12 4 1 7 11 4 10 7 11 4 14 7 17 4 5 7 13 4 1 2 12 4 9 7 17 4 15 9 16  11
1 7 8 4 5 7 11 4 10 2 12 4 5 2 6 4 10 7 13 4 14 2 18 4 9 2 12 4 9 7 13 4 14 7 8 4 15 1 16  11
14 2 6 4 9 2 6 4 10 7 13 4 5 7 8 4 14 7 11 4 5 2 18 4 10 2 3 4 1 7 13 4 9 7 11 4 15 1 16  12
9 2 18 4 10 2 12 4 5 7 17 4 9 7 13 4 5 2 6 4 1 7 13 4 10 7 8 4 14 2 12 4 14 7 8 4 15 1 16  11
5 7 13 4 9 7 11 4 5 2 3 4 14 2 12 4 10 7 13 4 14 7 17 4 1 2 3 4 9 2 18 4 1 7 13 4 15 10 16  12
9 7 8 4 14 2 6 4 14 7 17 4 1 7 13 4 1 2 18 4 10 7 8 4 5 7 17 4 5 2 6 4 10 2 3 4 15 9 16  12
1 2 18 4 10 2 12 4 14 7 17 4 5 2 6 4 9 2 18 4 9 7 8 4 5 7 13 4 10 7 17 4 1 7 8 4 15 14 16  6
1 2 6 4 14 2 18 4 10 7 13 4 5 7 13 4 1 7 13 4 14 7 8 4 10 2 6 4 9 7 13 4 5 2 6 4 15 9 16  10
10 7 13 4 10 2 3 4 9 2 3 4 5 2 12 4 14 7 17 4 14 2 12 4 1 7 13 4 5 7 17 4 9 7 13 4 15 1 16  12
9 2 12 4 14 2 3 4 1 2 18 4 1 7 11 4 5 7 17 4 10 7 8 4 9 7 17 4 10 2 3 4 14 7 8 4 15 5 16  6
9 2 3 4 10 2 18 4 9 7 11 4 5 7 17 4 1 7 17 4 14 7 8 4 10 7 17 4 1 2 18 4 14 2 6 4 15 5 16  11
14 2 12 4 10 2 6 4 9 2 12 4 10 7 11 4 1 7 11 4 1 2 6 4 14 7 13 4 5 7 11 4 9 7 13 4 15 5 16  10
14 7 8 4 1 7 8 4 9 7 13 4 10 2 6 4 10 7 13 4 5 7 17 4 9 2 6 4 5 2 3 4 1 2 12 4 15 14 16  6
5 2 3 4 10 2 12 4 14 7 8 4 9 2 12 4 1 7 8 4 14 2 12 4 5 7 13 4 9 7 8 4 10 7 8 4 15 1 16  6
14 2 6 4 9 2 12 4 14 7 11 4 10 7 8 4 5 7 13 4 5 2 3 4 9 7 8 4 1 7 11 4 10 2 12 4 15 1 16  10
10 7 8 4 10 2 18 4 1 2 3 4 14 7 13 4 9 7 13 4 1 7 13 4 5 7 13 4 14 2 3 4 5 2 3 4 15 9 16  12
5 2 3 4 1 7 17 4 5 7 17 4 14 2 12 4 10 2 6 4 14 7 11 4 10 7 13 4 9 7 11 4 9 2 12 4 15 1 16  12
9 2 3 4 10 7 11 4 5 2 6 4 5 7 11 4 1 7 11 4 14 7 11 4 10 2 6 4 14 2 6 4 9 7 17 4 15 1 16  10
5 7 13 4 10 7 8 4 9 7 17 4 1 7 17 4 10 2 6 4 14 7 13 4 5 2 12 4 9 2 18 4 14 2 12 4 15 1 16  11
10 7 8 4 5 2 6 4 5 7 8 4 1 7 13 4 14 7 13 4 9 2 18 4 14 2 18 4 1 2 18 4 9 7 13 4 15 10 16  10
9 2 3 4 5 7 17 4 14 2 12 4 1 7 8 4 10 7 8 4 14 7 13 4 5 2 3 4 10 2 18 4 9 7 17 4 15 1 16  11
1 7 8 4 5 2 12 4 14 7 13 4 1 2 6 4 9 7 13 4 14 2 3 4 10 7 11 4 10 2 12 4 5 7 11 4 15 9 16  12
9 7 17 4 9 2 12 4 14 7 17 4 10 2 3 4 1 7 8 4 5 7 17 4 14 2 12 4 10 7 8 4 1 2 3 4 15 5 16  6
9 7 8 4 14 2 6 4 5 2 6 4 14 7 13 4 1 2 6 4 10 7 8 4 9 2 18 4 1 7 13 4 5 7 13 4 15 10 16  11
14 2 12 4 9 7 8 4 9 2 12 4 1 2 3 4 5 2 6 4 1 7 11 4 10 7 8 4 5 7 17 4 14 7 8 4 15 10 16  6
1 2 18 4 10 2 18 4 10 7 17 4 1 7 17 4 9 2 18 4 5 2 18 4 9 7 17 4 5 7 17 4 14 7 17 4 15 14 16  11
5 7 17 4 10 2 3 4 1 7 8 4 1 2 12 4 14 7 11 4 14 2 18 4 9 7 8 4 10 7 17 4 9 2 12 4 15 5 16  12
14 7 13 4 10 2 6 4 14 2 18 4 1 7 13 4 10 7 8 4 5 2 6 4 9 2 18 4 9 7 13 4 5 7 8 4 15 1 16  11
9 7 8 4 10 7 13 4 1 7 17 4 1 2 6 4 10 2 18 4 5 7 11 4 14 7 11 4 14 2 12 4 9 2 3 4 15 5 16  6
9 7 13 4 5 7 11 4 10 7 11 4 9 2 6 4 14 2 3 4 14 7 17 4 5 2 12 4 1 7 17 4 10 2 12 4 15 1 16  12
1 7 8 4 10 2 18 4 10 7 8 4 9 7 13 4 5 2 6 4 5 7 11 4 9 2 12 4 14 7 11 4 14 2 6 4 15 1 16  11
9 7 13 4 5 7 13 4 14 7 11 4 1 7 11 4 10 2 12 4 10 7 13 4 14 2 3 4 9 2 12 4 1 2 3 4 15 5 16  6
9 7 13 4 10 2 3 4 1 2 12 4 5 7 17 4 1 7 13 4 5 2 6 4 14 2 12 4 10 7 11 4 14 7 13 4 15 9 16  6
10 7 13 4 5 7 17 4 5 2 3 4 1 2 18 4 9 7 17 4 14 2 6 4 14 7 13 4 1 7 11 4 10 2 6 4 15 9 16  12
5 2 18 4 9 7 13 4 14 2 18 4 1 2 18 4 14 7 17 4 10 7 17 4 5 7 17 4 9 2 6 4 1 7 17 4 15 10 16  11
10 7 17 4 10 2 12 4 5 7 11 4 9 2 3 4 1 2 6 4 14 2 3 4 1 7 13 4 14 7 11 4 9 7 11 4 15 5 16  12
9 7 13 4 5 7 17 4 10 2 6 4 10 7 13 4 14 2 18 4 5 2 12 4 1 7 13 4 9 2 6 4 14 7 11 4 15 1 16  10
14 2 3 4 10 7 8 4 1 7 8 4 5 2 6 4 9 7 13 4 14 7 11 4 5 7 8 4 9 2 18 4 1 2 6 4 15 10 16  10
1 7 11 4 9 2 3 4 9 7 8 4 1 2 12 4 14 7 13 4 10 2 12 4 5 7 11 4 10 7 11 4 14 2 18 4 15 5 16  6
14 7 8 4 9 2 3 4 14 2 3 4 9 7 8 4 5 2 3 4 1 2 3 4 1 7 8 4 10 7 8 4 5 7 8 4 15 10 16  12
9 7 11 4 10 7 11 4 10 2 6 4 14 2 6 4 1 7 13 4 1 2 18 4 5 2 12 4 14 7 11 4 5 7 8 4 15 9 16  10
5 2 6 4 1 7 8 4 14 7 8 4 5 7 17 4 9 7 11 4 10 7 11 4 14 2 18 4 9 2 12 4 10 2 12 4 15 1 16  11
14 7 13 4 5 7 8 4 1 2 3 4 14 2 3 4 9 7 17 4 10 7 13 4 1 7 13 4 9 2 6 4 5 2 12 4 15 10 16  12
14 2 3 4 1 2 3 4 14 7 13 4 5 7 13 4 9 7 13 4 10 7 17 4 10 2 6 4 1 7 13 4 5 2 3 4 15 9 16  12
10 7 8 4 9 7 11 4 5 2 12 4 5 7 8 4 14 7 13 4 9 2 18 4 1 7 8 4 14 2 6 4 10 2 12 4 15 1 16  6
14 2 6 4 9 2 3 4 5 2 3 4 9 7 13 4 10 7 8 4 14 7 8 4 1 2 6 4 1 7 8 4 5 7 13 4 15 10 16  10
5 7 13 4 1 7 13 4 9 7 13 4 1 2 3 4 10 2 18 4 9 2 3 4 14 7 13 4 10 7 8 4 5 2 3 4 15 14 16  12
10 7 17 4 5 7 17 4 1 7 8 4 14 7 11 4 14 2 6 4 10 2 12 4 1 2 18 4 9 2 12 4 9 7 17 4 15 5 16  6
5 2 18 4 5 7 8 4 10 7 8 4 9 2 18 4 14 2 3 4 9 7 8 4 10 2 18 4 14 7 13 4 1 7 8 4 15 1 16  11
10 7 17 4 1 2 3 4 9 2 6 4 14 7 8 4 1 7 8 4 14 2 3 4 5 7 8 4 9 7 17 4 10 2 6 4 15 5 16  12
5 2 18 4 1 7 17 4 1 2 3 4 14 7 8 4 10 2 6 4 5 7 13 4 9 2 3 4 9 7 17 4 10 7 8 4 15 14 16  10
5 7 17 4 14 2 12 4 9 2 12 4 1 7 17 4 1 2 12 4 14 7 17 4 10 7 17 4 5 2 12 4 9 7 17 4 15 10 16  6
5 7 11 4 1 7 8 4 10 7 8 4 1 2 12 4 10 2 12 4 14 2 6 4 5 2 18 4 14 7 17 4 9 7 8 4 15 9 16  6
14 2 6 4 5 2 3 4 9 7 13 4 9 2 3 4 5 7 13 4 1 7 17 4 14 7 11 4 1 2 12 4 10 7 13 4 15 10 16  12
14 7 13 4 5 7 17 4 10 7 13 4 14 2 6 4 9 2 18 4 9 7 17 4 10 2 6 4 1 2 3 4 1 7 11 4 15 5 16  11
9 7 17 4 1 7 17 4 14 2 12 4 1 2 6 4 10 7 13 4 14 7 11 4 10 2 3 4 9 2 6 4 5 7 13 4 15 5 16  12
9 7 11 4 1 2 18 4 5 7 17 4 14 2 12 4 14 7 11 4 1 7 17 4 9 2 12 4 5 2 18 4 10 7 11 4 15 10 16  6
5 7 8 4 14 7 8 4 5 2 18 4 9 7 8 4 1 2 12 4 14 2 18 4 1 7 13 4 9 2 18 4 10 7 8 4 15 10 16  11
5 2 12 4 10 2 18 4 1 7 17 4 1 2 6 4 10 7 8 4 14 7 8 4 14 2 18 4 5 7 11 4 9 7 11 4 15 9 16  6
9 7 13 4 1 2 6 4 10 7 11 4 14 7 13 4 1 7 8 4 5 7 8 4 14 2 3 4 10 2 12 4 5 2 6 4 15 9 16  12
5 7 17 4 14 2 6 4 1 7 13 4 14 7 8 4 1 2 12 4 9 2 3 4 5 2 18 4 10 7 13 4 9 7 11 4 15 10 16  6
14 7 8 4 9 7 8 4 10 2 6 4 10 7 17 4 5 2 12 4 1 2 18 4 5 7 8 4 1 7 13 4 9 2 12 4 15 14 16  6
1 7 11 4 9 2 3 4 14 7 11 4 9 7 8 4 10 7 11 4 14 2 6 4 10 2 6 4 5 2 6 4 5 7 11 4 15 1 16  10
14 7 11 4 10 2 12 4 10 7 8 4 5 7 13 4 1 2 12 4 1 7 8 4 14 2 18 4 9 7 13 4 5 2 3 4 15 9 16  12
9 2 18 4 1 7 11 4 1 2 6 4 10 2 3 4 14 2 12 4 9 7 8 4 14 7 17 4 5 7 8 4 10 7 13 4 15 5 16  11
10 7 17 4 9 2 18 4 9 7 17 4 1 7 11 4 14 2 6 4 5 7 8 4 14 7 11 4 10 2 18 4 5 2 3 4 15 1 16  10
10 2 3 4 14 7 17 4 5 7 13 4 10 7 13 4 1 7 13 4 14 2 6 4 9 2 6 4 1 2 3 4 9 7 17 4 15 5 16  12
1 7 13 4 9 2 12 4 14 2 6 4 14 7 8 4 1 2 12 4 5 2 12 4 10 7 8 4 9 7 13 4 5 7 13 4 15 10 16  10
5 7 11 4 10 7 11 4 14 2 18 4 1 7 13 4 10 2 12 4 1 2 6 4 14 7 17 4 9 7 17 4 9 2 18 4 15 5 16  6
10 7 8 4 14 7 8 4 9 7 8 4 1 2 18 4 5 7 17 4 5 2 6 4 1 7 13 4 9 2 3 4 10 2 3 4 15 14 16  12
10 2 18 4 14 7 13 4 10 7 17 4 9 7 13 4 14 2 6 4 1 2 6 4 5 7 11 4 1 7 13 4 5 2 12 4 15 9 16  10
1 7 13 4 9 7 11 4 10 2 12 4 14 7 11 4 9 2 6 4 10 7 13 4 5 7 13 4 5 2 12 4 1 2 12 4 15 14 16  10
10 7 8 4 9 2 18 4 14 7 8 4 1 2 12 4 5 2 18 4 5 7 13 4 1 7 17 4 9 7 13 4 10 2 6 4 15 14 16  10
10 7 17 4 1 7 17 4 10 2 3 4 5 2 18 4 5 7 11 4 14 7 13 4 9 7 11 4 14 2 6 4 1 2 3 4 15 9 16  11
1 2 6 4 14 7 8 4 10 2 6 4 9 7 8 4 5 7 8 4 10 7 13 4 5 2 3 4 1 7 13 4 14 2 3 4 15 9 16  12
9 7 8 4 5 2 3 4 1 2 12 4 9 2 3 4 14 7 13 4 1 7 11 4 5 7 8 4 10 7 13 4 10 2 18 4 15 14 16  11
1 2 3 4 5 7 13 4 10 7 13 4 10 2 18 4 14 7 17 4 14 2 12 4 9 2 18 4 1 7 8 4 9 7 13 4 15 5 16  11
14 2 12 4 1 2 12 4 9 2 18 4 14 7 17 4 9 7 11 4 5 2 3 4 5 7 8 4 1 7 17 4 10 7 17 4 15 10 16  6
1 2 3 4 14 7 11 4 14 2 12 4 5 7 8 4 5 2 6 4 1 7 13 4 10 7 8 4 9 7 11 4 10 2 6 4 15 9 16  6
14 7 11 4 5 2 6 4 10 7 13 4 9 2 12 4 5 7 17 4 9 7 8 4 14 2 18 4 1 7 17 4 10 2 3 4 15 1 16  10
10 7 13 4 5 2 12 4 1 7 11 4 9 2 3 4 14 7 17 4 5 7 11 4 1 2 12 4 10 2 18 4 9 7 17 4 15 14 16  12
14 7 8 4 10 7 8 4 1 7 8 4 5 2 12 4 9 2 18 4 9 7 8 4 5 7 13 4 10 2 18 4 1 2 18 4 15 14 16  11
9 7 8 4 1 2 18 4 14 7 8 4 14 2 3 4 5 7 17 4 1 7 13 4 10 2 12 4 10 7 11 4 5 2 6 4 15 9 16  12
9 7 13 4 14 7 8 4 5 7 11 4 1 7 13 4 10 7 11 4 10 2 6 4 1 2 12 4 5 2 6 4 14 2 18 4 15 9 16  6
1 7 11 4 10 2 18 4 14 2 18 4 5 7 13 4 9 2 12 4 14 7 11 4 10 7 11 4 5 2 3 4 9 7 8 4 15 1 16  11
9 7 17 4 10 2 12 4 1 7 11 4 9 2 12 4 5 7 17 4 1 2 3 4 10 7 17 4 5 2 12 4 14 7 11 4 15 14 16  12
9 7 11 4 14 2 6 4 10 7 8 4 1 7 8 4 10 2 6 4 1 2 6 4 5 2 3 4 5 7 11 4 14 7 8 4 15 9 16  12
9 2 18 4 9 7 8 4 14 7 8 4 1 7 17 4 5 7 17 4 14 2 18 4 5 2 3 4 1 2 3 4 10 7 17 4 15 10 16  12
9 2 12 4 14 7 13 4 14 2 6 4 1 7 13 4 1 2 6 4 10 7 11 4 10 2 3 4 9 7 17 4 5 7 17 4 15 5 16  6
5 2 12 4 14 7 13 4 1 2 6 4 9 7 8 4 10 7 8 4 5 7 8 4 14 2 3 4 1 7 17 4 9 2 12 4 15 10 16  6
5 7 8 4 14 2 6 4 10 2 6 4 9 2 12 4 1 2 6 4 10 7 8 4 14 7 8 4 1 7 8 4 9 7 13 4 15 5 16  10
1 7 8 4 10 7 8 4 5 7 8 4 14 2 6 4 5 2 6 4 9 7 8 4 9 2 6 4 1 2 6 4 14 7 8 4 15 10 16  10
5 7 8 4 1 7 17 4 1 2 3 4 10 2 6 4 9 2 18 4 10 7 13 4 5 2 18 4 9 7 8 4 14 7 8 4 15 14 16  11
1 7 17 4 9 2 12 4 5 2 18 4 1 2 12 4 5 7 13 4 14 7 13 4 9 7 17 4 10 2 18 4 10 7 13 4 15 14 16  11
1 2 3 4 1 7 13 4 5 2 3 4 10 7 13 4 9 7 8 4 14 2 18 4 10 2 3 4 5 7 13 4 14 7 8 4 15 9 16  11
14 2 6 4 5 7 17 4 5 2 6 4 10 7 11 4 10 2 18 4 9 7 8 4 9 2 3 4 1 7 8 4 14 7 17 4 15 1 16  12
5 7 8 4 14 7 13 4 10 7 13 4 1 2 12 4 1 7 11 4 14 2 6 4 5 2 18 4 9 2 18 4 9 7 8 4 15 10 16  10
9 7 8 4 9 2 12 4 1 7 13 4 10 2 6 4 14 7 17 4 10 7 17 4 5 7 8 4 5 2 12 4 1 2 3 4 15 14 16  10
9 7 11 4 5 7 17 4 1 2 18 4 1 7 11 4 14 2 18 4 14 7 11 4 5 2 3 4 9 2 18 4 10 7 17 4 15 10 16  12
14 7 11 4 10 2 6 4 1 2 12 4 5 7 13 4 1 7 13 4 5 2 12 4 10 7 11 4 9 7 11 4 9 2 6 4 15 14 16  10
1 2 6 4 14 7 8 4 9 7 11 4 14 2 18 4 1 7 11 4 10 7 13 4 5 7 8 4 10 2 3 4 5 2 18 4 15 9 16  10
1 2 6 4 9 7 17 4 9 2 18 4 14 2 3 4 5 2 3 4 14 7 13 4 10 7 17 4 5 7 13 4 1 7 8 4 15 10 16  11
9 7 8 4 5 7 17 4 9 2 12 4 10 7 17 4 10 2 18 4 14 7 8 4 14 2 12 4 5 2 18 4 1 7 17 4 15 1 16  11
1 7 13 4 9 7 13 4 10 7 11 4 5 2 18 4 14 7 13 4 9 2 3 4 14 2 3 4 5 7 11 4 1 2 3 4 15 10 16  11
10 2 12 4 9 7 17 4 10 7 11 4 5 7 17 4 5 2 3 4 14 7 11 4 14 2 12 4 1 7 11 4 9 2 3 4 15 1 16  6
5 2 3 4 14 7 11 4 10 2 3 4 1 7 11 4 5 7 8 4 9 2 3 4 14 2 12 4 9 7 8 4 10 7 8 4 15 1 16  6
5 7 11 4 5 2 6 4 14 7 13 4 10 7 11 4 1 7 17 4 10 2 6 4 1 2 3 4 9 7 13 4 14 2 18 4 15 9 16  11
14 7 11 4 1 7 17 4 9 2 18 4 10 7 11 4 9 7 13 4 10 2 3 4 5 2 3 4 1 2 12 4 5 7 11 4 15 14 16  12
5 7 13 4 10 7 13 4 5 2 12 4 1 7 8 4 9 7 11 4 1 2 3 4 14 7 11 4 14 2 6 4 10 2 12 4 15 9 16  10
5 7 8 4 9 7 17 4 14 7 8 4 1 7 17 4 10 2 3 4 1 2 6 4 5 2 12 4 10 7 13 4 14 2 12 4 15 9 16  10
1 7 11 4 5 7 17 4 9 2 18 4 14 7 13 4 10 7 17 4 14 2 3 4 10 2 6 4 1 2 18 4 9 7 11 4 15 5 16  10
10 7 13 4 9 7 17 4 5 7 17 4 10 2 18 4 1 2 18 4 1 7 13 4 9 2 12 4 14 7 8 4 14 2 6 4 15 5 16  6
5 7 17 4 10 7 17 4 1 2 18 4 1 7 17 4 9 7 17 4 14 7 13 4 5 2 18 4 14 2 12 4 10 2 18 4 15 9 16  11
5 7 8 4 9 7 11 4 5 2 12 4 14 2 12 4 10 7 11 4 9 2 3 4 14 7 8 4 1 2 18 4 1 7 17 4 15 10 16  12
14 7 8 4 1 7 17 4 10 2 12 4 10 7 8 4 5 7 8 4 9 2 6 4 5 2 12 4 9 7 11 4 1 2 3 4 15 14 16  6
14 7 8 4 1 7 13 4 1 2 6 4 5 7 13 4 10 7 17 4 9 7 17 4 9 2 3 4 14 2 12 4 5 2 6 4 15 10 16  12
9 7 13 4 9 2 3 4 5 2 12 4 5 7 17 4 1 2 18 4 10 7 11 4 1 7 11 4 10 2 18 4 14 7 17 4 15 14 16  6
5 7 13 4 1 7 17 4 14 7 13 4 5 2 12 4 10 7 11 4 1 2 3 4 10 2 6 4 9 2 3 4 9 7 17 4 15 14 16  6
1 2 12 4 9 7 17 4 1 7 17 4 10 2 3 4 14 7 11 4 9 2 12 4 5 7 11 4 14 2 3 4 10 7 11 4 15 5 16  12
5 7 13 4 10 2 12 4 9 7 17 4 14 7 13 4 10 7 17 4 1 2 3 4 5 2 18 4 14 2 18 4 1 7 11 4 15 9 16  6
9 2 6 4 10 7 13 4 1 2 18 4 10 2 6 4 5 7 17 4 5 2 12 4 14 7 17 4 1 7 8 4 9 7 13 4 15 14 16  6
9 7 8 4 1 7 11 4 14 2 12 4 5 7 11 4 9 2 18 4 14 7 13 4 10 2 12 4 1 2 6 4 10 7 13 4 15 5 16  10
9 2 6 4 9 7 17 4 5 2 18 4 10 7 17 4 14 7 17 4 1 2 18 4 5 7 13 4 14 2 6 4 1 7 13 4 15 10 16  10
9 2 12 4 5 2 18 4 9 7 13 4 14 7 17 4 10 7 13 4 5 7 17 4 1 7 17 4 14 2 18 4 1 2 18 4 15 10 16  6
10 2 18 4 14 7 11 4 9 7 8 4 9 2 3 4 10 7 11 4 14 2 18 4 5 7 17 4 5 2 6 4 1 7 11 4 15 1 16  11
9 7 17 4 10 2 3 4 9 2 12 4 5 7 17 4 1 2 3 4 14 7 13 4 1 7 13 4 10 7 13 4 5 2 12 4 15 14 16  12
14 2 12 4 10 2 6 4 9 7 11 4 5 2 3 4 10 7 17 4 1 7 11 4 14 7 8 4 5 7 13 4 9 2 18 4 15 1 16  11
9 2 3 4 5 2 3 4 14 7 11 4 10 2 6 4 14 2 3 4 10 7 17 4 1 7 11 4 5 7 11 4 9 7 11 4 15 1 16  12
9 7 11 4 9 2 18 4 1 2 18 4 14 2 12 4 14 7 13 4 5 2 18 4 5 7 11 4 1 7 11 4 10 7 13 4 15 10 16  6
5 7 8 4 14 7 13 4 1 7 8 4 10 2 12 4 5 2 18 4 1 2 18 4 9 7 11 4 14 2 6 4 10 7 11 4 15 9 16  6
9 2 12 4 1 2 3 4 1 7 17 4 10 7 11 4 14 2 3 4 5 2 12 4 9 7 11 4 5 7 11 4 14 7 17 4 15 10 16  6
10 7 17 4 9 7 11 4 14 7 17 4 9 2 6 4 5 7 11 4 10 2 3 4 1 7 8 4 5 2 6 4 1 2 12 4 15 14 16  12
5 2 18 4 1 7 11 4 10 7 17 4 5 7 11 4 14 7 11 4 9 7 8 4 14 2 18 4 9 2 12 4 10 2 6 4 15 1 16  11
9 7 8 4 10 2 12 4 1 7 8 4 5 7 17 4 14 2 3 4 1 2 12 4 14 7 17 4 10 7 8 4 9 2 12 4 15 5 16  12
14 2 18 4 1 7 11 4 1 2 18 4 10 7 11 4 5 7 17 4 10 2 18 4 9 7 17 4 9 2 12 4 14 7 11 4 15 5 16  6
9 2 18 4 14 7 11 4 5 7 11 4 10 7 8 4 14 2 3 4 5 2 3 4 1 2 3 4 9 7 8 4 1 7 11 4 15 10 16  11
14 2 6 4 9 7 13 4 1 7 13 4 14 7 13 4 5 2 6 4 10 2 6 4 5 7 13 4 1 2 6 4 10 7 13 4 15 9 16  10
9 2 3 4 14 2 3 4 5 2 12 4 1 7 17 4 5 7 13 4 9 7 17 4 14 7 17 4 10 2 3 4 10 7 17 4 15 1 16  12
1 7 8 4 10 7 8 4 1 2 6 4 14 2 12 4 9 2 18 4 10 2 6 4 5 7 17 4 14 7 17 4 9 7 13 4 15 5 16  6
9 7 17 4 1 2 3 4 5 7 17 4 1 7 11 4 14 7 11 4 10 7 17 4 14 2 3 4 5 2 12 4 9 2 12 4 15 10 16  6
5 7 13 4 1 2 18 4 5 2 3 4 1 7 8 4 10 2 12 4 14 7 17 4 9 2 6 4 9 7 17 4 10 7 11 4 15 14 16  10
14 2 3 4 14 7 17 4 9 7 13 4 9 2 6 4 5 2 18 4 10 7 17 4 5 7 11 4 1 7 17 4 10 2 3 4 15 1 16  12
1 7 8 4 1 2 3 4 14 7 17 4 9 2 12 4 10 7 8 4 5 2 6 4 9 7 13 4 5 7 11 4 14 2 18 4 15 10 16  12
14 7 17 4 5 2 18 4 10 2 3 4 10 7 8 4 1 2 6 4 1 7 11 4 9 2 18 4 5 7 17 4 9 7 17 4 15 14 16  11
1 7 13 4 10 2 3 4 9 7 8 4 14 7 13 4 10 7 8 4 14 2 6 4 1 2 6 4 5 7 8 4 9 2 3 4 15 5 16  12
1 7 8 4 5 7 17 4 5 2 3 4 14 2 3 4 10 7 17 4 9 2 12 4 1 2 6 4 9 7 11 4 14 7 17 4 15 10 16  12
1 2 18 4 5 7 13 4 14 7 13 4 9 7 13 4 10 7 13 4 5 2 6 4 9 2 6 4 1 7 17 4 10 2 6 4 15 14 16  10
14 2 3 4 9 7 13 4 9 2 6 4 14 7 11 4 5 2 12 4 10 7 13 4 5 7 17 4 1 2 6 4 1 7 13 4 15 10 16  10
14 7 13 4 1 7 13 4 14 2 12 4 9 7 13 4 5 7 13 4 5 2 12 4 10 7 17 4 9 2 12 4 10 2 3 4 15 1 16  6
9 2 3 4 9 7 8 4 1 7 11 4 14 2 12 4 14 7 11 4 5 2 18 4 10 7 8 4 10 2 3 4 5 7 17 4 15 1 16  6
10 2 12 4 14 7 13 4 5 7 17 4 1 7 17 4 9 2 6 4 9 7 11 4 1 2 12 4 14 2 3 4 10 7 17 4 15 5 16  6
5 2 12 4 5 7 11 4 14 2 12 4 1 7 13 4 10 7 11 4 9 7 13 4 14 7 11 4 1 2 18 4 9 2 18 4 15 10 16  6
1 7 13 4 14 7 17 4 5 7 11 4 5 2 6 4 9 7 13 4 10 2 18 4 1 2 12 4 10 7 17 4 14 2 18 4 15 9 16  6
9 7 8 4 1 7 8 4 9 2 3 4 10 2 18 4 14 2 3 4 5 7 17 4 14 7 8 4 10 7 17 4 1 2 3 4 15 5 16  11
1 7 11 4 1 2 3 4 14 7 11 4 10 7 17 4 5 7 8 4 9 7 17 4 5 2 18 4 10 2 6 4 9 2 6 4 15 14 16  12
14 7 8 4 5 7 17 4 9 2 6 4 10 7 11 4 14 2 6 4 9 7 8 4 1 7 11 4 5 2 18 4 1 2 3 4 15 10 16  12
9 2 18 4 1 7 13 4 14 7 17 4 10 2 6 4 1 2 12 4 5 2 18 4 10 7 11 4 9 7 17 4 5 7 17 4 15 14 16  11
10 2 6 4 9 2 3 4 14 7 8 4 10 7 17 4 5 2 18 4 14 2 12 4 9 7 11 4 5 7 13 4 1 7 8 4 15 1 16  6
14 7 13 4 14 2 3 4 10 2 3 4 9 2 12 4 10 7 13 4 1 7 11 4 1 2 12 4 5 7 13 4 9 7 11 4 15 5 16  12
9 7 11 4 5 7 17 4 5 2 6 4 10 7 13 4 14 2 18 4 10 2 3 4 1 7 17 4 9 2 18 4 14 7 11 4 15 1 16  10
5 2 12 4 1 2 3 4 5 7 11 4 14 7 8 4 14 2 6 4 10 2 18 4 10 7 17 4 9 7 8 4 1 7 13 4 15 9 16  10
14 2 12 4 5 2 6 4 5 7 17 4 1 7 11 4 14 7 13 4 9 7 11 4 1 2 3 4 10 2 12 4 10 7 13 4 15 9 16  12
10 2 12 4 1 2 18 4 14 2 12 4 9 2 12 4 14 7 13 4 9 7 13 4 10 7 13 4 5 7 13 4 1 7 17 4 15 5 16  6
5 7 17 4 1 2 3 4 5 2 3 4 9 7 17 4 1 7 17 4 14 7 8 4 10 2 18 4 9 2 3 4 10 7 8 4 15 14 16  11
5 2 3 4 10 2 12 4 9 7 8 4 9 2 3 4 10 7 17 4 14 7 17 4 5 7 8 4 1 7 17 4 14 2 12 4 15 1 16  6
1 7 11 4 14 7 13 4 5 7 11 4 14 2 3 4 9 7 11 4 9 2 12 4 10 7 8 4 1 2 12 4 10 2 18 4 15 5 16  6
1 2 3 4 5 2 18 4 1 7 13 4 10 7 13 4 14 7 8 4 10 2 3 4 9 7 8 4 5 7 17 4 9 2 12 4 15 14 16  6
10 2 3 4 5 7 8 4 9 2 6 4 14 2 18 4 1 7 13 4 9 7 13 4 10 7 17 4 5 2 18 4 14 7 8 4 15 1 16  10
10 7 8 4 9 7 17 4 1 7 11 4 5 7 13 4 1 2 3 4 14 7 8 4 9 2 18 4 5 2 6 4 14 2 12 4 15 10 16  6
10 7 11 4 9 2 6 4 9 7 11 4 14 7 13 4 1 7 11 4 5 7 13 4 10 2 6 4 14 2 12 4 1 2 6 4 15 5 16  6
5 2 6 4 10 7 11 4 1 7 17 4 9 7 13 4 14 2 12 4 1 2 6 4 5 7 17 4 10 2 18 4 14 7 13 4 15 9 16  6
9 2 12 4 5 7 8 4 1 7 8 4 5 2 12 4 14 2 6 4 1 2 12 4 9 7 8 4 14 7 13 4 10 7 13 4 15 10 16  10
9 7 17 4 14 2 18 4 9 2 18 4 1 2 6 4 14 7 17 4 5 7 13 4 10 7 17 4 1 7 13 4 10 2 18 4 15 5 16  10
10 7 17 4 9 7 13 4 14 2 3 4 1 7 13 4 14 7 17 4 5 7 11 4 1 2 18 4 9 2 18 4 5 2 6 4 15 10 16  12
5 7 17 4 9 7 17 4 1 7 8 4 14 2 18 4 10 2 12 4 5 2 12 4 10 7 17 4 1 2 6 4 14 7 11 4 15 9 16  6
5 7 13 4 10 7 11 4 9 7 11 4 5 2 6 4 14 2 3 4 10 2 12 4 1 2 6 4 1 7 13 4 14 7 8 4 15 9 16  6
14 7 8 4 14 2 3 4 9 7 8 4 1 7 17 4 1 2 18 4 9 2 3 4 10 7 17 4 10 2 18 4 5 7 8 4 15 5 16  12
1 2 3 4 10 7 11 4 10 2 3 4 9 2 12 4 5 7 11 4 14 2 18 4 9 7 8 4 1 7 11 4 14 7 17 4 15 5 16  12
9 7 17 4 1 7 8 4 1 2 3 4 10 7 17 4 5 7 8 4 14 7 8 4 10 2 12 4 9 2 12 4 5 2 3 4 15 14 16  12
14 7 11 4 9 7 8 4 1 2 12 4 14 2 12 4 10 7 17 4 5 2 3 4 1 7 11 4 5 7 8 4 10 2 6 4 15 9 16  12
14 2 6 4 1 7 8 4 9 2 12 4 10 2 18 4 5 2 6 4 14 7 13 4 5 7 13 4 10 7 11 4 9 7 8 4 15 1 16  6
9 2 18 4 5 7 13 4 10 2 6 4 5 2 18 4 9 7 13 4 1 7 11 4 10 7 11 4 14 7 13 4 1 2 6 4 15 14 16  11
14 2 18 4 14 7 13 4 5 2 3 4 10 7 13 4 9 2 18 4 5 7 11 4 1 2 18 4 1 7 13 4 9 7 13 4 15 10 16  11
1 7 8 4 9 7 8 4 10 7 11 4 5 2 12 4 5 7 11 4 10 2 12 4 14 7 13 4 1 2 6 4 14 2 18 4 15 9 16  10
1 2 18 4 5 7 11 4 1 7 13 4 10 7 11 4 9 7 8 4 14 2 12 4 10 2 3 4 9 2 12 4 14 7 8 4 15 5 16  12
10 2 3 4 10 7 8 4 14 7 17 4 9 7 17 4 5 7 17 4 5 2 18 4 14 2 18 4 9 2 18 4 1 7 8 4 15 1 16  12
1 2 3 4 10 7 13 4 14 7 8 4 9 7 11 4 14 2 18 4 5 7 13 4 10 2 6 4 1 7 11 4 5 2 6 4 15 9 16  12
9 7 11 4 9 2 12 4 14 7 17 4 10 7 11 4 1 7 11 4 10 2 12 4 14 2 18 4 5 2 18 4 5 7 17 4 15 1 16  6
10 7 13 4 1 7 17 4 14 7 13 4 9 2 18 4 5 7 13 4 10 2 12 4 1 2 6 4 5 2 12 4 9 7 8 4 15 14 16  6
9 2 18 4 5 7 8 4 14 2 3 4 9 7 13 4 1 2 6 4 14 7 11 4 1 7 8 4 10 2 6 4 10 7 8 4 15 5 16  10
14 2 6 4 5 7 11 4 10 2 18 4 10 7 11 4 9 2 18 4 1 7 17 4 1 2 6 4 9 7 11 4 14 7 17 4 15 5 16  11
1 2 12 4 14 2 12 4 5 7 13 4 1 7 17 4 9 2 6 4 14 7 17 4 10 7 11 4 9 7 13 4 10 2 3 4 15 5 16  10
14 2 12 4 9 7 17 4 1 2 12 4 10 7 11 4 9 2 3 4 5 2 18 4 5 7 13 4 1 7 11 4 14 7 11 4 15 10 16  6
1 7 8 4 5 2 3 4 9 7 8 4 5 7 11 4 10 2 12 4 14 7 8 4 9 2 6 4 1 2 6 4 10 7 13 4 15 14 16  10
14 2 18 4 1 7 17 4 5 7 17 4 14 7 11 4 10 7 17 4 9 2 18 4 9 7 11 4 10 2 6 4 1 2 6 4 15 5 16  10
14 2 6 4 14 7 13 4 10 7 17 4 5 2 6 4 9 7 11 4 5 7 13 4 9 2 12 4 1 2 3 4 1 7 17 4 15 10 16  12
1 2 6 4 14 2 6 4 10 7 17 4 9 2 3 4 14 7 13 4 1 7 13 4 9 7 17 4 10 2 3 4 5 7 17 4 15 5 16  12
1 2 3 4 10 7 11 4 14 7 17 4 5 7 17 4 10 2 12 4 14 2 6 4 9 7 13 4 9 2 3 4 1 7 13 4 15 5 16  10
1 2 6 4 14 7 8 4 1 7 8 4 9 2 18 4 10 7 17 4 10 2 12 4 5 2 12 4 9 7 11 4 5 7 17 4 15 14 16  10
5 7 8 4 1 7 13 4 14 7 13 4 10 7 17 4 14 2 6 4 9 2 3 4 1 2 6 4 9 7 17 4 5 2 18 4 15 10 16  12
14 2 12 4 1 7 13 4 10 7 13 4 14 7 13 4 9 2 18 4 9 7 11 4 1 2 12 4 10 2 12 4 5 7 11 4 15 5 16  11
10 7 13 4 1 7 13 4 14 2 6 4 1 2 6 4 5 2 18 4 5 7 11 4 14 7 13 4 9 7 13 4 10 2 6 4 15 9 16  10
9 2 3 4 5 7 13 4 14 7 13 4 9 7 13 4 1 7 17 4 1 2 18 4 10 2 12 4 14 2 3 4 10 7 8 4 15 5 16  12
14 7 13 4 14 2 6 4 10 2 12 4 5 7 11 4 9 2 3 4 1 7 13 4 10 7 11 4 1 2 6 4 9 7 8 4 15 5 16  6
5 2 3 4 1 2 6 4 9 7 8 4 14 2 18 4 1 7 17 4 10 7 11 4 14 7 8 4 10 2 12 4 5 7 13 4 15 9 16  11
10 7 11 4 14 2 6 4 5 7 17 4 9 2 3 4 9 7 13 4 5 2 6 4 1 2 12 4 14 7 17 4 1 7 11 4 15 10 16  6
14 7 11 4 5 7 8 4 1 2 18 4 9 7 8 4 10 7 13 4 14 2 6 4 9 2 3 4 10 2 18 4 1 7 13 4 15 5 16  12
14 2 6 4 1 7 13 4 9 2 12 4 14 7 8 4 5 7 11 4 9 7 13 4 10 7 11 4 1 2 12 4 5 2 18 4 15 10 16  11
5 2 3 4 9 2 3 4 5 7 11 4 1 7 11 4 14 7 11 4 1 2 3 4 10 7 11 4 14 2 3 4 9 7 11 4 15 10 16  12
5 7 11 4 9 2 12 4 5 2 18 4 14 7 11 4 1 2 12 4 1 7 13 4 9 7 13 4 10 7 8 4 10 2 3 4 15 14 16  11
5 7 8 4 14 7 17 4 10 2 3 4 14 2 18 4 1 7 11 4 9 2 18 4 10 7 8 4 1 2 12 4 9 7 17 4 15 5 16  12
10 7 13 4 1 2 18 4 5 2 6 4 5 7 13 4 1 7 8 4 14 7 8 4 10 2 6 4 9 7 8 4 9 2 18 4 15 14 16  11
9 7 11 4 10 7 8 4 5 7 13 4 14 7 11 4 9 2 18 4 1 7 11 4 10 2 12 4 5 2 3 4 1 2 18 4 15 14 16  11
5 2 18 4 14 2 3 4 9 7 17 4 5 7 13 4 10 7 13 4 14 7 17 4 10 2 18 4 1 2 12 4 1 7 11 4 15 9 16  12
14 2 12 4 5 7 11 4 1 7 17 4 1 2 18 4 10 7 17 4 10 2 18 4 14 7 8 4 5 2 6 4 9 7 11 4 15 9 16  10
5 2 12 4 9 2 6 4 14 2 6 4 9 7 11 4 5 7 17 4 10 7 11 4 1 7 13 4 14 7 11 4 1 2 18 4 15 10 16  10
5 7 17 4 9 7 17 4 1 7 13 4 1 2 18 4 9 2 3 4 5 2 3 4 14 7 17 4 10 7 17 4 14 2 3 4 15 10 16  12
14 7 8 4 1 2 18 4 10 2 12 4 5 2 18 4 14 2 18 4 9 7 8 4 5 7 8 4 10 7 13 4 1 7 8 4 15 9 16  11
1 7 11 4 5 2 6 4 10 2 12 4 1 2 3 4 5 7 17 4 14 7 17 4 9 2 12 4 9 7 8 4 10 7 8 4 15 14 16  10
10 2 3 4 14 7 13 4 10 7 17 4 5 7 11 4 9 7 13 4 9 2 12 4 1 7 11 4 1 2 6 4 5 2 6 4 15 14 16  6
9 7 11 4 5 7 8 4 10 7 13 4 1 7 11 4 5 2 12 4 10 2 18 4 9 2 3 4 14 7 13 4 14 2 18 4 15 1 16  12
10 2 6 4 1 2 3 4 14 7 17 4 5 2 18 4 9 2 3 4 5 7 17 4 10 7 11 4 9 7 13 4 1 7 13 4 15 14 16  11
9 2 18 4 10 7 11 4 1 7 13 4 1 2 3 4 9 7 17 4 5 2 12 4 14 7 17 4 5 7 11 4 14 2 18 4 15 10 16  6
10 7 17 4 5 2 12 4 1 7 8 4 5 7 17 4 14 2 12 4 9 7 11 4 9 2 3 4 1 2 6 4 14 7 17 4 15 10 16  6
10 2 6 4 14 7 17 4 9 2 3 4 5 7 11 4 14 2 12 4 9 7 11 4 10 7 8 4 1 2 6 4 1 7 8 4 15 5 16  12
5 2 3 4 14 7 17 4 10 2 6 4 9 7 13 4 5 7 8 4 9 2 18 4 10 7 11 4 1 7 8 4 14 2 12 4 15 1 16  12
9 2 12 4 9 7 11 4 14 2 12 4 10 7 17 4 10 2 6 4 5 7 11 4 1 2 12 4 14 7 11 4 1 7 11 4 15 5 16  6
5 7 13 4 1 7 11 4 1 2 3 4 10 7 8 4 14 7 17 4 5 2 6 4 14 2 12 4 9 7 13 4 10 2 18 4 15 9 16  10
9 2 12 4 1 7 11 4 1 2 18 4 14 2 6 4 10 2 18 4 14 7 17 4 10 7 11 4 5 7 11 4 9 7 13 4 15 5 16  11
9 7 13 4 10 7 8 4 1 7 13 4 10 2 6 4 5 2 3 4 14 2 3 4 14 7 13 4 5 7 13 4 9 2 3 4 15 1 16  12
14 2 3 4 10 7 8 4 9 2 6 4 14 7 11 4 5 2 12 4 1 7 13 4 5 7 17 4 1 2 18 4 9 7 8 4 15 10 16  10
1 2 6 4 5 7 11 4 14 7 11 4 5 2 18 4 1 7 8 4 9 7 17 4 9 2 12 4 10 7 17 4 10 2 12 4 15 14 16  11
9 2 6 4 1 2 12 4 10 7 17 4 9 7 11 4 5 2 3 4 5 7 8 4 14 2 6 4 1 7 17 4 14 7 11 4 15 10 16  6
1 7 13 4 10 7 8 4 5 2 12 4 5 7 17 4 9 7 11 4 14 7 17 4 10 2 6 4 9 2 3 4 1 2 18 4 15 14 16  6
5 7 17 4 14 7 8 4 5 2 12 4 1 2 12 4 10 7 11 4 1 7 17 4 9 7 8 4 10 2 6 4 9 2 3 4 15 14 16  12
9 2 3 4 1 7 17 4 14 7 17 4 5 7 11 4 9 7 13 4 10 2 6 4 1 2 12 4 10 7 11 4 14 2 12 4 15 5 16  10
9 7 13 4 10 7 13 4 10 2 12 4 5 7 17 4 9 2 12 4 1 7 17 4 1 2 3 4 14 2 18 4 14 7 8 4 15 5 16  12
10 7 11 4 9 7 11 4 10 2 3 4 1 2 12 4 5 7 11 4 14 7 8 4 9 2 3 4 1 7 13 4 14 2 6 4 15 5 16  12
1 7 13 4 14 7 13 4 10 7 13 4 9 7 13 4 1 2 3 4 5 7 8 4 10 2 3 4 5 2 6 4 14 2 3 4 15 9 16  12
14 7 13 4 5 7 17 4 9 2 3 4 1 7 11 4 10 2 6 4 5 2 6 4 10 7 17 4 1 2 18 4 9 7 13 4 15 14 16  12
1 7 11 4 5 2 12 4 10 2 6 4 14 7 13 4 9 7 17 4 9 2 6 4 14 2 3 4 5 7 11 4 10 7 17 4 15 1 16  6
10 7 11 4 1 7 8 4 9 7 8 4 14 2 6 4 5 2 6 4 10 2 6 4 1 2 18 4 14 7 11 4 5 7 11 4 15 9 16  11
1 2 6 4 9 7 17 4 9 2 18 4 5 7 11 4 14 2 12 4 1 7 8 4 10 7 11 4 10 2 3 4 14 7 13 4 15 5 16  12
1 2 18 4 14 2 3 4 1 7 17 4 10 7 17 4 5 2 12 4 14 7 11 4 5 7 8 4 9 7 11 4 10 2 18 4 15 9 16  12
5 2 18 4 9 7 13 4 10 7 8 4 5 7 17 4 10 2 12 4 9 2 3 4 14 7 11 4 1 7 13 4 14 2 6 4 15 1 16  12
10 7 13 4 1 2 18 4 14 7 17 4 1 7 11 4 5 2 6 4 5 7 8 4 14 2 3 4 10 2 12 4 9 7 8 4 15 9 16  10
14 7 13 4 9 7 8 4 1 2 6 4 1 7 8 4 9 2 6 4 14 2 12 4 5 2 18 4 10 7 8 4 5 7 11 4 15 10 16  10
9 7 13 4 1 7 13 4 10 7 13 4 1 2 12 4 5 7 8 4 14 7 13 4 10 2 12 4 14 2 12 4 5 2 3 4 15 9 16  6
10 7 11 4 1 7 8 4 5 2 12 4 14 7 11 4 9 7 13 4 10 2 18 4 5 7 17 4 1 2 3 4 9 2 6 4 15 14 16  11
14 7 17 4 9 7 8 4 5 2 3 4 10 7 8 4 1 7 11 4 1 2 6 4 5 7 17 4 14 2 3 4 10 2 18 4 15 9 16  11
5 2 3 4 1 7 17 4 5 7 17 4 10 7 11 4 1 2 3 4 14 7 11 4 9 7 11 4 10 2 6 4 14 2 6 4 15 9 16  10
10 2 6 4 9 7 8 4 14 7 11 4 14 2 3 4 5 2 12 4 5 7 8 4 9 2 12 4 1 7 17 4 10 7 17 4 15 1 16  10
10 7 8 4 1 2 6 4 14 2 3 4 14 7 11 4 10 2 18 4 9 2 12 4 9 7 17 4 1 7 13 4 5 7 8 4 15 5 16  11
14 7 11 4 1 2 3 4 9 2 3 4 5 7 11 4 5 2 6 4 1 7 8 4 14 2 6 4 10 7 8 4 9 7 8 4 15 10 16  12
9 2 12 4 9 7 17 4 5 2 6 4 1 2 18 4 10 7 8 4 10 2 3 4 14 7 8 4 1 7 11 4 5 7 13 4 15 14 16  12
14 7 17 4 1 7 8 4 1 2 3 4 5 2 6 4 10 7 8 4 9 2 12 4 5 7 13 4 9 7 17 4 14 2 12 4 15 10 16  12
5 7 8 4 9 7 8 4 14 7 17 4 14 2 18 4 10 7 13 4 1 7 8 4 9 2 3 4 1 2 3 4 10 2 12 4 15 5 16  12
9 7 17 4 14 2 18 4 5 7 11 4 10 7 13 4 5 2 6 4 9 2 12 4 14 7 8 4 10 2 3 4 1 7 17 4 15 1 16  6
14 2 6 4 10 2 18 4 5 7 8 4 5 2 3 4 14 7 17 4 10 7 13 4 1 7 13 4 9 7 17 4 1 2 18 4 15 9 16  10
10 7 17 4 5 7 8 4 5 2 6 4 9 7 11 4 14 2 3 4 14 7 13 4 9 2 12 4 1 7 13 4 10 2 18 4 15 1 16  12
10 7 11 4 1 7 17 4 5 7 13 4 1 2 12 4 5 2 6 4 9 2 18 4 10 2 18 4 9 7 11 4 14 7 11 4 15 14 16  11
14 2 3 4 14 7 17 4 9 7 17 4 5 2 6 4 10 7 8 4 9 2 3 4 1 7 8 4 5 7 13 4 1 2 18 4 15 10 16  11
1 7 11 4 10 2 6 4 9 7 11 4 1 2 18 4 14 7 17 4 10 7 8 4 14 2 12 4 5 7 11 4 9 2 18 4 15 5 16  11
1 7 13 4 14 2 3 4 1 2 3 4 14 7 13 4 9 7 17 4 9 2 18 4 5 2 6 4 10 7 13 4 5 7 8 4 15 10 16  12
9 7 13 4 5 2 12 4 10 2 18 4 14 7 17 4 1 2 18 4 1 7 13 4 10 7 13 4 9 2 18 4 5 7 17 4 15 14 16  6
9 7 13 4 5 2 6 4 10 2 12 4 14 2 12 4 1 7 11 4 10 7 13 4 14 7 13 4 5 7 11 4 1 2 6 4 15 9 16  6
1 2 6 4 9 2 6 4 1 7 8 4 10 2 12 4 5 7 17 4 9 7 8 4 10 7 17 4 14 7 17 4 14 2 12 4 15 5 16  6
1 7 8 4 5 2 18 4 9 2 3 4 1 2 6 4 14 7 11 4 14 2 12 4 10 7 17 4 9 7 13 4 5 7 17 4 15 10 16  11
5 2 3 4 1 7 17 4 10 7 13 4 14 7 17 4 5 7 8 4 9 7 17 4 14 2 6 4 10 2 18 4 1 2 6 4 15 9 16  10
14 2 3 4 10 2 18 4 14 7 8 4 1 7 17 4 10 7 11 4 9 2 12 4 9 7 17 4 5 7 17 4 5 2 12 4 15 1 16  6
1 7 11 4 10 7 17 4 9 2 6 4 9 7 11 4 14 7 17 4 1 2 6 4 14 2 18 4 5 7 17 4 5 2 18 4 15 10 16  11
9 2 6 4 9 7 8 4 1 2 3 4 1 7 17 4 5 2 12 4 14 2 6 4 10 7 8 4 14 7 8 4 5 7 13 4 15 10 16  10
10 2 12 4 1 7 17 4 5 7 17 4 14 2 6 4 5 2 12 4 10 7 17 4 14 7 11 4 9 2 18 4 9 7 8 4 15 1 16  6
5 2 18 4 5 7 13 4 14 2 18 4 9 2 6 4 10 2 18 4 10 7 13 4 9 7 8 4 1 7 13 4 14 7 13 4 15 1 16  11
9 2 6 4 5 7 8 4 1 7 11 4 1 2 3 4 14 7 11 4 14 2 3 4 10 7 8 4 9 7 17 4 5 2 18 4 15 10 16  11
9 7 11 4 10 7 11 4 5 7 17 4 5 2 12 4 9 2 3 4 1 2 3 4 14 7 11 4 1 7 11 4 10 2 3 4 15 14 16  12
1 2 6 4 9 2 6 4 5 2 18 4 14 2 6 4 1 7 13 4 14 7 13 4 10 7 13 4 9 7 13 4 5 7 11 4 15 10 16  10
9 7 13 4 1 7 8 4 5 2 6 4 14 2 18 4 10 7 11 4 1 2 18 4 9 2 12 4 5 7 11 4 14 7 8 4 15 10 16  10
14 7 11 4 1 7 11 4 1 2 18 4 9 7 13 4 10 7 13 4 5 7 13 4 9 2 3 4 14 2 18 4 5 2 3 4 15 10 16  12
1 7 8 4 10 7 17 4 9 7 17 4 5 2 3 4 10 2 6 4 14 7 8 4 14 2 3 4 5 7 8 4 1 2 3 4 15 9 16  10
1 2 18 4 9 2 18 4 1 7 11 4 14 7 8 4 5 2 3 4 10 2 12 4 5 7 17 4 9 7 11 4 10 7 8 4 15 14 16  6
10 7 17 4 14 7 11 4 14 2 6 4 5 2 6 4 5 7 11 4 9 2 3 4 1 7 11 4 9 7 17 4 10 2 3 4 15 1 16  10
5 7 8 4 9 2 12 4 1 7 8 4 10 2 18 4 9 7 8 4 14 7 8 4 1 2 12 4 10 7 11 4 14 2 12 4 15 5 16  6
5 7 13 4 10 7 11 4 10 2 12 4 5 2 18 4 1 7 17 4 1 2 6 4 14 7 11 4 9 7 11 4 14 2 12 4 15 9 16  6
5 7 17 4 10 2 18 4 5 2 6 4 1 7 8 4 9 2 6 4 14 7 13 4 1 2 3 4 10 7 13 4 9 7 17 4 15 14 16  11
10 7 11 4 14 2 6 4 9 2 18 4 9 7 11 4 5 2 12 4 1 7 11 4 1 2 18 4 14 7 8 4 5 7 13 4 15 10 16  11
9 2 6 4 10 2 12 4 1 2 18 4 9 7 13 4 10 7 8 4 14 2 12 4 14 7 8 4 5 7 13 4 1 7 11 4 15 5 16  10
10 7 13 4 1 2 12 4 9 7 13 4 14 7 13 4 5 2 12 4 10 2 6 4 5 7 11 4 9 2 6 4 1 7 11 4 15 14 16  10
9 7 13 4 5 7 8 4 14 7 11 4 9 2 18 4 5 2 6 4 14 2 12 4 1 7 13 4 10 7 17 4 10 2 3 4 15 1 16  11
5 2 3 4 1 7 8 4 5 7 17 4 14 2 6 4 9 7 11 4 14 7 8 4 10 7 8 4 9 2 12 4 1 2 6 4 15 10 16  10
9 7 11 4 1 2 3 4 9 2 3 4 5 7 17 4 10 7 11 4 1 7 11 4 14 2 18 4 14 7 17 4 5 2 18 4 15 10 16  12
1 7 17 4 14 2 3 4 5 2 12 4 10 7 8 4 9 7 17 4 5 7 17 4 10 2 3 4 14 7 8 4 1 2 12 4 15 9 16  6
5 2 12 4 9 7 13 4 1 2 3 4 14 2 18 4 14 7 13 4 5 7 8 4 1 7 17 4 9 2 18 4 10 7 17 4 15 10 16  12
9 7 13 4 1 7 17 4 9 2 6 4 14 7 13 4 10 7 13 4 10 2 6 4 5 7 13 4 1 2 3 4 14 2 6 4 15 5 16  10
9 7 8 4 5 7 17 4 1 2 6 4 10 7 11 4 14 2 3 4 9 2 3 4 1 7 17 4 14 7 8 4 10 2 18 4 15 5 16  10
5 2 3 4 9 2 18 4 14 7 8 4 5 7 11 4 1 2 3 4 9 7 8 4 1 7 11 4 10 2 3 4 10 7 11 4 15 14 16  11
9 7 13 4 10 2 18 4 5 2 6 4 14 7 13 4 1 7 11 4 9 2 12 4 5 7 17 4 1 2 18 4 10 7 11 4 15 14 16  6
9 7 17 4 10 2 6 4 14 2 6 4 1 2 6 4 5 7 17 4 10 7 17 4 5 2 6 4 1 7 17 4 14 7 17 4 15 9 16  10
10 7 11 4 5 2 18 4 1 7 11 4 14 2 3 4 5 7 13 4 14 7 17 4 9 7 8 4 1 2 12 4 9 2 6 4 15 10 16  6
1 2 3 4 10 7 17 4 9 2 3 4 5 7 17 4 14 2 12 4 14 7 13 4 9 7 17 4 1 7 17 4 5 2 3 4 15 10 16  12
1 7 17 4 5 7 17 4 5 2 3 4 9 2 12 4 14 2 12 4 9 7 13 4 10 2 18 4 10 7 11 4 14 7 13 4 15 1 16  12
14 7 17 4 9 2 3 4 10 2 3 4 9 7 11 4 5 7 17 4 1 7 8 4 10 7 11 4 1 2 6 4 14 2 12 4 15 5 16  6
9 7 17 4 10 2 18 4 14 7 13 4 10 7 13 4 9 2 6 4 1 7 11 4 5 7 11 4 1 2 12 4 5 2 12 4 15 14 16  11
9 7 11 4 5 2 6 4 1 2 3 4 5 7 11 4 10 7 11 4 14 7 8 4 9 2 6 4 1 7 13 4 14 2 12 4 15 10 16  10
5 7 13 4 10 2 12 4 5 2 3 4 10 7 8 4 9 7 8 4 1 7 17 4 14 7 17 4 14 2 18 4 9 2 12 4 15 1 16  11
10 7 13 4 1 7 8 4 1 2 18 4 14 2 18 4 14 7 8 4 5 7 17 4 9 2 6 4 9 7 13 4 5 2 12 4 15 10 16  10
1 2 3 4 9 7 17 4 9 2 6 4 10 7 11 4 1 7 8 4 5 7 11 4 10 2 18 4 5 2 18 4 14 7 8 4 15 14 16  12
1 7 11 4 10 2 6 4 5 2 3 4 9 2 3 4 14 2 3 4 5 7 8 4 9 7 8 4 10 7 11 4 14 7 8 4 15 1 16  10
10 2 3 4 14 2 12 4 14 7 13 4 9 2 18 4 5 7 17 4 1 2 18 4 10 7 17 4 1 7 11 4 9 7 11 4 15 5 16  12
5 7 17 4 9 7 13 4 14 2 12 4 9 2 3 4 1 2 3 4 1 7 13 4 14 7 8 4 5 2 18 4 10 7 13 4 15 10 16  12
10 2 6 4 1 7 13 4 5 7 17 4 10 7 17 4 14 2 3 4 9 7 11 4 9 2 18 4 14 7 13 4 1 2 3 4 15 5 16  10
9 2 3 4 14 2 12 4 10 2 6 4 5 2 12 4 9 7 11 4 10 7 13 4 14 7 17 4 1 7 17 4 5 7 17 4 15 1 16  6
1 7 17 4 10 2 6 4 1 2 3 4 14 7 11 4 5 2 12 4 5 7 13 4 9 7 8 4 10 7 11 4 9 2 18 4 15 14 16  10
9 7 17 4 1 7 13 4 5 7 13 4 14 2 6 4 14 7 13 4 10 7 17 4 10 2 3 4 1 2 6 4 9 2 3 4 15 5 16  10
5 2 3 4 1 7 11 4 9 7 8 4 10 7 8 4 10 2 6 4 1 2 3 4 14 7 8 4 9 2 6 4 5 7 11 4 15 14 16  10
10 7 8 4 5 7 11 4 1 7 13 4 14 2 12 4 1 2 18 4 9 7 17 4 10 2 3 4 14 7 11 4 9 2 6 4 15 5 16  6
14 2 6 4 9 2 6 4 9 7 11 4 5 7 11 4 1 7 11 4 5 2 6 4 10 2 3 4 14 7 11 4 10 7 17 4 15 1 16  10
14 7 8 4 14 2 3 4 10 7 17 4 5 2 6 4 1 2 12 4 9 7 17 4 5 7 13 4 1 7 11 4 10 2 18 4 15 9 16  11
10 2 6 4 5 2 18 4 10 7 8 4 5 7 13 4 1 2 3 4 14 2 12 4 1 7 11 4 14 7 17 4 9 7 17 4 15 9 16  6
5 2 12 4 9 2 12 4 1 7 8 4 1 2 6 4 9 7 11 4 10 7 13 4 14 7 13 4 5 7 11 4 14 2 3 4 15 10 16  12
5 7 17 4 9 2 18 4 1 7 13 4 9 7 11 4 10 7 11 4 10 2 18 4 14 7 11 4 5 2 6 4 1 2 12 4 15 14 16  11
10 7 11 4 9 2 18 4 5 7 11 4 9 7 8 4 1 7 11 4 5 2 3 4 1 2 3 4 14 7 11 4 10 2 3 4 15 14 16  12
10 2 12 4 10 7 8 4 1 7 11 4 14 7 17 4 5 2 6 4 14 2 3 4 9 7 11 4 5 7 13 4 9 2 18 4 15 1 16  11
1 7 17 4 10 2 6 4 10 7 17 4 9 2 18 4 14 2 18 4 9 7 13 4 14 7 13 4 5 2 6 4 5 7 17 4 15 1 16  10
1 2 6 4 14 2 6 4 10 7 11 4 9 2 18 4 5 7 11 4 10 2 18 4 1 7 13 4 9 7 11 4 14 7 13 4 15 5 16  11
9 2 6 4 10 7 8 4 10 2 12 4 5 7 8 4 14 7 8 4 9 7 13 4 1 7 8 4 1 2 12 4 5 2 12 4 15 14 16  6
5 7 8 4 1 7 17 4 1 2 6 4 14 2 3 4 10 2 12 4 9 7 13 4 10 7 13 4 14 7 11 4 5 2 18 4 15 9 16  6
5 7 13 4 1 7 13 4 10 2 12 4 14 7 11 4 14 2 18 4 10 7 8 4 9 7 8 4 5 2 6 4 9 2 12 4 15 1 16  10
14 2 6 4 14 7 13 4 10 2 18 4 5 7 17 4 1 2 3 4 10 7 11 4 9 2 12 4 9 7 8 4 1 7 17 4 15 5 16  12
10 2 12 4 14 7 13 4 1 2 3 4 14 2 6 4 5 2 12 4 10 7 17 4 9 7 13 4 1 7 11 4 5 7 17 4 15 9 16  10
14 7 8 4 10 2 12 4 9 2 3 4 14 2 3 4 10 7 13 4 9 7 8 4 5 7 11 4 5 2 18 4 1 7 11 4 15 1 16  11
10 7 11 4 1 7 8 4 14 7 13 4 5 2 12 4 5 7 8 4 10 2 3 4 14 2 6 4 9 7 11 4 9 2 3 4 15 1 16  6
14 7 11 4 5 7 8 4 10 2 12 4 9 7 8 4 10 7 8 4 1 2 12 4 1 7 8 4 14 2 3 4 9 2 12 4 15 5 16  6
5 7 8 4 1 2 12 4 5 2 6 4 10 2 6 4 14 7 13 4 14 2 18 4 1 7 11 4 9 7 8 4 10 7 8 4 15 9 16  10
1 7 8 4 9 2 6 4 5 2 12 4 10 7 17 4 14 2 3 4 5 7 8 4 9 7 13 4 10 2 3 4 14 7 17 4 15 1 16  6
5 7 11 4 14 2 12 4 9 2 18 4 9 7 11 4 10 2 12 4 14 7 17 4 1 7 17 4 10 7 17 4 5 2 18 4 15 1 16  6
5 2 12 4 5 7 8 4 1 7 8 4 9 7 13 4 10 2 6 4 14 2 3 4 10 7 17 4 1 2 12 4 14 7 13 4 15 9 16  12
5 2 12 4 9 7 17 4 14 7 11 4 9 2 6 4 1 2 3 4 1 7 8 4 5 7 13 4 10 7 8 4 14 2 18 4 15 10 16  12
5 7 13 4 14 2 12 4 1 7 17 4 14 7 11 4 10 2 6 4 5 2 6 4 10 7 13 4 9 7 17 4 9 2 3 4 15 1 16  12
9 7 11 4 10 2 12 4 14 2 3 4 14 7 8 4 1 7 17 4 9 2 18 4 5 2 6 4 10 7 17 4 5 7 13 4 15 1 16  6
10 2 18 4 1 2 6 4 9 2 12 4 14 7 11 4 5 7 17 4 5 2 6 4 1 7 17 4 10 7 13 4 9 7 11 4 15 14 16  6
14 2 3 4 14 7 8 4 9 2 12 4 10 7 13 4 1 7 8 4 9 7 17 4 10 2 18 4 5 7 8 4 1 2 3 4 15 5 16  12
14 2 18 4 14 7 8 4 1 2 18 4 10 2 18 4 10 7 8 4 9 2 18 4 5 7 8 4 9 7 8 4 1 7 8 4 15 5 16  11
14 7 11 4 9 2 18 4 5 7 11 4 10 2 6 4 14 2 12 4 10 7 13 4 5 2 12 4 1 7 17 4 9 7 17 4 15 1 16  11
10 7 13 4 1 7 17 4 1 2 3 4 9 2 3 4 10 2 12 4 14 7 11 4 5 7 11 4 9 7 17 4 14 2 18 4 15 5 16  11
9 2 12 4 5 7 8 4 10 7 8 4 5 2 3 4 1 7 17 4 1 2 18 4 14 2 3 4 14 7 8 4 9 7 13 4 15 10 16  12
14 7 8 4 1 2 18 4 9 2 18 4 9 7 17 4 14 2 6 4 10 7 8 4 5 2 3 4 1 7 17 4 5 7 11 4 15 10 16  10
9 2 12 4 14 7 8 4 1 2 6 4 5 7 17 4 1 7 8 4 9 7 13 4 14 2 6 4 5 2 3 4 10 7 17 4 15 10 16  12
5 7 11 4 1 7 17 4 9 2 6 4 14 2 12 4 9 7 11 4 10 2 18 4 1 2 12 4 10 7 8 4 14 7 17 4 15 5 16  10
1 7 8 4 1 2 6 4 5 7 11 4 9 7 13 4 5 2 12 4 10 7 13 4 14 7 11 4 10 2 18 4 14 2 12 4 15 9 16  11
9 7 13 4 10 2 3 4 14 2 3 4 1 7 8 4 9 2 12 4 5 7 8 4 5 2 18 4 10 7 11 4 14 7 11 4 15 1 16  11
5 2 6 4 5 7 11 4 1 7 13 4 10 7 11 4 14 2 6 4 9 2 12 4 1 2 3 4 14 7 11 4 9 7 17 4 15 10 16  10
9 7 17 4 5 2 12 4 14 7 8 4 1 7 8 4 10 2 12 4 14 2 18 4 5 7 11 4 10 7 11 4 9 2 6 4 15 1 16  11
14 7 8 4 1 7 8 4 9 7 13 4 5 2 12 4 14 2 6 4 5 7 13 4 1 2 6 4 10 2 12 4 10 7 13 4 15 9 16  6
5 7 13 4 10 7 13 4 14 7 13 4 1 2 6 4 14 2 6 4 1 7 13 4 5 2 6 4 9 2 12 4 9 7 11 4 15 10 16  10
1 7 8 4 10 7 11 4 9 2 3 4 5 2 18 4 14 7 13 4 10 2 3 4 5 7 8 4 9 7 11 4 14 2 6 4 15 1 16  11
9 7 8 4 5 7 11 4 14 7 11 4 14 2 12 4 1 7 11 4 9 2 6 4 10 2 12 4 10 7 11 4 1 2 12 4 15 5 16  6
1 2 12 4 9 2 3 4 14 7 11 4 10 2 3 4 14 2 6 4 9 7 8 4 5 7 13 4 1 7 13 4 10 7 8 4 15 5 16  6
5 7 11 4 9 2 18 4 10 7 11 4 5 2 12 4 14 2 18 4 1 7 13 4 9 7 17 4 1 2 6 4 14 7 17 4 15 10 16  6
5 7 13 4 5 2 12 4 10 7 17 4 14 2 12 4 9 7 17 4 1 7 8 4 10 2 18 4 14 7 13 4 1 2 3 4 15 9 16  11
14 7 13 4 10 2 12 4 5 2 18 4 1 7 17 4 9 7 17 4 14 2 6 4 1 2 3 4 5 7 8 4 10 7 11 4 15 9 16  12
14 2 3 4 9 2 6 4 5 7 8 4 9 7 13 4 1 2 3 4 14 7 17 4 10 7 13 4 1 7 17 4 5 2 18 4 15 10 16  10
1 7 8 4 10 7 8 4 10 2 12 4 1 2 12 4 9 7 17 4 9 2 6 4 14 2 18 4 14 7 13 4 5 7 8 4 15 5 16  6
14 7 11 4 5 2 3 4 14 2 12 4 10 7 13 4 9 7 13 4 5 7 8 4 1 2 12 4 1 7 11 4 10 2 18 4 15 9 16  11
14 2 6 4 9 7 17 4 1 7 17 4 5 7 17 4 9 2 12 4 14 7 13 4 10 2 6 4 10 7 13 4 1 2 12 4 15 5 16  6
9 7 13 4 14 2 12 4 14 7 8 4 10 7 13 4 1 7 17 4 5 7 17 4 1 2 3 4 5 2 3 4 10 2 18 4 15 9 16  11
5 7 8 4 9 2 18 4 10 7 8 4 9 7 17 4 1 2 18 4 5 2 12 4 1 7 17 4 10 2 12 4 14 7 17 4 15 14 16  11
1 2 3 4 14 7 11 4 5 7 17 4 9 2 6 4 14 2 3 4 5 2 18 4 1 7 11 4 9 7 13 4 10 7 11 4 15 10 16  12
1 7 17 4 10 7 13 4 5 7 13 4 9 2 12 4 14 2 18 4 9 7 11 4 1 2 6 4 10 2 3 4 14 7 8 4 15 5 16  12
1 2 3 4 5 7 8 4 1 7 11 4 9 7 8 4 10 2 3 4 14 2 12 4 10 7 11 4 14 7 8 4 9 2 12 4 15 5 16  6
14 7 8 4 10 2 18 4 9 2 6 4 1 7 17 4 9 7 11 4 5 7 8 4 14 2 3 4 10 7 17 4 5 2 3 4 15 1 16  11
14 7 17 4 10 2 3 4 1 7 8 4 5 7 13 4 5 2 3 4 9 7 13 4 10 7 13 4 1 2 12 4 14 2 18 4 15 9 16  12
10 7 11 4 9 7 11 4 5 2 6 4 1 2 3 4 1 7 13 4 5 7 11 4 10 2 6 4 14 7 17 4 14 2 18 4 15 9 16  10
1 2 6 4 5 2 12 4 5 7 11 4 9 7 13 4 10 7 8 4 1 7 17 4 9 2 3 4 14 7 8 4 14 2 18 4 15 10 16  11
10 7 17 4 10 2 6 4 9 7 17 4 1 2 3 4 5 7 13 4 14 7 11 4 5 2 3 4 1 7 13 4 14 2 12 4 15 9 16  10
5 2 18 4 9 7 8 4 14 7 11 4 9 2 18 4 10 7 11 4 10 2 12 4 5 7 8 4 1 7 17 4 1 2 6 4 15 14 16  6
10 7 8 4 14 7 13 4 1 7 13 4 10 2 12 4 5 7 8 4 1 2 6 4 5 2 12 4 9 2 12 4 9 7 8 4 15 14 16  10
14 7 13 4 10 2 3 4 5 2 6 4 1 7 8 4 10 7 17 4 5 7 8 4 1 2 6 4 9 7 13 4 14 2 12 4 15 9 16  6
9 2 18 4 1 2 18 4 10 7 11 4 14 2 12 4 5 7 8 4 1 7 11 4 10 2 18 4 9 7 11 4 14 7 8 4 15 5 16  6
9 7 11 4 14 7 11 4 5 2 6 4 9 2 6 4 1 7 11 4 10 2 6 4 10 7 11 4 1 2 6 4 5 7 11 4 15 14 16  10
5 2 6 4 10 2 18 4 9 2 3 4 9 7 8 4 1 7 17 4 14 7 17 4 1 2 12 4 10 7 11 4 5 7 13 4 15 14 16  6
9 2 12 4 10 2 12 4 5 7 8 4 14 7 8 4 5 2 3 4 14 2 3 4 1 7 11 4 10 7 11 4 9 7 11 4 15 1 16  6
5 7 13 4 14 7 13 4 1 7 8 4 10 7 8 4 14 2 18 4 5 2 18 4 9 2 3 4 10 2 12 4 9 7 17 4 15 1 16  6
14 7 17 4 1 7 11 4 5 7 17 4 1 2 18 4 14 2 12 4 9 7 13 4 10 2 18 4 10 7 11 4 9 2 3 4 15 5 16  6
14 7 11 4 1 2 18 4 1 7 13 4 5 2 6 4 5 7 11 4 14 2 6 4 10 2 6 4 10 7 11 4 9 7 11 4 15 9 16  10
1 7 11 4 5 7 11 4 14 7 11 4 9 7 8 4 14 2 12 4 10 7 11 4 1 2 12 4 9 2 18 4 5 2 12 4 15 10 16  6
1 7 11 4 1 2 12 4 5 2 3 4 14 2 3 4 9 2 18 4 10 7 13 4 14 7 13 4 5 7 13 4 9 7 8 4 15 10 16  12
9 2 12 4 10 2 18 4 14 2 3 4 14 7 8 4 9 7 13 4 1 7 13 4 5 7 13 4 1 2 12 4 10 7 11 4 15 5 16  6
9 7 13 4 1 2 18 4 1 7 11 4 10 7 13 4 10 2 6 4 5 7 13 4 5 2 6 4 14 7 13 4 9 2 6 4 15 14 16  10
5 2 6 4 1 7 17 4 10 2 12 4 14 7 11 4 9 7 13 4 10 7 11 4 9 2 18 4 5 7 17 4 14 2 12 4 15 1 16  10
9 7 11 4 10 7 8 4 1 2 12 4 10 2 3 4 14 2 3 4 5 7 11 4 1 7 13 4 14 7 8 4 5 2 18 4 15 9 16  11
14 2 12 4 5 7 11 4 9 7 8 4 10 2 12 4 5 2 3 4 10 7 8 4 9 2 12 4 14 7 8 4 1 7 11 4 15 1 16  12
1 7 11 4 5 7 13 4 5 2 18 4 10 7 13 4 9 7 17 4 9 2 6 4 1 2 12 4 14 7 17 4 10 2 18 4 15 14 16  10
14 2 6 4 14 7 8 4 9 7 17 4 5 7 13 4 5 2 18 4 10 7 13 4 9 2 3 4 1 7 11 4 1 2 12 4 15 10 16  11
5 2 18 4 10 7 11 4 5 7 11 4 9 7 17 4 14 7 11 4 1 7 17 4 14 2 18 4 10 2 18 4 9 2 6 4 15 1 16  10
1 7 13 4 9 7 17 4 5 7 13 4 9 2 18 4 14 7 8 4 14 2 6 4 10 7 17 4 1 2 12 4 10 2 18 4 15 5 16  6
10 2 12 4 14 2 12 4 10 7 8 4 14 7 8 4 5 7 17 4 1 7 13 4 1 2 18 4 9 2 6 4 9 7 17 4 15 5 16  10
10 7 17 4 14 2 18 4 5 7 11 4 9 2 18 4 9 7 13 4 14 7 13 4 5 2 6 4 1 7 17 4 10 2 3 4 15 1 16  12
1 2 3 4 14 2 3 4 1 7 8 4 10 7 13 4 5 7 13 4 14 7 8 4 10 2 6 4 9 2 6 4 9 7 13 4 15 5 16  10
10 7 11 4 5 2 18 4 14 2 6 4 1 7 17 4 10 2 3 4 5 7 17 4 14 7 13 4 1 2 18 4 9 7 17 4 15 9 16  11
5 7 17 4 10 2 18 4 1 2 18 4 10 7 17 4 1 7 17 4 14 7 11 4 9 7 13 4 9 2 3 4 14 2 12 4 15 5 16  11
5 2 18 4 1 2 6 4 14 7 8 4 5 7 13 4 14 2 6 4 10 7 13 4 9 7 13 4 1 7 8 4 10 2 18 4 15 9 16  11
10 2 18 4 10 7 17 4 14 2 6 4 1 7 13 4 1 2 12 4 5 7 17 4 5 2 18 4 14 7 11 4 9 7 11 4 15 9 16  10
10 2 6 4 14 2 3 4 14 7 8 4 9 2 12 4 5 2 3 4 10 7 17 4 1 7 13 4 5 7 8 4 9 7 13 4 15 1 16  6
5 2 6 4 9 7 8 4 10 2 6 4 9 2 3 4 14 7 13 4 10 7 13 4 5 7 13 4 1 7 8 4 14 2 6 4 15 1 16  12
1 2 3 4 14 7 8 4 10 7 11 4 14 2 3 4 1 7 8 4 9 7 11 4 10 2 18 4 9 2 18 4 5 7 11 4 15 5 16  11
10 2 12 4 5 7 8 4 9 2 3 4 9 7 13 4 1 2 12 4 14 2 3 4 1 7 8 4 14 7 13 4 10 7 8 4 15 5 16  6
5 7 17 4 10 2 6 4 9 7 17 4 9 2 18 4 5 2 18 4 14 7 13 4 10 7 13 4 14 2 6 4 1 7 17 4 15 1 16  11
10 2 12 4 1 2 3 4 14 7 17 4 9 2 12 4 10 7 17 4 5 2 12 4 9 7 17 4 1 7 8 4 5 7 17 4 15 14 16  6
10 2 18 4 14 7 11 4 9 2 3 4 9 7 11 4 1 7 13 4 1 2 18 4 10 7 13 4 14 2 3 4 5 7 11 4 15 5 16  12
1 7 13 4 10 7 17 4 10 2 6 4 9 7 8 4 5 7 13 4 9 2 3 4 14 7 11 4 14 2 18 4 5 2 12 4 15 1 16  6
5 7 11 4 5 2 6 4 1 2 12 4 10 2 6 4 1 7 8 4 9 7 8 4 14 2 12 4 14 7 8 4 10 7 11 4 15 9 16  6
5 2 3 4 9 2 12 4 9 7 8 4 1 2 18 4 14 7 17 4 10 7 13 4 5 7 13 4 10 2 3 4 1 7 17 4 15 14 16  11
5 2 12 4 14 2 6 4 14 7 11 4 1 7 17 4 9 2 3 4 10 7 17 4 5 7 13 4 9 7 17 4 1 2 3 4 15 10 16  12
1 2 18 4 14 7 13 4 5 7 11 4 9 7 8 4 10 7 8 4 14 2 3 4 9 2 6 4 1 7 11 4 5 2 18 4 15 10 16  10
5 7 11 4 9 2 6 4 1 7 13 4 5 2 18 4 9 7 8 4 14 2 12 4 10 7 13 4 10 2 12 4 14 7 13 4 15 1 16  6
5 2 12 4 5 7 17 4 10 7 13 4 1 2 3 4 14 7 17 4 1 7 11 4 10 2 18 4 9 7 13 4 9 2 18 4 15 14 16  6
14 7 13 4 10 2 6 4 9 2 3 4 1 7 11 4 10 7 17 4 1 2 18 4 9 7 8 4 14 2 12 4 5 7 13 4 15 5 16  6
5 7 8 4 14 7 17 4 1 7 13 4 10 7 13 4 14 2 18 4 1 2 12 4 5 2 3 4 9 2 12 4 9 7 13 4 15 10 16  6
9 7 17 4 9 2 18 4 10 2 18 4 5 7 13 4 1 2 12 4 14 2 12 4 14 7 13 4 10 7 17 4 1 7 13 4 15 5 16  6
5 7 13 4 14 7 17 4 10 7 13 4 9 7 11 4 9 2 18 4 1 2 12 4 14 2 6 4 1 7 8 4 5 2 3 4 15 10 16  12
10 2 12 4 14 7 13 4 5 2 12 4 5 7 13 4 14 2 12 4 1 2 6 4 1 7 8 4 10 7 13 4 9 7 13 4 15 9 16  6
9 2 12 4 1 7 11 4 14 7 11 4 10 7 11 4 14 2 18 4 9 7 8 4 10 2 18 4 5 7 8 4 5 2 12 4 15 1 16  11
1 7 13 4 14 7 13 4 10 2 18 4 14 2 18 4 5 2 12 4 9 2 6 4 9 7 17 4 10 7 13 4 5 7 11 4 15 1 16  11
9 2 18 4 9 7 17 4 5 7 13 4 10 7 11 4 1 2 12 4 1 7 8 4 10 2 3 4 5 2 6 4 14 7 13 4 15 14 16  10
1 7 13 4 5 2 12 4 14 7 8 4 5 7 11 4 9 7 13 4 9 2 18 4 1 2 18 4 10 2 3 4 10 7 8 4 15 14 16  12
1 2 6 4 10 2 6 4 14 2 3 4 9 2 6 4 10 7 17 4 5 7 8 4 1 7 17 4 9 7 17 4 14 7 8 4 15 5 16  12
10 7 11 4 10 2 3 4 5 7 11 4 14 7 8 4 9 7 13 4 14 2 6 4 1 2 6 4 9 2 12 4 1 7 8 4 15 5 16  12
9 2 6 4 14 7 8 4 10 7 8 4 10 2 3 4 1 7 8 4 9 7 17 4 1 2 3 4 14 2 3 4 5 7 17 4 15 5 16  10
1 7 17 4 9 7 8 4 1 2 3 4 9 2 6 4 14 7 8 4 10 2 3 4 10 7 17 4 5 2 12 4 5 7 13 4 15 14 16  10
14 7 17 4 10 7 11 4 5 7 8 4 14 2 18 4 5 2 6 4 1 7 13 4 10 2 3 4 9 7 8 4 1 2 12 4 15 9 16  10
14 7 8 4 1 2 18 4 9 7 8 4 10 7 13 4 5 7 13 4 10 2 18 4 5 2 18 4 9 2 6 4 1 7 13 4 15 14 16  10
14 7 17 4 5 7 17 4 10 2 3 4 14 2 18 4 1 2 18 4 9 7 17 4 10 7 8 4 9 2 18 4 1 7 17 4 15 5 16  11
14 7 13 4 5 7 11 4 9 2 3 4 10 7 11 4 9 7 13 4 14 2 3 4 5 2 18 4 1 2 3 4 1 7 13 4 15 10 16  11
9 7 17 4 14 2 12 4 5 2 12 4 14 7 13 4 1 2 6 4 10 7 13 4 5 7 13 4 1 7 8 4 9 2 3 4 15 10 16  6
1 7 17 4 10 7 13 4 1 2 6 4 9 7 17 4 5 2 12 4 5 7 13 4 14 2 3 4 14 7 11 4 10 2 12 4 15 9 16  10
9 7 8 4 9 2 18 4 1 7 17 4 5 7 11 4 5 2 3 4 14 7 17 4 1 2 6 4 14 2 6 4 10 7 11 4 15 10 16  12
5 2 6 4 1 2 12 4 9 7 13 4 10 7 11 4 14 2 12 4 14 7 13 4 1 7 13 4 9 2 12 4 5 7 11 4 15 10 16  10
9 7 17 4 1 2 18 4 14 7 17 4 5 7 11 4 9 2 6 4 10 7 17 4 5 2 18 4 1 7 11 4 10 2 6 4 15 14 16  10
10 7 8 4 14 7 17 4 5 7 13 4 1 7 13 4 10 2 18 4 14 2 12 4 9 2 3 4 9 7 13 4 5 2 3 4 15 1 16  12
14 2 18 4 1 7 17 4 5 2 18 4 5 7 13 4 9 7 17 4 14 7 13 4 10 7 11 4 10 2 6 4 9 2 12 4 15 1 16  6
14 7 17 4 9 2 3 4 10 7 11 4 1 2 18 4 10 2 6 4 5 7 13 4 5 2 18 4 9 7 17 4 1 7 13 4 15 14 16  12
10 2 12 4 5 2 18 4 9 7 11 4 14 2 12 4 1 2 6 4 14 7 11 4 5 7 8 4 1 7 13 4 10 7 11 4 15 9 16  6
1 2 18 4 10 2 3 4 5 7 13 4 14 2 12 4 9 2 6 4 1 7 8 4 10 7 11 4 14 7 13 4 9 7 17 4 15 5 16  6
9 2 6 4 14 7 11 4 5 2 12 4 5 7 11 4 1 7 17 4 1 2 18 4 10 2 6 4 9 7 8 4 10 7 8 4 15 14 16  6
1 7 13 4 5 7 11 4 14 7 11 4 10 2 18 4 1 2 3 4 5 2 12 4 10 7 8 4 9 7 8 4 14 2 12 4 15 9 16  11
9 2 6 4 5 7 8 4 10 2 6 4 14 7 17 4 14 2 6 4 1 7 8 4 1 2 12 4 10 7 17 4 9 7 17 4 15 5 16  6
5 7 8 4 1 2 18 4 9 7 8 4 14 7 11 4 1 7 11 4 9 2 6 4 14 2 18 4 10 2 3 4 10 7 13 4 15 5 16  10
9 2 18 4 9 7 11 4 14 7 11 4 14 2 18 4 10 7 17 4 5 2 12 4 5 7 17 4 1 7 17 4 1 2 12 4 15 10 16  6
9 7 11 4 5 2 6 4 10 7 17 4 1 7 8 4 14 2 3 4 5 7 8 4 10 2 12 4 9 2 18 4 14 7 13 4 15 1 16  10
5 7 11 4 1 7 8 4 9 2 18 4 5 2 18 4 10 7 11 4 9 7 11 4 14 2 3 4 14 7 13 4 1 2 12 4 15 10 16  11
10 2 12 4 5 7 17 4 1 2 6 4 14 7 17 4 1 7 17 4 9 7 8 4 10 7 13 4 14 2 6 4 9 2 18 4 15 5 16  10
14 7 13 4 9 7 17 4 9 2 12 4 5 7 13 4 14 2 3 4 10 2 6 4 1 2 3 4 10 7 11 4 1 7 13 4 15 5 16  12
5 7 8 4 10 2 3 4 5 2 18 4 10 7 11 4 14 7 13 4 1 7 8 4 9 2 3 4 9 7 11 4 14 2 12 4 15 1 16  11
14 2 3 4 10 2 3 4 1 7 8 4 9 2 6 4 14 7 11 4 1 2 12 4 10 7 11 4 5 7 8 4 9 7 17 4 15 5 16  6
10 7 8 4 5 7 8 4 9 7 17 4 14 7 8 4 10 2 12 4 1 7 8 4 5 2 12 4 14 2 12 4 9 2 6 4 15 1 16  6
14 7 17 4 1 7 17 4 5 2 3 4 9 7 11 4 9 2 6 4 10 7 17 4 10 2 3 4 1 2 3 4 5 7 17 4 15 14 16  12
1 7 8 4 10 7 8 4 5 7 13 4 1 2 18 4 9 7 11 4 14 2 18 4 14 7 8 4 9 2 3 4 5 2 6 4 15 10 16  11
14 7 8 4 10 2 18 4 1 2 3 4 1 7 8 4 9 2 18 4 10 7 13 4 9 7 13 4 5 7 13 4 5 2 18 4 15 14 16  12
5 7 17 4 1 2 6 4 1 7 11 4 5 2 18 4 10 7 13 4 9 2 6 4 14 7 13 4 14 2 12 4 9 7 11 4 15 10 16  6
14 2 12 4 10 7 8 4 10 2 6 4 1 2 18 4 1 7 11 4 9 7 11 4 14 7 13 4 5 7 13 4 9 2 18 4 15 5 16  6
14 7 17 4 5 7 11 4 1 2 12 4 1 7 13 4 14 2 3 4 9 7 13 4 9 2 12 4 10 7 17 4 5 2 18 4 15 10 16  12
14 7 13 4 1 7 13 4 9 2 18 4 10 7 8 4 9 7 13 4 14 2 18 4 5 7 8 4 10 2 12 4 1 2 18 4 15 5 16  6
10 2 18 4 9 2 12 4 9 7 8 4 5 7 8 4 1 2 3 4 5 2 12 4 14 7 8 4 1 7 17 4 10 7 13 4 15 14 16  6
1 7 8 4 10 2 6 4 9 7 8 4 10 7 11 4 5 7 13 4 14 7 11 4 14 2 6 4 1 2 18 4 5 2 12 4 15 9 16  11
10 2 6 4 14 2 3 4 1 7 13 4 9 7 13 4 10 7 8 4 1 2 18 4 9 2 18 4 14 7 17 4 5 7 17 4 15 5 16  12
10 2 3 4 14 7 13 4 1 7 11 4 10 7 13 4 5 2 3 4 9 2 6 4 9 7 11 4 1 2 6 4 5 7 13 4 15 14 16  12
14 2 3 4 9 7 8 4 5 2 12 4 5 7 11 4 9 2 6 4 1 7 13 4 1 2 18 4 10 7 17 4 14 7 17 4 15 10 16  12
9 2 3 4 5 2 3 4 1 7 17 4 10 7 17 4 5 7 11 4 14 2 12 4 10 2 6 4 14 7 13 4 9 7 11 4 15 1 16  10
9 2 18 4 5 7 17 4 10 2 12 4 9 7 13 4 14 7 13 4 14 2 18 4 1 7 13 4 10 7 17 4 1 2 18 4 15 5 16  6
10 7 13 4 9 2 18 4 5 2 12 4 10 2 18 4 1 2 18 4 5 7 11 4 14 7 11 4 1 7 13 4 9 7 13 4 15 14 16  6
1 7 13 4 14 2 6 4 9 2 6 4 10 7 13 4 9 7 11 4 14 7 11 4 10 2 12 4 5 7 13 4 1 2 12 4 15 5 16  6
14 2 12 4 5 7 11 4 9 2 3 4 14 7 17 4 1 2 18 4 10 7 8 4 1 7 11 4 10 2 6 4 9 7 13 4 15 5 16  11
10 2 3 4 5 2 6 4 5 7 11 4 10 7 17 4 14 7 17 4 1 7 11 4 1 2 6 4 9 7 17 4 14 2 3 4 15 9 16  12
14 2 12 4 1 2 12 4 9 2 12 4 10 2 18 4 10 7 8 4 1 7 17 4 5 7 8 4 14 7 17 4 9 7 17 4 15 5 16  11
9 2 18 4 1 7 13 4 14 2 12 4 1 2 12 4 10 7 8 4 9 7 17 4 5 7 17 4 14 7 13 4 10 2 6 4 15 5 16  11
5 2 3 4 9 2 6 4 14 7 8 4 1 7 17 4 10 2 18 4 10 7 8 4 9 7 13 4 1 2 3 4 5 7 17 4 15 14 16  11
5 7 17 4 1 7 8 4 14 7 17 4 14 2 3 4 9 7 8 4 10 7 8 4 5 2 3 4 9 2 18 4 1 2 18 4 15 10 16  11
1 7 13 4 10 7 13 4 9 2 12 4 14 2 12 4 5 7 11 4 9 7 11 4 5 2 12 4 14 7 11 4 1 2 6 4 15 10 16  10
5 2 6 4 9 2 6 4 1 7 17 4 9 7 17 4 1 2 6 4 10 7 17 4 14 2 6 4 5 7 17 4 14 7 17 4 15 10 16  10
14 7 8 4 10 2 3 4 1 2 6 4 5 2 12 4 1 7 8 4 14 2 6 4 9 7 17 4 5 7 17 4 10 7 13 4 15 9 16  6
10 7 13 4 14 2 6 4 1 7 11 4 9 7 13 4 5 7 11 4 9 2 3 4 5 2 18 4 14 7 17 4 1 2 18 4 15 10 16  12
10 7 8 4 1 7 17 4 1 2 18 4 14 2 12 4 14 7 8 4 9 7 13 4 5 7 17 4 5 2 18 4 9 2 6 4 15 10 16  6
14 7 11 4 1 7 11 4 1 2 12 4 10 7 11 4 5 2 6 4 10 2 12 4 9 7 8 4 14 2 12 4 5 7 8 4 15 9 16  10
9 7 8 4 14 7 13 4 1 7 17 4 5 7 8 4 9 2 12 4 10 7 17 4 10 2 6 4 14 2 3 4 5 2 12 4 15 1 16  10
14 7 8 4 5 2 6 4 9 2 18 4 9 7 13 4 1 7 8 4 5 7 8 4 10 2 6 4 10 7 8 4 1 2 6 4 15 14 16  10
9 2 12 4 9 7 8 4 10 7 13 4 1 7 13 4 14 2 6 4 10 2 18 4 1 2 18 4 14 7 11 4 5 7 11 4 15 5 16  10
5 2 3 4 1 7 11 4 14 7 11 4 10 7 11 4 9 7 13 4 14 2 18 4 9 2 12 4 5 7 17 4 10 2 18 4 15 1 16  11
9 7 11 4 5 7 13 4 10 2 3 4 5 2 6 4 14 7 8 4 1 7 8 4 14 2 12 4 9 2 3 4 10 7 11 4 15 1 16  6
9 2 6 4 10 7 11 4 1 2 12 4 14 2 18 4 14 7 13 4 5 2 6 4 9 7 8 4 5 7 8 4 1 7 11 4 15 10 16  6
14 2 12 4 14 7 13 4 1 7 13 4 10 2 3 4 5 7 11 4 9 2 12 4 9 7 13 4 10 7 8 4 5 2 6 4 15 1 16  6
5 2 18 4 9 7 8 4 10 7 8 4 1 7 13 4 9 2 18 4 1 2 3 4 14 2 3 4 14 7 13 4 5 7 8 4 15 10 16  11
10 7 8 4 5 7 8 4 14 7 8 4 10 2 3 4 1 2 18 4 5 2 3 4 14 2 3 4 9 7 17 4 1 7 17 4 15 9 16  11
9 7 8 4 9 2 18 4 14 7 8 4 1 2 12 4 5 7 17 4 1 7 17 4 14 2 18 4 10 7 11 4 10 2 3 4 15 5 16  6
9 7 8 4 14 7 13 4 1 7 8 4 10 7 8 4 5 7 8 4 14 2 18 4 9 2 3 4 10 2 3 4 5 2 3 4 15 1 16  12
9 7 8 4 10 7 8 4 5 7 8 4 10 2 3 4 9 2 3 4 5 2 3 4 1 2 18 4 14 7 13 4 1 7 13 4 15 14 16  11
1 7 11 4 5 7 13 4 5 2 12 4 9 7 11 4 14 7 11 4 10 7 17 4 10 2 6 4 14 2 3 4 1 2 3 4 15 9 16  12
5 7 13 4 1 7 11 4 5 2 12 4 14 7 11 4 14 2 3 4 10 2 12 4 9 2 12 4 10 7 13 4 9 7 13 4 15 1 16  12
5 7 17 4 1 2 6 4 9 7 8 4 10 7 8 4 1 7 17 4 10 2 18 4 9 2 18 4 14 7 8 4 5 2 6 4 15 14 16  11
10 2 12 4 14 7 11 4 10 7 13 4 9 7 13 4 5 7 13 4 14 2 3 4 1 2 12 4 5 2 12 4 1 7 13 4 15 9 16  6
5 2 6 4 9 2 18 4 9 7 11 4 14 7 13 4 5 7 17 4 1 2 18 4 14 2 12 4 1 7 11 4 10 7 13 4 15 10 16  6
1 7 8 4 1 2 18 4 10 7 11 4 14 2 6 4 14 7 13 4 5 7 17 4 5 2 3 4 9 7 17 4 10 2 12 4 15 9 16  12
10 2 6 4 9 7 8 4 5 2 6 4 14 7 8 4 14 2 6 4 10 7 8 4 5 7 8 4 1 7 8 4 9 2 6 4 15 1 16  10
1 2 12 4 14 7 17 4 10 2 6 4 5 7 11 4 1 7 8 4 5 2 18 4 9 2 3 4 10 7 17 4 9 7 13 4 15 14 16  10
1 2 3 4 1 7 8 4 14 2 3 4 14 7 8 4 10 2 12 4 9 7 13 4 9 2 12 4 5 7 8 4 10 7 13 4 15 5 16  12
5 2 3 4 10 2 6 4 9 2 6 4 1 7 11 4 14 2 18 4 14 7 11 4 5 7 13 4 9 7 17 4 10 7 17 4 15 1 16  11
14 7 17 4 14 2 3 4 5 2 6 4 5 7 11 4 10 2 12 4 10 7 8 4 1 7 8 4 9 2 6 4 9 7 11 4 15 1 16  6
9 7 17 4 5 2 3 4 9 2 12 4 10 2 3 4 5 7 13 4 1 7 17 4 10 7 13 4 14 2 18 4 14 7 8 4 15 1 16  6
9 7 8 4 10 7 8 4 9 2 6 4 14 2 6 4 14 7 8 4 1 7 11 4 10 2 6 4 5 7 11 4 5 2 12 4 15 1 16  6
10 2 18 4 10 7 17 4 1 7 8 4 5 2 18 4 9 2 6 4 14 2 12 4 14 7 8 4 9 7 13 4 5 7 17 4 15 1 16  6
14 2 12 4 1 7 17 4 9 2 6 4 10 7 13 4 5 7 11 4 10 2 3 4 14 7 11 4 5 2 12 4 9 7 17 4 15 1 16  10
10 7 13 4 5 2 3 4 14 7 8 4 14 2 12 4 10 2 18 4 9 7 17 4 5 7 17 4 1 2 3 4 1 7 17 4 15 9 16  12
1 2 3 4 9 7 17 4 1 7 8 4 9 2 18 4 14 2 3 4 5 7 11 4 10 7 8 4 5 2 12 4 14 7 8 4 15 10 16  12
5 7 13 4 1 7 17 4 9 7 8 4 5 2 3 4 9 2 18 4 14 7 8 4 10 7 13 4 1 2 12 4 10 2 3 4 15 14 16  11
9 7 11 4 14 7 11 4 5 2 6 4 10 2 6 4 1 7 11 4 5 7 11 4 10 7 11 4 1 2 6 4 9 2 6 4 15 14 16  10
9 2 6 4 14 2 12 4 5 7 17 4 1 7 17 4 9 7 11 4 10 7 17 4 14 7 13 4 10 2 3 4 5 2 3 4 15 1 16  12
10 7 11 4 5 7 11 4 9 7 11 4 1 2 6 4 9 2 6 4 5 2 6 4 14 7 11 4 14 2 6 4 1 7 11 4 15 10 16  10
5 2 6 4 9 2 6 4 9 7 13 4 14 2 18 4 5 7 13 4 1 7 17 4 10 7 13 4 1 2 18 4 14 7 17 4 15 10 16  10
5 2 6 4 10 2 18 4 14 2 18 4 10 7 11 4 9 7 11 4 14 7 11 4 1 7 17 4 1 2 6 4 5 7 17 4 15 9 16  11
1 7 13 4 14 2 12 4 10 7 11 4 5 7 13 4 9 7 11 4 9 2 3 4 10 2 3 4 14 7 17 4 5 2 6 4 15 1 16  10
5 2 6 4 9 7 8 4 14 7 13 4 10 2 6 4 10 7 13 4 5 7 13 4 9 2 12 4 1 7 8 4 1 2 12 4 15 14 16  10
5 2 3 4 1 2 6 4 9 2 3 4 14 7 8 4 10 7 17 4 1 7 17 4 9 7 11 4 5 7 11 4 14 2 18 4 15 10 16  10
14 7 8 4 14 2 18 4 5 2 12 4 10 7 17 4 9 7 11 4 10 2 12 4 9 2 6 4 5 7 17 4 1 7 8 4 15 1 16  11
10 2 18 4 14 2 3 4 1 2 12 4 5 2 12 4 10 7 8 4 9 7 17 4 1 7 11 4 14 7 17 4 5 7 11 4 15 9 16  12
10 2 12 4 1 7 13 4 10 7 8 4 1 2 6 4 14 7 13 4 14 2 6 4 9 7 8 4 5 7 8 4 5 2 12 4 15 9 16  6
5 7 8 4 1 7 17 4 5 2 12 4 14 2 18 4 10 7 17 4 14 7 13 4 1 2 3 4 9 7 8 4 9 2 12 4 15 10 16  12
1 2 3 4 10 2 18 4 9 7 13 4 5 2 3 4 1 7 8 4 5 7 8 4 10 7 11 4 14 7 13 4 14 2 6 4 15 9 16  10
5 2 18 4 9 7 17 4 14 7 17 4 1 7 13 4 5 7 13 4 10 7 17 4 9 2 6 4 1 2 18 4 10 2 6 4 15 14 16  10
5 2 18 4 14 7 8 4 14 2 18 4 1 2 3 4 9 7 13 4 9 2 12 4 5 7 8 4 1 7 17 4 10 7 8 4 15 10 16  11
1 7 17 4 10 2 18 4 14 7 17 4 5 7 8 4 9 2 3 4 10 7 17 4 5 2 3 4 14 2 18 4 9 7 8 4 15 1 16  11
1 7 17 4 14 7 17 4 5 7 8 4 10 7 17 4 1 2 3 4 9 7 11 4 5 2 6 4 10 2 3 4 9 2 18 4 15 14 16  12
5 7 13 4 9 7 13 4 10 2 6 4 10 7 13 4 14 7 11 4 9 2 6 4 14 2 12 4 1 2 3 4 1 7 8 4 15 5 16  10
1 2 12 4 9 7 13 4 14 2 6 4 1 7 8 4 14 7 13 4 9 2 6 4 5 7 13 4 10 2 6 4 10 7 13 4 15 5 16  10
5 7 8 4 1 7 11 4 10 2 3 4 14 7 11 4 9 2 12 4 5 2 12 4 10 7 11 4 9 7 8 4 14 2 3 4 15 1 16  12
1 2 18 4 5 2 18 4 9 2 3 4 9 7 11 4 5 7 17 4 14 2 6 4 14 7 8 4 1 7 17 4 10 7 11 4 15 10 16  12
14 7 17 4 1 2 6 4 10 7 17 4 1 7 17 4 9 2 12 4 5 7 13 4 10 2 6 4 5 2 18 4 9 7 11 4 15 14 16  10
10 7 11 4 1 2 3 4 9 7 8 4 5 7 17 4 14 7 11 4 10 2 18 4 5 2 6 4 9 2 12 4 1 7 13 4 15 14 16  11
14 2 18 4 5 7 17 4 1 2 18 4 10 7 11 4 9 7 11 4 1 7 8 4 5 2 12 4 14 7 8 4 9 2 6 4 15 10 16  10
10 2 18 4 10 7 8 4 5 2 18 4 14 2 6 4 1 7 13 4 1 2 6 4 9 7 13 4 5 7 8 4 14 7 13 4 15 9 16  10
14 2 12 4 10 2 12 4 5 2 18 4 1 7 17 4 5 7 17 4 10 7 13 4 9 7 13 4 1 2 18 4 14 7 13 4 15 9 16  6
14 7 17 4 10 7 11 4 1 2 18 4 9 2 6 4 9 7 8 4 5 7 17 4 1 7 11 4 5 2 3 4 14 2 3 4 15 10 16  11
1 7 8 4 10 2 12 4 9 7 11 4 5 7 17 4 14 7 11 4 5 2 12 4 10 7 17 4 1 2 18 4 9 2 6 4 15 14 16  10
10 2 12 4 1 7 8 4 1 2 6 4 9 7 11 4 14 7 11 4 5 2 12 4 9 2 12 4 10 7 11 4 5 7 11 4 15 14 16  6
1 7 13 4 5 2 12 4 10 2 12 4 10 7 17 4 14 2 3 4 14 7 11 4 5 7 17 4 9 7 11 4 1 2 18 4 15 9 16  12
10 2 12 4 14 7 17 4 5 2 6 4 1 7 13 4 9 2 3 4 9 7 8 4 5 7 11 4 14 2 18 4 10 7 13 4 15 1 16  6
14 7 17 4 1 7 17 4 5 7 17 4 10 2 12 4 14 2 12 4 10 7 17 4 9 7 17 4 9 2 12 4 1 2 12 4 15 5 16  6
5 7 17 4 10 7 17 4 10 2 6 4 1 2 18 4 9 7 17 4 14 2 3 4 5 2 6 4 1 7 8 4 14 7 13 4 15 9 16  10
9 7 11 4 1 2 18 4 14 2 3 4 14 7 13 4 9 2 6 4 5 7 17 4 1 7 8 4 10 7 8 4 5 2 12 4 15 10 16  11
14 2 12 4 5 2 12 4 1 7 17 4 9 2 12 4 10 7 11 4 9 7 17 4 14 7 17 4 10 2 3 4 5 7 17 4 15 1 16  6
10 7 13 4 14 2 6 4 1 2 12 4 5 7 11 4 10 2 3 4 14 7 8 4 5 2 18 4 1 7 17 4 9 7 8 4 15 9 16  10
9 2 18 4 14 7 13 4 10 2 18 4 5 7 8 4 10 7 17 4 1 7 8 4 14 2 6 4 9 7 17 4 1 2 3 4 15 5 16  12
9 7 11 4 14 7 17 4 5 7 17 4 9 2 3 4 1 7 17 4 14 2 12 4 1 2 12 4 10 7 11 4 10 2 3 4 15 5 16  6
5 7 11 4 14 7 8 4 10 2 6 4 1 7 11 4 9 7 8 4 5 2 18 4 10 7 13 4 14 2 3 4 9 2 3 4 15 1 16  11
14 7 17 4 1 2 18 4 1 7 8 4 5 7 17 4 10 2 6 4 9 2 6 4 14 2 6 4 9 7 17 4 10 7 17 4 15 5 16  10
9 2 6 4 14 2 6 4 5 2 6 4 9 7 17 4 1 2 12 4 10 7 8 4 1 7 8 4 14 7 17 4 5 7 17 4 15 10 16  6
1 7 11 4 9 7 8 4 10 7 17 4 14 2 12 4 5 7 8 4 10 2 3 4 14 7 8 4 1 2 6 4 5 2 12 4 15 9 16  6
14 7 8 4 5 2 6 4 10 7 11 4 9 2 18 4 1 2 12 4 5 7 8 4 1 7 11 4 9 7 13 4 10 2 12 4 15 14 16  10
10 7 11 4 1 7 11 4 9 7 11 4 14 2 6 4 5 2 12 4 14 7 11 4 1 2 6 4 10 2 6 4 5 7 13 4 15 9 16  10
14 7 8 4 14 2 6 4 5 2 6 4 5 7 8 4 9 2 6 4 9 7 8 4 10 2 18 4 1 7 8 4 10 7 11 4 15 1 16  10
1 7 11 4 14 2 6 4 9 2 12 4 5 7 17 4 10 7 17 4 14 7 11 4 5 2 12 4 10 2 12 4 9 7 17 4 15 1 16  10
5 2 12 4 9 2 6 4 9 7 11 4 1 7 13 4 14 7 8 4 10 2 18 4 1 2 18 4 5 7 8 4 10 7 13 4 15 14 16  6
1 2 6 4 9 2 3 4 10 7 13 4 1 7 17 4 5 2 12 4 9 7 8 4 10 2 18 4 14 7 13 4 5 7 11 4 15 14 16  11
14 7 17 4 10 7 11 4 14 2 6 4 5 2 3 4 10 2 3 4 1 7 11 4 9 2 3 4 5 7 11 4 9 7 11 4 15 1 16  12
10 7 13 4 1 7 13 4 9 7 13 4 10 2 12 4 5 2 12 4 14 2 12 4 14 7 13 4 1 2 12 4 5 7 13 4 15 9 16  6
14 7 8 4 10 7 8 4 9 2 18 4 5 7 11 4 1 2 12 4 5 2 3 4 9 7 8 4 1 7 13 4 14 2 18 4 15 10 16  11
14 7 8 4 14 2 12 4 10 2 12 4 1 7 13 4 9 2 12 4 1 2 18 4 10 7 8 4 9 7 8 4 5 7 13 4 15 5 16  11
5 2 6 4 14 7 11 4 10 2 12 4 5 7 17 4 9 7 8 4 1 7 11 4 9 2 18 4 10 7 13 4 14 2 3 4 15 1 16  12
14 7 8 4 10 7 13 4 5 2 12 4 14 2 18 4 1 2 6 4 1 7 11 4 9 2 6 4 5 7 13 4 9 7 11 4 15 10 16  6
1 2 3 4 9 7 13 4 5 7 13 4 14 7 17 4 10 7 17 4 10 2 12 4 9 2 18 4 1 7 8 4 5 2 18 4 15 14 16  6
1 2 18 4 10 7 13 4 5 2 3 4 9 2 6 4 1 7 13 4 5 7 11 4 14 2 6 4 9 7 17 4 14 7 17 4 15 10 16  11
10 7 13 4 1 7 17 4 1 2 3 4 14 7 8 4 14 2 18 4 9 7 8 4 10 2 6 4 5 2 12 4 5 7 11 4 15 9 16  11
9 7 11 4 5 7 17 4 9 2 12 4 14 2 12 4 10 7 17 4 1 7 11 4 1 2 12 4 5 2 3 4 14 7 11 4 15 10 16  12
9 7 11 4 10 7 13 4 5 2 6 4 5 7 13 4 14 7 11 4 14 2 18 4 1 7 17 4 1 2 3 4 10 2 6 4 15 9 16  11
9 7 13 4 1 7 8 4 10 7 8 4 9 2 3 4 5 2 6 4 1 2 6 4 10 2 6 4 14 7 8 4 5 7 8 4 15 14 16  10
1 7 17 4 14 2 18 4 9 7 8 4 14 7 8 4 5 7 8 4 1 2 6 4 10 2 3 4 10 7 13 4 9 2 18 4 15 5 16  11
1 2 12 4 9 7 13 4 9 2 12 4 10 7 13 4 14 7 17 4 14 2 18 4 5 7 17 4 1 7 13 4 5 2 18 4 15 10 16  6
10 2 12 4 10 7 17 4 9 2 3 4 14 7 8 4 1 7 11 4 9 7 11 4 14 2 18 4 1 2 3 4 5 7 11 4 15 5 16  12
10 2 6 4 5 2 12 4 1 2 12 4 14 7 8 4 1 7 8 4 10 7 13 4 5 7 8 4 9 7 11 4 9 2 18 4 15 14 16  6
1 7 11 4 14 2 6 4 1 2 18 4 5 2 18 4 9 2 6 4 14 7 8 4 10 7 8 4 5 7 11 4 9 7 8 4 15 10 16  10
5 7 17 4 10 7 17 4 9 7 11 4 9 2 6 4 1 2 6 4 5 2 18 4 14 2 18 4 14 7 17 4 1 7 11 4 15 10 16  11
14 7 8 4 10 2 12 4 1 2 6 4 10 7 8 4 9 7 11 4 1 7 17 4 5 7 17 4 5 2 6 4 9 2 3 4 15 14 16  6
9 2 18 4 1 7 8 4 5 7 13 4 14 2 6 4 10 7 17 4 14 7 11 4 5 2 12 4 9 7 8 4 10 2 3 4 15 1 16  11
9 7 13 4 9 2 3 4 5 2 6 4 1 7 11 4 1 2 6 4 10 2 3 4 14 7 13 4 5 7 11 4 10 7 13 4 15 14 16  12
10 7 17 4 1 2 6 4 5 7 13 4 14 7 13 4 10 2 3 4 1 7 11 4 14 2 18 4 9 2 18 4 9 7 13 4 15 5 16  11
1 7 8 4 9 7 17 4 10 2 3 4 14 7 17 4 1 2 6 4 5 7 8 4 5 2 6 4 9 2 3 4 10 7 17 4 15 14 16  12
10 2 12 4 9 2 18 4 9 7 17 4 1 7 8 4 5 7 17 4 10 7 11 4 14 2 6 4 1 2 3 4 14 7 13 4 15 5 16  11
14 7 13 4 10 7 13 4 1 2 6 4 10 2 12 4 5 2 3 4 9 7 8 4 9 2 3 4 1 7 11 4 5 7 8 4 15 14 16  6
14 7 11 4 1 7 11 4 9 7 17 4 9 2 6 4 1 2 3 4 5 7 13 4 5 2 12 4 10 2 6 4 10 7 17 4 15 14 16  12
14 2 3 4 1 2 12 4 5 7 8 4 14 7 11 4 1 7 8 4 9 2 6 4 10 2 6 4 10 7 13 4 9 7 13 4 15 5 16  6
9 7 17 4 5 2 18 4 14 2 12 4 10 7 8 4 10 2 3 4 5 7 13 4 14 7 11 4 1 2 6 4 1 7 17 4 15 9 16  10
9 7 17 4 14 2 18 4 10 7 11 4 9 2 6 4 14 7 8 4 1 2 12 4 1 7 13 4 10 2 3 4 5 7 8 4 15 5 16  11
9 2 6 4 1 2 12 4 10 2 18 4 14 7 11 4 5 2 12 4 1 7 17 4 9 7 13 4 10 7 11 4 5 7 17 4 15 14 16  11
5 7 17 4 9 7 17 4 10 7 11 4 1 7 13 4 1 2 12 4 14 2 18 4 14 7 11 4 10 2 18 4 5 2 3 4 15 9 16  12
10 7 13 4 14 2 6 4 1 2 6 4 5 7 13 4 10 2 6 4 14 7 13 4 9 2 12 4 1 7 13 4 9 7 8 4 15 5 16  10
9 7 11 4 10 7 11 4 5 2 6 4 10 2 18 4 5 7 13 4 1 7 17 4 14 2 18 4 1 2 12 4 14 7 11 4 15 9 16  11
14 7 8 4 9 2 12 4 14 2 18 4 10 2 18 4 9 7 13 4 5 7 17 4 10 7 8 4 5 2 3 4 1 7 8 4 15 1 16  11
5 7 11 4 14 2 3 4 10 2 6 4 10 7 8 4 1 7 11 4 9 7 8 4 14 7 17 4 9 2 6 4 1 2 12 4 15 5 16  6
1 2 6 4 14 7 17 4 5 7 17 4 14 2 18 4 5 2 18 4 10 2 3 4 9 7 8 4 10 7 11 4 1 7 8 4 15 9 16  10
1 2 6 4 10 2 18 4 14 2 6 4 5 7 17 4 9 7 11 4 14 7 17 4 9 2 12 4 10 7 8 4 1 7 17 4 15 5 16  10
1 2 3 4 10 7 17 4 5 7 17 4 9 7 11 4 1 7 8 4 14 2 6 4 9 2 12 4 14 7 17 4 10 2 6 4 15 5 16  10
9 2 6 4 10 2 12 4 1 7 11 4 1 2 18 4 10 7 17 4 9 7 8 4 14 7 17 4 5 2 12 4 5 7 17 4 15 14 16  6
9 7 11 4 10 2 6 4 14 7 8 4 1 7 8 4 9 2 3 4 14 2 18 4 5 7 8 4 10 7 13 4 5 2 18 4 15 1 16  11
9 2 3 4 14 7 13 4 1 7 17 4 14 2 3 4 5 7 13 4 1 2 6 4 10 7 11 4 10 2 18 4 9 7 13 4 15 5 16  12
1 7 13 4 14 7 13 4 10 7 11 4 10 2 18 4 9 7 13 4 5 7 17 4 1 2 12 4 14 2 12 4 5 2 6 4 15 9 16  6
5 2 3 4 14 2 18 4 9 2 6 4 10 2 12 4 5 7 11 4 1 7 11 4 14 7 8 4 10 7 17 4 9 7 13 4 15 1 16  12
5 2 3 4 10 7 17 4 14 7 8 4 1 7 13 4 10 2 18 4 9 7 8 4 5 7 13 4 1 2 3 4 9 2 12 4 15 14 16  6
14 7 13 4 9 2 18 4 5 7 8 4 10 2 3 4 10 7 13 4 9 7 11 4 1 7 8 4 1 2 6 4 14 2 3 4 15 5 16  10
1 7 11 4 9 2 6 4 10 7 13 4 14 7 13 4 5 7 13 4 10 2 6 4 9 7 13 4 14 2 6 4 1 2 12 4 15 5 16  10
10 7 17 4 1 7 17 4 14 7 8 4 9 7 11 4 1 2 18 4 10 2 18 4 5 7 8 4 5 2 6 4 9 2 12 4 15 14 16  10
1 2 6 4 1 7 13 4 10 7 13 4 5 7 8 4 10 2 6 4 14 7 8 4 9 7 13 4 5 2 18 4 14 2 18 4 15 9 16  10
5 7 13 4 10 2 12 4 1 2 12 4 9 2 12 4 9 7 17 4 1 7 17 4 14 7 17 4 5 2 3 4 10 7 17 4 15 14 16  6
10 2 3 4 10 7 8 4 5 2 18 4 14 7 8 4 1 7 13 4 1 2 6 4 9 2 12 4 9 7 17 4 5 7 11 4 15 14 16  12
1 7 11 4 10 7 17 4 10 2 6 4 14 2 3 4 1 2 18 4 9 7 13 4 5 7 17 4 14 7 13 4 9 2 3 4 15 5 16  10
14 7 13 4 5 7 13 4 1 7 13 4 14 2 18 4 5 2 18 4 9 7 13 4 1 2 18 4 10 2 6 4 10 7 11 4 15 9 16  11
14 7 13 4 14 2 6 4 1 7 13 4 1 2 6 4 10 7 13 4 5 2 18 4 5 7 8 4 9 7 13 4 10 2 6 4 15 9 16  10
9 2 12 4 10 2 12 4 14 7 17 4 5 7 11 4 1 7 13 4 10 7 13 4 9 7 13 4 5 2 3 4 14 2 18 4 15 1 16  6
1 7 13 4 14 7 13 4 10 7 11 4 5 7 11 4 9 2 6 4 14 2 3 4 9 7 17 4 5 2 12 4 1 2 3 4 15 10 16  6
10 7 17 4 14 7 17 4 1 7 13 4 9 2 6 4 5 7 17 4 9 7 17 4 14 2 6 4 1 2 12 4 10 2 6 4 15 5 16  10
9 7 11 4 14 7 13 4 14 2 3 4 9 2 12 4 5 2 3 4 10 7 17 4 10 2 18 4 5 7 13 4 1 7 13 4 15 1 16  12
14 2 12 4 5 7 8 4 9 7 8 4 9 2 12 4 5 2 12 4 1 7 8 4 14 7 8 4 1 2 12 4 10 7 8 4 15 10 16  6
10 2 12 4 1 7 13 4 14 7 11 4 14 2 3 4 5 7 11 4 9 7 8 4 5 2 3 4 9 2 18 4 10 7 13 4 15 1 16  6
14 7 13 4 10 7 8 4 9 2 6 4 10 2 3 4 1 7 8 4 5 7 13 4 5 2 18 4 9 7 17 4 1 2 3 4 15 14 16  11
9 7 17 4 9 2 6 4 1 2 3 4 10 7 17 4 1 7 11 4 14 2 6 4 14 7 17 4 5 7 17 4 10 2 6 4 15 5 16  10
14 7 8 4 10 7 8 4 9 2 3 4 14 2 6 4 5 7 11 4 5 2 12 4 9 7 17 4 1 7 17 4 10 2 6 4 15 1 16  12
1 2 18 4 9 7 13 4 10 7 13 4 10 2 3 4 5 7 13 4 14 2 18 4 1 7 11 4 5 2 3 4 14 7 11 4 15 9 16  12
5 7 17 4 9 2 12 4 10 2 3 4 1 7 8 4 14 2 3 4 9 7 11 4 5 2 18 4 14 7 8 4 10 7 8 4 15 1 16  12
1 2 12 4 10 7 13 4 1 7 8 4 14 7 13 4 10 2 6 4 14 2 6 4 5 7 17 4 5 2 18 4 9 7 13 4 15 9 16  10
5 7 11 4 5 2 3 4 10 7 11 4 1 2 3 4 14 7 17 4 14 2 18 4 9 2 3 4 9 7 11 4 1 7 11 4 15 10 16  12
14 7 11 4 5 7 13 4 5 2 6 4 9 7 13 4 10 7 13 4 1 2 3 4 14 2 12 4 9 2 6 4 1 7 8 4 15 10 16  10
9 7 11 4 10 2 12 4 10 7 8 4 14 7 11 4 1 2 12 4 5 7 8 4 5 2 12 4 9 2 3 4 1 7 8 4 15 14 16  12
14 7 11 4 10 7 8 4 9 7 8 4 9 2 3 4 5 2 6 4 1 7 17 4 5 7 11 4 14 2 6 4 1 2 18 4 15 10 16  12
5 2 3 4 1 2 18 4 9 7 13 4 10 7 11 4 14 2 12 4 9 2 6 4 14 7 17 4 5 7 11 4 1 7 8 4 15 10 16  12
14 2 18 4 14 7 11 4 1 7 11 4 9 2 3 4 1 2 18 4 10 2 12 4 9 7 17 4 10 7 13 4 5 7 13 4 15 5 16  6
9 7 11 4 1 7 13 4 14 7 17 4 9 2 18 4 5 7 13 4 1 2 3 4 5 2 3 4 14 2 6 4 10 7 11 4 15 10 16  11
1 2 18 4 9 2 3 4 1 7 11 4 9 7 13 4 14 2 6 4 5 7 17 4 14 7 8 4 5 2 12 4 10 7 13 4 15 10 16  12
14 7 13 4 9 7 13 4 1 2 3 4 5 2 12 4 10 7 13 4 9 2 3 4 14 2 3 4 5 7 17 4 1 7 13 4 15 10 16  12
5 7 8 4 10 7 17 4 14 2 18 4 10 2 6 4 1 2 12 4 14 7 13 4 1 7 8 4 9 7 8 4 9 2 12 4 15 5 16  6
14 2 3 4 5 7 17 4 5 2 6 4 14 7 8 4 10 7 8 4 9 2 18 4 9 7 11 4 1 7 8 4 1 2 3 4 15 10 16  12
9 7 8 4 5 7 11 4 10 7 13 4 9 2 12 4 10 2 18 4 1 7 11 4 5 2 6 4 14 7 8 4 14 2 12 4 15 1 16  10
5 7 13 4 10 2 12 4 1 7 13 4 14 2 18 4 1 2 12 4 9 2 3 4 14 7 8 4 10 7 13 4 9 7 17 4 15 5 16  6
5 7 11 4 5 2 12 4 10 2 6 4 1 7 17 4 9 2 18 4 1 2 3 4 10 7 8 4 14 7 11 4 9 7 13 4 15 14 16  6
5 7 17 4 10 7 8 4 1 7 13 4 14 7 8 4 9 7 17 4 10 2 18 4 5 2 3 4 14 2 18 4 1 2 12 4 15 9 16  12
14 7 13 4 1 7 17 4 5 2 12 4 10 7 8 4 9 2 6 4 5 7 8 4 14 2 18 4 9 7 17 4 10 2 12 4 15 1 16  10
10 2 12 4 10 7 8 4 5 7 17 4 14 7 17 4 9 2 6 4 1 7 17 4 1 2 6 4 9 7 17 4 14 2 6 4 15 5 16  10
9 2 18 4 1 7 11 4 14 2 18 4 5 7 13 4 1 2 12 4 9 7 17 4 14 7 17 4 5 2 6 4 10 7 11 4 15 10 16  6
5 2 18 4 10 7 8 4 9 7 17 4 10 2 18 4 9 2 12 4 14 2 12 4 14 7 17 4 1 7 8 4 5 7 8 4 15 1 16  11
9 2 3 4 14 7 8 4 9 7 8 4 10 7 8 4 5 2 12 4 5 7 11 4 10 2 3 4 1 2 18 4 1 7 17 4 15 14 16  12
