1 2 3 4 1 5 6 4 7 8 1 4 6 5 9 4 10 7 6 11  3 2
9 12 6 4 9 5 13 4 7 5 9 4 9 8 1 4 10 7 1 11  2 3
9 8 3 4 3 2 1 4 3 5 7 4 1 8 6 4 10 9 7 11  3 2
1 8 9 4 3 12 7 4 13 5 1 4 3 8 13 4 10 3 1 11  3 2
9 5 13 4 3 2 6 4 6 8 7 4 3 5 9 4 10 3 7 11  4 3
9 12 13 4 13 5 6 4 1 2 3 4 1 5 9 4 10 1 13 11  2 1
13 12 3 4 1 2 9 4 1 5 13 4 3 5 6 4 10 1 3 11  2 1
6 5 7 4 3 8 9 4 6 2 1 4 1 2 3 4 10 6 3 11  4 4
13 5 9 4 9 8 6 4 3 8 13 4 13 2 1 4 10 3 9 11  3 2
6 8 13 4 7 5 9 4 9 5 6 4 1 8 7 4 10 1 9 11  3 2
3 8 13 4 3 2 1 4 13 5 6 4 6 8 9 4 10 3 6 11  3 2
7 2 9 4 6 5 3 4 7 12 13 4 13 5 6 4 10 7 6 11  1 2
3 12 13 4 3 2 9 4 13 5 1 4 13 12 7 4 10 3 1 11  1 2
3 12 6 4 6 5 9 4 6 12 7 4 6 2 1 4 10 3 1 11  1 4
3 5 1 4 13 12 3 4 13 8 7 4 3 2 6 4 10 13 1 11  1 2
1 12 6 4 1 2 3 4 9 2 1 4 9 8 7 4 10 9 6 11  4 1
6 12 7 4 9 8 1 4 6 5 3 4 9 5 6 4 10 9 7 11  2 1
13 12 7 4 9 12 6 4 3 12 13 4 6 12 3 4 10 9 3 11  1 1
3 8 9 4 9 8 13 4 9 5 6 4 6 5 7 4 10 3 13 11  3 3
3 12 7 4 3 8 13 4 1 12 6 4 7 12 1 4 10 3 1 11  1 1
6 2 9 4 7 8 1 4 7 12 6 4 7 5 3 4 10 7 9 11  1 4
9 8 3 4 7 8 9 4 9 2 13 4 13 2 6 4 10 7 13 11  3 4
3 8 7 4 9 5 3 4 7 8 13 4 1 8 9 4 10 1 3 11  3 2
6 5 1 4 1 12 13 4 7 8 3 4 6 8 7 4 10 6 13 11  2 1
13 8 1 4 6 8 7 4 6 2 9 4 7 8 13 4 10 6 13 11  3 3
7 5 1 4 1 5 13 4 7 2 3 4 1 8 9 4 10 7 9 11  2 3
6 8 3 4 3 5 13 4 7 12 1 4 7 5 6 4 10 7 3 11  2 3
7 8 6 4 13 5 9 4 13 8 7 4 6 2 3 4 10 13 6 11  3 3
9 8 1 4 7 5 6 4 1 8 13 4 1 5 7 4 10 9 7 11  3 2
7 5 1 4 13 12 6 4 1 12 3 4 7 2 13 4 10 7 6 11  4 1
6 5 3 4 3 8 9 4 3 5 7 4 6 12 13 4 10 6 7 11  2 2
9 12 3 4 13 2 1 4 3 2 6 4 9 8 13 4 10 9 1 11  3 4
1 5 9 4 1 12 7 4 6 2 3 4 7 12 6 4 10 1 6 11  1 1
9 12 1 4 1 2 6 4 1 5 7 4 7 5 13 4 10 9 7 11  1 2
3 2 7 4 7 8 6 4 3 5 9 4 3 12 13 4 10 3 6 11  4 3
7 2 3 4 7 8 6 4 7 12 13 4 1 2 7 4 10 1 6 11  4 3
3 12 9 4 3 5 6 4 6 5 13 4 9 12 7 4 10 3 7 11  1 1
13 2 1 4 13 12 3 4 3 12 7 4 13 8 6 4 10 13 7 11  1 1
1 12 3 4 9 2 6 4 7 12 1 4 9 5 7 4 10 9 1 11  2 1
7 12 3 4 6 2 9 4 9 12 7 4 6 8 1 4 10 6 7 11  4 1
6 12 1 4 6 5 7 4 3 8 13 4 3 12 6 4 10 3 7 11  1 2
9 2 13 4 13 12 6 4 13 2 7 4 9 8 3 4 10 9 7 11  4 4
9 5 13 4 7 2 1 4 3 8 7 4 3 12 9 4 10 3 13 11  1 2
1 8 6 4 9 8 1 4 9 12 3 4 9 2 7 4 10 9 6 11  3 3
1 8 3 4 1 12 6 4 3 8 13 4 13 5 7 4 10 1 13 11  3 3
7 5 9 4 1 2 13 4 1 8 7 4 13 12 6 4 10 1 9 11  3 2
6 8 13 4 6 12 7 4 3 12 1 4 7 5 3 4 10 6 3 11  1 2
3 2 13 4 3 8 7 4 3 12 1 4 9 2 3 4 10 9 1 11  4 1
6 8 1 4 6 5 9 4 9 5 7 4 7 12 3 4 10 6 7 11  2 2
3 5 1 4 1 12 7 4 3 8 13 4 13 8 9 4 10 3 7 11  2 1
6 5 9 4 7 2 13 4 7 12 6 4 13 8 1 4 10 7 1 11  4 3
9 5 1 4 1 12 7 4 6 8 3 4 1 5 6 4 10 9 6 11  2 2
1 12 9 4 1 8 13 4 7 2 1 4 9 12 3 4 10 7 9 11  4 1
7 5 13 4 3 8 9 4 3 5 7 4 13 12 6 4 10 3 13 11  2 2
9 8 13 4 3 2 1 4 9 12 3 4 13 5 6 4 10 9 6 11  3 2
13 12 3 4 13 8 1 4 1 8 9 4 9 8 7 4 10 13 9 11  3 3
3 8 9 4 7 2 3 4 7 5 13 4 3 2 6 4 10 7 6 11  4 4
1 2 7 4 1 5 9 4 1 12 3 4 6 12 1 4 10 6 3 11  1 1
3 5 13 4 13 12 6 4 1 12 3 4 1 2 9 4 10 1 13 11  1 2
9 8 1 4 6 2 9 4 9 12 7 4 6 5 13 4 10 6 7 11  4 1
6 5 7 4 7 8 3 4 13 8 6 4 13 12 1 4 10 13 7 11  3 2
1 8 13 4 6 2 7 4 7 8 3 4 6 5 1 4 10 6 13 11  2 3
3 2 9 4 13 12 3 4 3 12 6 4 6 5 7 4 10 13 6 11  1 1
13 5 1 4 3 12 9 4 9 5 13 4 13 12 6 4 10 3 13 11  1 2
13 12 6 4 13 8 7 4 9 5 13 4 7 5 3 4 10 9 7 11  2 3
7 8 13 4 3 5 9 4 6 2 7 4 3 2 6 4 10 3 7 11  4 4
6 5 1 4 3 8 9 4 9 2 7 4 9 5 6 4 10 3 6 11  3 2
9 5 6 4 7 5 9 4 1 12 13 4 7 2 1 4 10 7 13 11  4 1
1 12 6 4 9 5 13 4 9 8 3 4 13 12 1 4 10 9 1 11  2 1
6 8 7 4 7 5 13 4 13 8 3 4 1 5 6 4 10 1 7 11  2 3
3 8 7 4 1 5 9 4 7 2 6 4 7 5 1 4 10 3 1 11  3 2
7 12 9 4 7 2 1 4 6 2 7 4 1 2 13 4 10 6 9 11  4 1
9 12 7 4 7 5 6 4 3 5 1 4 3 12 9 4 10 3 7 11  1 1
1 12 3 4 6 2 13 4 1 8 9 4 6 5 1 4 10 6 3 11  2 1
6 12 1 4 3 5 6 4 9 12 3 4 7 5 9 4 10 7 3 11  2 1
3 2 6 4 13 8 9 4 6 8 7 4 7 2 13 4 10 3 7 11  4 3
7 2 6 4 3 5 9 4 3 8 7 4 3 12 13 4 10 3 6 11  3 4
7 8 13 4 3 12 9 4 13 5 1 4 3 8 7 4 10 3 13 11  3 3
7 8 9 4 3 2 7 4 3 12 6 4 7 2 1 4 10 3 9 11  4 3
3 12 7 4 1 2 3 4 3 2 13 4 1 5 6 4 10 1 13 11  4 4
1 2 6 4 3 12 9 4 13 2 3 4 3 2 1 4 10 13 1 11  4 4
3 5 1 4 13 12 3 4 7 5 13 4 1 5 9 4 10 7 3 11  2 1
6 2 13 4 6 8 3 4 6 12 7 4 9 2 6 4 10 9 3 11  4 3
7 8 13 4 6 8 9 4 13 2 6 4 7 5 1 4 10 7 6 11  3 4
6 5 7 4 6 8 9 4 3 8 6 4 3 2 13 4 10 3 7 11  3 2
6 2 1 4 1 2 9 4 3 12 6 4 1 12 13 4 10 3 1 11  1 4
1 8 13 4 6 2 1 4 6 12 3 4 1 2 9 4 10 6 13 11  4 3
3 12 1 4 9 8 13 4 7 2 9 4 3 8 7 4 10 3 9 11  3 4
1 8 3 4 1 5 9 4 9 5 7 4 6 8 1 4 10 6 9 11  3 2
1 12 7 4 6 2 1 4 6 8 3 4 3 8 13 4 10 6 13 11  3 3
3 5 13 4 13 8 9 4 9 8 1 4 13 12 7 4 10 3 9 11  2 3
9 2 6 4 9 8 13 4 7 5 3 4 13 8 7 4 10 9 7 11  3 3
1 8 6 4 7 5 13 4 6 5 7 4 6 2 9 4 10 1 7 11  3 2
3 8 9 4 3 5 7 4 1 2 6 4 1 8 3 4 10 1 9 11  3 3
3 12 13 4 7 2 9 4 3 2 7 4 9 8 6 4 10 3 9 11  4 4
1 2 6 4 9 2 1 4 9 12 7 4 1 8 13 4 10 9 6 11  4 4
1 8 13 4 3 12 6 4 1 12 3 4 13 2 7 4 10 1 7 11  3 4
7 8 1 4 6 12 3 4 6 8 9 4 9 2 7 4 10 6 7 11  3 4
1 8 9 4 13 2 6 4 6 12 7 4 6 2 1 4 10 13 1 11  4 4
1 5 7 4 7 12 6 4 1 2 13 4 13 12 9 4 10 1 6 11  2 1
6 8 7 4 13 5 1 4 7 8 13 4 7 2 3 4 10 6 3 11  3 4
7 5 9 4 13 12 1 4 9 8 6 4 1 5 7 4 10 13 7 11  1 2
7 2 3 4 7 8 6 4 6 8 9 4 13 8 7 4 10 13 3 11  3 4
13 12 6 4 7 5 3 4 6 12 7 4 13 5 9 4 10 13 7 11  1 1
7 8 9 4 6 5 13 4 13 5 7 4 7 5 1 4 10 6 7 11  2 2
7 8 13 4 7 2 6 4 7 12 9 4 9 5 1 4 10 7 1 11  1 2
3 2 6 4 13 8 7 4 7 2 3 4 13 12 9 4 10 13 3 11  3 4
1 5 7 4 6 2 9 4 6 8 13 4 6 12 1 4 10 6 7 11  1 2
3 8 9 4 13 5 3 4 1 8 13 4 3 5 7 4 10 1 3 11  3 2
13 8 7 4 3 2 9 4 3 5 13 4 9 12 1 4 10 3 1 11  4 1
13 12 6 4 13 8 1 4 6 2 7 4 3 2 13 4 10 3 6 11  4 1
1 12 6 4 3 12 13 4 13 5 1 4 3 8 9 4 10 3 1 11  1 2
3 12 7 4 1 2 3 4 6 12 1 4 9 12 6 4 10 9 1 11  1 1
6 5 1 4 7 5 3 4 3 12 9 4 3 8 6 4 10 7 6 11  2 3
7 5 1 4 7 2 3 4 6 8 7 4 6 12 13 4 10 6 1 11  3 2
3 5 6 4 3 12 1 4 1 2 7 4 6 8 9 4 10 3 7 11  1 4
6 2 3 4 1 5 7 4 9 12 6 4 1 2 9 4 10 1 6 11  4 1
6 5 13 4 6 8 9 4 1 2 3 4 6 12 1 4 10 6 3 11  1 4
3 8 7 4 9 5 6 4 6 12 1 4 6 8 3 4 10 9 1 11  2 1
1 5 3 4 6 2 9 4 9 2 13 4 1 2 6 4 10 1 9 11  4 4
13 8 9 4 9 2 7 4 7 2 3 4 13 12 6 4 10 13 7 11  3 4
7 2 6 4 3 8 9 4 13 2 3 4 6 8 13 4 10 7 13 11  4 3
7 2 1 4 7 8 13 4 9 2 7 4 1 2 3 4 10 9 13 11  4 3
3 8 9 4 1 2 3 4 1 12 13 4 13 5 6 4 10 1 9 11  4 3
13 5 7 4 9 5 3 4 9 8 1 4 7 5 9 4 10 13 9 11  2 2
9 12 1 4 1 2 6 4 9 5 13 4 3 12 9 4 10 3 1 11  1 1
1 8 3 4 3 2 13 4 3 5 7 4 1 12 6 4 10 1 13 11  3 4
3 8 7 4 9 2 1 4 9 12 6 4 1 2 3 4 10 9 3 11  4 4
9 5 6 4 13 5 9 4 1 12 13 4 13 2 7 4 10 1 9 11  1 2
1 12 3 4 1 2 13 4 3 12 7 4 6 2 1 4 10 6 13 11  4 4
1 8 6 4 9 5 3 4 1 2 7 4 9 8 1 4 10 9 7 11  3 4
7 12 13 4 7 2 9 4 7 5 3 4 9 2 6 4 10 7 6 11  4 4
6 2 3 4 13 12 6 4 3 2 1 4 6 12 9 4 10 13 9 11  1 1
13 2 9 4 3 2 7 4 1 12 13 4 1 8 3 4 10 1 9 11  1 4
7 2 6 4 9 12 7 4 7 12 1 4 7 5 3 4 10 9 6 11  1 4
3 2 7 4 7 12 6 4 3 5 1 4 3 8 9 4 10 3 6 11  4 1
7 2 6 4 3 5 1 4 3 2 7 4 13 12 3 4 10 13 7 11  1 4
13 8 1 4 3 5 7 4 7 8 13 4 13 5 6 4 10 3 13 11  2 3
1 5 6 4 7 8 9 4 9 8 1 4 9 2 13 4 10 7 1 11  3 3
6 5 9 4 6 2 1 4 9 5 3 4 7 12 6 4 10 7 1 11  1 4
6 5 3 4 7 5 6 4 9 8 7 4 3 12 1 4 10 9 6 11  3 2
6 12 7 4 1 5 6 4 3 8 9 4 6 8 3 4 10 1 3 11  2 3
6 12 1 4 3 2 7 4 9 12 6 4 3 12 9 4 10 3 6 11  1 1
3 8 1 4 3 5 9 4 6 2 7 4 1 2 6 4 10 3 6 11  3 4
1 5 6 4 13 5 7 4 7 8 1 4 13 2 9 4 10 13 1 11  2 3
7 5 13 4 13 12 9 4 3 12 7 4 7 2 6 4 10 3 6 11  1 4
3 8 7 4 3 12 13 4 7 8 1 4 6 5 3 4 10 6 7 11  2 3
13 5 7 4 6 8 9 4 7 8 6 4 13 2 3 4 10 13 6 11  2 3
3 2 1 4 1 8 7 4 1 12 6 4 9 2 3 4 10 9 1 11  4 4
1 12 3 4 9 8 13 4 9 2 1 4 7 2 9 4 10 7 13 11  4 3
9 2 7 4 9 12 3 4 1 2 9 4 9 8 6 4 10 1 3 11  4 1
6 2 9 4 7 8 13 4 7 12 3 4 6 5 7 4 10 6 3 11  2 1
6 2 13 4 3 2 6 4 13 2 1 4 9 8 3 4 10 9 6 11  3 4
6 2 1 4 3 12 9 4 6 5 7 4 7 5 3 4 10 6 3 11  2 2
9 5 13 4 13 8 1 4 13 12 7 4 1 5 3 4 10 9 1 11  2 3
3 5 1 4 13 8 3 4 3 2 9 4 3 8 6 4 10 13 9 11  3 4
3 5 7 4 3 8 13 4 13 8 1 4 9 5 3 4 10 9 13 11  2 3
6 2 7 4 6 5 13 4 13 5 3 4 7 8 9 4 10 6 9 11  4 3
9 8 3 4 9 5 13 4 7 5 1 4 13 12 7 4 10 9 7 11  2 1
1 12 9 4 7 2 3 4 9 2 6 4 7 12 1 4 10 7 9 11  1 1
9 5 13 4 1 2 3 4 7 2 1 4 7 12 9 4 10 7 13 11  1 2
7 12 9 4 7 2 1 4 7 8 3 4 3 5 13 4 10 7 13 11  3 2
7 2 6 4 1 2 3 4 7 12 13 4 3 12 7 4 10 1 7 11  4 1
13 2 7 4 13 8 3 4 9 2 13 4 13 12 6 4 10 9 6 11  4 1
1 8 3 4 6 8 1 4 1 2 9 4 6 12 13 4 10 6 3 11  3 3
9 12 13 4 13 12 3 4 6 8 7 4 6 2 9 4 10 6 13 11  4 1
6 12 9 4 13 5 7 4 13 8 3 4 6 5 13 4 10 6 3 11  2 3
9 2 6 4 1 5 7 4 9 5 1 4 9 8 3 4 10 9 7 11  2 2
1 8 9 4 3 12 13 4 3 8 1 4 7 2 3 4 10 7 13 11  4 1
6 8 9 4 3 12 7 4 6 5 1 4 3 5 6 4 10 3 1 11  2 2
13 5 6 4 7 8 13 4 13 8 3 4 3 2 9 4 10 7 6 11  3 2
9 8 7 4 6 12 13 4 13 2 3 4 6 8 9 4 10 6 7 11  3 3
7 8 3 4 7 2 9 4 6 2 7 4 6 12 13 4 10 6 3 11  4 3
13 2 9 4 6 8 3 4 7 5 6 4 7 12 13 4 10 7 9 11  1 4
7 8 9 4 13 12 6 4 7 2 13 4 9 5 3 4 10 7 3 11  3 2
7 12 1 4 9 5 13 4 1 5 3 4 7 8 9 4 10 7 3 11  1 2
1 5 3 4 6 8 7 4 3 8 6 4 3 5 13 4 10 1 6 11  2 3
1 8 7 4 1 12 13 4 13 5 9 4 3 5 1 4 10 3 13 11  2 1
6 12 7 4 6 2 3 4 6 8 9 4 9 8 13 4 10 6 13 11  3 3
3 8 13 4 9 2 1 4 7 8 9 4 9 8 3 4 10 7 1 11  3 4
3 8 1 4 13 12 9 4 1 5 6 4 6 5 13 4 10 3 6 11  3 2
9 2 13 4 6 8 1 4 9 5 6 4 6 5 7 4 10 9 1 11  2 3
3 5 1 4 3 2 7 4 13 12 9 4 7 12 13 4 10 3 13 11  4 1
1 12 3 4 6 2 7 4 13 12 1 4 13 8 6 4 10 13 7 11  3 4
9 5 3 4 6 12 7 4 13 8 9 4 6 5 13 4 10 6 9 11  2 3
3 8 6 4 3 12 9 4 1 5 13 4 6 8 1 4 10 3 1 11  3 3
3 2 1 4 7 8 6 4 7 5 13 4 3 8 7 4 10 3 6 11  3 3
3 8 6 4 7 2 1 4 6 8 9 4 9 2 7 4 10 3 9 11  3 3
13 8 7 4 1 2 3 4 6 8 13 4 1 5 6 4 10 1 13 11  2 3
6 5 9 4 13 12 6 4 13 8 3 4 6 12 7 4 10 13 9 11  1 2
1 2 6 4 3 2 1 4 3 12 13 4 7 12 3 4 10 7 13 11  1 1
9 12 1 4 7 2 9 4 1 12 13 4 13 5 3 4 10 7 1 11  4 1
6 2 7 4 1 5 3 4 1 12 6 4 3 8 9 4 10 1 7 11  1 4
1 8 13 4 3 8 1 4 1 2 7 4 13 8 9 4 10 3 13 11  3 3
13 2 7 4 6 8 3 4 9 12 13 4 9 8 6 4 10 9 7 11  1 4
7 8 3 4 6 8 7 4 6 12 1 4 7 5 13 4 10 6 13 11  3 2
7 12 13 4 13 12 3 4 9 5 7 4 7 8 6 4 10 9 13 11  2 1
1 8 3 4 1 5 6 4 3 2 9 4 3 8 13 4 10 1 9 11  3 4
7 5 6 4 6 8 9 4 9 5 13 4 6 12 3 4 10 7 9 11  2 3
3 2 1 4 3 8 7 4 13 2 3 4 3 12 9 4 10 13 7 11  4 3
1 12 3 4 6 8 9 4 6 2 1 4 1 2 7 4 10 6 3 11  4 1
13 2 7 4 3 5 1 4 13 12 6 4 3 2 13 4 10 3 6 11  4 1
7 5 1 4 1 12 6 4 9 8 3 4 9 12 7 4 10 9 1 11  1 2
6 5 7 4 1 5 6 4 3 8 9 4 3 5 1 4 10 3 6 11  2 2
3 12 1 4 3 2 13 4 7 12 3 4 13 2 6 4 10 7 13 11  1 4
3 5 9 4 3 12 13 4 7 5 1 4 1 12 3 4 10 7 3 11  2 1
6 12 3 4 7 2 9 4 7 5 6 4 3 5 1 4 10 7 3 11  2 1
6 2 1 4 3 8 9 4 3 2 6 4 9 5 7 4 10 3 1 11  4 4
9 8 7 4 1 5 9 4 7 8 3 4 9 12 13 4 10 1 7 11  2 3
7 5 6 4 6 8 1 4 3 12 13 4 3 8 7 4 10 3 6 11  3 2
13 5 3 4 6 5 13 4 13 8 1 4 6 2 7 4 10 6 1 11  2 3
9 12 1 4 13 2 6 4 13 5 9 4 9 8 3 4 10 13 3 11  2 3
6 2 9 4 9 2 1 4 6 8 7 4 9 12 13 4 10 6 13 11  4 1
3 8 9 4 1 8 3 4 9 2 13 4 3 5 7 4 10 1 7 11  3 2
1 5 3 4 13 8 9 4 9 8 7 4 9 5 1 4 10 13 1 11  3 2
9 12 6 4 9 8 1 4 6 5 13 4 7 5 9 4 10 7 1 11  2 3
1 8 3 4 13 5 7 4 13 2 1 4 3 8 9 4 10 13 3 11  4 3
9 5 3 4 3 5 1 4 7 12 9 4 9 12 13 4 10 7 3 11  1 2
13 12 6 4 6 5 1 4 6 12 7 4 9 12 13 4 10 9 6 11  1 1
13 12 3 4 6 5 13 4 6 2 7 4 7 8 9 4 10 6 3 11  2 1
7 2 13 4 9 2 7 4 7 12 6 4 6 12 1 4 10 9 13 11  4 4
1 2 6 4 1 8 3 4 9 2 1 4 9 12 7 4 10 9 3 11  4 3
7 12 6 4 6 2 3 4 3 12 13 4 9 2 7 4 10 9 6 11  4 1
1 2 6 4 6 2 7 4 13 5 3 4 13 12 1 4 10 13 6 11  1 4
3 2 6 4 9 2 13 4 9 8 1 4 6 2 9 4 10 3 9 11  4 4
9 12 6 4 13 12 9 4 13 5 7 4 7 8 1 4 10 13 1 11  2 3
13 5 7 4 7 5 6 4 13 8 1 4 3 5 13 4 10 3 7 11  2 2
9 8 6 4 1 12 7 4 13 12 1 4 13 2 9 4 10 13 6 11  4 3
13 12 7 4 1 12 13 4 9 5 1 4 9 8 3 4 10 9 13 11  2 1
3 5 7 4 9 5 6 4 6 8 3 4 3 8 1 4 10 9 3 11  2 3
9 5 1 4 13 5 9 4 1 12 7 4 7 12 3 4 10 13 1 11  2 2
3 8 6 4 6 8 7 4 6 2 9 4 7 5 1 4 10 3 7 11  3 3
1 8 9 4 6 12 7 4 13 8 1 4 13 2 6 4 10 13 9 11  3 3
1 8 6 4 9 2 13 4 9 8 1 4 13 12 7 4 10 9 6 11  3 3
6 5 9 4 7 12 6 4 6 2 13 4 7 8 3 4 10 7 9 11  1 2
7 5 6 4 3 5 7 4 3 2 9 4 13 12 3 4 10 13 7 11  1 2
13 5 9 4 1 8 13 4 1 2 6 4 13 8 3 4 10 1 9 11  3 2
1 2 13 4 3 5 7 4 6 8 1 4 3 8 6 4 10 3 1 11  3 3
6 2 1 4 9 12 6 4 6 12 7 4 9 5 3 4 10 9 7 11  1 1
1 12 7 4 6 5 1 4 1 8 13 4 1 5 9 4 10 6 9 11  2 2
13 8 7 4 9 5 3 4 1 5 9 4 7 5 1 4 10 13 1 11  3 2
3 8 1 4 3 2 9 4 9 2 7 4 9 12 13 4 10 3 13 11  4 1
13 5 1 4 7 8 3 4 9 5 13 4 13 8 7 4 10 9 7 11  2 3
7 5 1 4 3 8 7 4 7 8 13 4 7 2 9 4 10 3 1 11  3 2
6 8 9 4 13 8 6 4 1 5 13 4 3 5 1 4 10 3 13 11  2 2
13 12 1 4 9 8 3 4 13 5 9 4 1 2 7 4 10 13 7 11  1 4
6 8 13 4 1 5 6 4 1 12 3 4 7 5 1 4 10 7 6 11  2 2
6 12 13 4 1 5 6 4 1 2 3 4 13 5 7 4 10 1 13 11  2 1
6 5 13 4 13 5 9 4 1 2 3 4 1 8 6 4 10 1 13 11  3 2
9 12 3 4 1 5 9 4 9 8 13 4 1 2 7 4 10 1 13 11  2 3
7 12 6 4 3 5 7 4 3 2 9 4 7 8 1 4 10 3 6 11  2 1
3 12 9 4 3 8 7 4 3 2 6 4 9 5 1 4 10 3 1 11  1 2
9 8 1 4 13 12 6 4 7 8 9 4 13 8 7 4 10 13 9 11  3 3
1 2 9 4 3 2 1 4 6 12 3 4 3 5 7 4 10 6 1 11  1 4
3 5 9 4 9 12 1 4 7 12 3 4 13 5 7 4 10 13 3 11  2 1
9 12 3 4 3 2 1 4 1 2 13 4 9 5 6 4 10 9 1 11  1 4
6 12 13 4 3 2 6 4 3 5 1 4 6 2 7 4 10 3 13 11  4 1
1 12 6 4 7 5 1 4 3 12 7 4 3 2 9 4 10 3 1 11  1 2
9 12 1 4 9 5 7 4 13 5 6 4 7 8 13 4 10 9 13 11  2 3
3 8 9 4 3 2 13 4 7 8 3 4 1 8 7 4 10 1 3 11  3 3
13 8 9 4 13 5 3 4 7 8 13 4 1 8 7 4 10 1 13 11  3 3
7 8 3 4 7 2 9 4 1 2 7 4 9 2 6 4 10 1 9 11  4 4
9 2 6 4 9 5 3 4 13 12 9 4 7 12 13 4 10 7 9 11  1 1
6 8 7 4 7 8 3 4 9 8 6 4 7 2 13 4 10 9 7 11  3 3
13 2 1 4 1 12 6 4 7 12 13 4 13 5 3 4 10 7 3 11  1 2
7 8 3 4 7 5 13 4 7 2 1 4 13 12 6 4 10 7 6 11  2 1
7 8 6 4 7 12 9 4 6 2 1 4 7 5 3 4 10 7 1 11  3 4
9 12 3 4 6 5 1 4 1 5 7 4 1 12 9 4 10 6 9 11  2 1
1 5 7 4 6 2 9 4 3 12 1 4 6 5 3 4 10 6 1 11  2 1
13 8 6 4 9 8 13 4 13 2 1 4 9 12 7 4 10 9 1 11  3 4
9 5 13 4 1 2 3 4 6 12 9 4 3 12 6 4 10 1 6 11  4 1
1 5 7 4 9 12 1 4 3 5 9 4 7 5 13 4 10 3 1 11  2 1
6 8 3 4 7 5 6 4 7 2 13 4 13 8 9 4 10 7 3 11  2 3
3 8 7 4 7 8 1 4 6 5 3 4 3 5 9 4 10 6 9 11  2 2
3 5 7 4 7 5 6 4 7 8 9 4 6 12 1 4 10 3 6 11  2 2
7 2 9 4 13 2 7 4 3 5 6 4 13 8 3 4 10 13 6 11  3 2
7 8 6 4 1 12 13 4 1 2 3 4 7 2 1 4 10 7 13 11  4 1
3 8 9 4 1 8 6 4 13 8 1 4 9 8 13 4 10 3 13 11  3 3
6 8 13 4 13 5 3 4 1 12 9 4 1 5 6 4 10 1 13 11  2 3
6 2 7 4 9 2 13 4 13 12 1 4 13 2 6 4 10 9 6 11  4 4
7 2 9 4 7 5 13 4 1 8 7 4 7 8 3 4 10 1 3 11  3 3
6 2 13 4 3 8 7 4 3 12 6 4 7 8 1 4 10 3 13 11  1 4
1 8 3 4 3 2 6 4 9 2 1 4 1 12 13 4 10 9 3 11  4 3
13 12 3 4 13 8 6 4 3 2 9 4 7 2 13 4 10 7 3 11  4 1
6 5 1 4 1 12 3 4 1 8 13 4 3 5 7 4 10 6 3 11  2 1
3 8 7 4 1 12 9 4 3 5 13 4 13 12 1 4 10 3 1 11  2 1
13 2 3 4 7 12 9 4 13 5 7 4 1 12 13 4 10 1 3 11  1 4
3 12 9 4 13 2 3 4 9 2 6 4 7 12 13 4 10 7 3 11  1 4
9 2 3 4 9 8 7 4 3 2 1 4 3 12 13 4 10 9 13 11  4 1
9 12 7 4 1 2 13 4 9 8 6 4 1 5 9 4 10 1 7 11  2 1
6 5 7 4 13 8 3 4 9 8 6 4 6 2 13 4 10 9 13 11  3 4
9 5 7 4 7 12 3 4 7 8 1 4 1 5 6 4 10 9 1 11  2 3
3 12 7 4 3 5 6 4 13 2 9 4 13 5 3 4 10 13 6 11  2 2
13 5 9 4 1 5 7 4 7 8 6 4 7 12 13 4 10 1 13 11  2 1
9 5 1 4 9 2 13 4 1 5 6 4 3 8 9 4 10 3 1 11  3 2
7 12 1 4 1 2 13 4 3 12 7 4 6 5 3 4 10 6 7 11  2 1
13 8 1 4 3 5 9 4 13 5 3 4 1 2 7 4 10 13 7 11  3 4
3 8 1 4 9 2 13 4 3 12 9 4 9 12 6 4 10 3 13 11  1 4
7 12 6 4 9 5 13 4 3 12 7 4 3 8 9 4 10 3 6 11  1 1
3 12 13 4 1 12 6 4 3 8 9 4 13 12 1 4 10 3 1 11  1 1
6 5 1 4 1 12 7 4 13 8 9 4 13 5 6 4 10 13 1 11  2 2
13 8 6 4 6 8 7 4 13 5 9 4 6 2 1 4 10 13 7 11  3 3
7 5 3 4 3 8 9 4 7 2 1 4 13 8 7 4 10 13 3 11  3 2
13 2 7 4 6 2 1 4 7 2 6 4 7 8 3 4 10 13 3 11  4 3
6 8 7 4 6 5 3 4 9 8 1 4 1 5 6 4 10 9 6 11  3 2
1 8 7 4 3 2 1 4 3 5 13 4 13 8 9 4 10 3 7 11  4 3
7 8 6 4 3 12 13 4 9 8 7 4 9 2 3 4 10 9 13 11  4 1
1 5 6 4 13 12 3 4 1 12 13 4 13 2 9 4 10 1 9 11  1 4
13 5 3 4 13 2 1 4 9 8 6 4 3 5 9 4 10 13 9 11  2 2
6 12 1 4 9 5 6 4 3 12 13 4 3 5 9 4 10 3 6 11  2 2
3 2 7 4 13 12 3 4 13 8 1 4 1 5 6 4 10 13 7 11  1 4
7 2 6 4 3 2 1 4 6 12 3 4 13 2 7 4 10 13 6 11  4 4
13 8 1 4 6 2 13 4 1 8 7 4 13 2 9 4 10 6 9 11  4 4
6 5 3 4 13 12 1 4 3 12 13 4 3 8 7 4 10 6 13 11  2 1
1 12 3 4 3 12 6 4 9 5 1 4 3 5 13 4 10 9 3 11  2 1
7 2 9 4 6 8 1 4 13 8 7 4 7 5 6 4 10 13 6 11  3 2
6 12 7 4 1 5 6 4 1 2 13 4 13 12 3 4 10 1 3 11  4 1
3 8 13 4 9 2 1 4 3 5 6 4 9 8 3 4 10 9 6 11  3 2
9 5 1 4 6 2 13 4 9 12 7 4 7 2 6 4 10 9 6 11  1 4
1 2 3 4 9 12 7 4 9 8 13 4 7 12 1 4 10 9 1 11  1 1
7 12 3 4 3 12 9 4 9 5 13 4 7 8 1 4 10 7 9 11  1 1
13 2 9 4 7 12 13 4 9 12 3 4 7 5 6 4 10 7 9 11  1 4
13 8 9 4 13 5 6 4 9 2 7 4 9 8 1 4 10 13 7 11  3 4
3 2 1 4 3 5 9 4 3 8 6 4 9 12 13 4 10 3 13 11  2 1
13 5 7 4 6 5 13 4 13 8 9 4 13 12 3 4 10 6 3 11  2 1
3 8 13 4 6 5 3 4 3 12 1 4 3 5 9 4 10 6 13 11  2 3
9 8 3 4 6 2 7 4 1 12 6 4 1 5 9 4 10 1 7 11  1 4
13 2 3 4 3 2 7 4 9 12 13 4 9 5 1 4 10 9 3 11  1 4
6 5 1 4 6 8 3 4 7 8 6 4 6 2 13 4 10 7 13 11  3 4
7 2 3 4 13 5 9 4 7 5 13 4 3 12 6 4 10 7 6 11  4 1
3 8 7 4 7 2 1 4 7 8 13 4 3 5 6 4 10 3 1 11  3 4
13 8 3 4 9 12 6 4 7 2 9 4 9 8 13 4 10 7 13 11  4 3
9 2 3 4 9 8 1 4 6 8 13 4 1 8 6 4 10 9 6 11  3 3
1 5 3 4 6 2 7 4 1 12 6 4 7 12 9 4 10 1 7 11  1 4
3 12 6 4 9 5 13 4 6 5 1 4 3 8 9 4 10 3 13 11  3 2
1 5 6 4 6 5 9 4 6 8 3 4 1 2 13 4 10 1 3 11  2 3
6 5 7 4 9 8 3 4 1 8 6 4 6 2 9 4 10 1 7 11  3 2
9 5 1 4 6 12 3 4 6 5 9 4 3 12 7 4 10 6 7 11  1 1
7 8 1 4 9 2 7 4 3 8 13 4 9 5 3 4 10 9 1 11  4 3
7 2 6 4 1 2 7 4 9 2 1 4 13 2 9 4 10 13 1 11  4 4
13 5 1 4 1 8 9 4 1 5 6 4 1 12 7 4 10 13 6 11  2 2
9 8 6 4 1 5 7 4 3 8 1 4 1 2 9 4 10 3 9 11  3 4
3 5 9 4 9 5 1 4 13 8 3 4 3 2 6 4 10 13 6 11  3 4
3 2 9 4 1 8 6 4 1 12 13 4 3 5 1 4 10 3 13 11  2 1
1 2 13 4 13 8 6 4 13 2 7 4 13 12 3 4 10 1 7 11  4 4
3 5 7 4 7 8 13 4 7 5 1 4 3 12 9 4 10 3 1 11  2 2
6 12 7 4 6 5 1 4 1 8 13 4 6 2 9 4 10 6 13 11  2 3
7 5 3 4 13 5 6 4 7 8 9 4 3 12 13 4 10 7 13 11  2 1
3 2 6 4 7 8 3 4 6 8 1 4 7 5 9 4 10 7 6 11  3 4
6 12 9 4 1 5 3 4 1 2 6 4 3 8 7 4 10 1 9 11  4 1
6 8 9 4 6 5 3 4 13 8 6 4 9 8 7 4 10 13 3 11  3 2
13 8 7 4 6 5 13 4 6 2 9 4 6 12 1 4 10 6 7 11  2 3
6 5 3 4 9 12 1 4 3 12 9 4 9 5 13 4 10 6 9 11  2 1
13 5 9 4 1 5 7 4 7 8 6 4 6 8 13 4 10 1 6 11  2 3
3 2 1 4 7 2 9 4 1 12 7 4 1 8 6 4 10 3 7 11  4 1
6 5 9 4 13 2 7 4 6 8 13 4 7 8 1 4 10 6 7 11  3 4
9 12 13 4 9 2 7 4 6 2 3 4 7 2 6 4 10 9 6 11  4 4
7 2 3 4 7 5 1 4 1 5 13 4 1 8 9 4 10 7 9 11  2 3
3 12 1 4 1 12 13 4 13 12 9 4 1 2 7 4 10 3 13 11  1 1
13 12 3 4 1 8 9 4 1 2 6 4 13 8 1 4 10 13 9 11  3 3
13 12 6 4 7 12 1 4 1 2 9 4 9 12 13 4 10 7 9 11  1 4
6 12 13 4 1 5 6 4 9 12 1 4 9 2 3 4 10 9 6 11  1 2
6 12 9 4 1 2 7 4 9 2 1 4 9 12 3 4 10 6 3 11  1 1
1 8 6 4 9 12 7 4 6 8 3 4 9 5 1 4 10 9 6 11  2 3
6 8 13 4 9 12 1 4 3 2 6 4 9 8 3 4 10 9 6 11  3 4
7 5 9 4 13 12 6 4 9 8 3 4 9 12 13 4 10 7 3 11  2 3
6 2 9 4 1 5 13 4 13 8 3 4 3 8 6 4 10 1 3 11  2 3
7 12 6 4 6 12 13 4 13 12 1 4 6 5 9 4 10 7 9 11  1 2
3 2 9 4 13 5 6 4 1 8 3 4 13 8 1 4 10 13 3 11  3 3
9 5 6 4 9 12 3 4 13 5 9 4 9 8 7 4 10 13 3 11  2 1
9 12 13 4 3 5 7 4 9 5 6 4 7 5 9 4 10 3 9 11  2 2
9 12 3 4 6 5 7 4 1 2 9 4 6 2 1 4 10 6 9 11  4 4
9 5 7 4 13 5 3 4 9 8 6 4 7 5 13 4 10 9 13 11  2 2
3 12 9 4 3 5 6 4 7 2 13 4 3 8 7 4 10 3 13 11  3 4
7 12 13 4 1 5 7 4 9 8 6 4 9 5 1 4 10 9 7 11  2 2
7 5 13 4 6 8 9 4 6 5 7 4 3 5 6 4 10 3 7 11  2 2
3 12 13 4 1 5 6 4 13 5 1 4 1 12 9 4 10 3 1 11  1 2
1 8 6 4 7 8 13 4 6 5 7 4 6 2 3 4 10 1 7 11  3 2
3 12 7 4 9 12 3 4 7 12 6 4 7 5 1 4 10 9 7 11  1 1
7 5 3 4 13 12 9 4 6 12 7 4 3 12 13 4 10 6 3 11  1 2
13 5 9 4 9 5 7 4 3 8 13 4 13 8 6 4 10 3 6 11  3 3
1 12 13 4 6 2 3 4 6 12 1 4 6 5 7 4 10 6 13 11  1 1
9 5 7 4 1 12 9 4 3 12 1 4 3 2 6 4 10 3 9 11  1 1
13 12 1 4 3 5 6 4 3 12 13 4 13 2 9 4 10 3 9 11  1 4
9 8 3 4 3 5 13 4 3 8 1 4 6 5 9 4 10 6 3 11  2 3
1 5 13 4 7 8 6 4 7 12 3 4 13 5 7 4 10 1 7 11  2 2
13 2 9 4 6 8 1 4 6 12 3 4 3 2 13 4 10 6 13 11  1 4
1 5 13 4 6 5 7 4 13 5 9 4 7 12 1 4 10 6 1 11  2 1
3 8 1 4 13 8 9 4 1 8 6 4 9 5 3 4 10 13 3 11  3 2
1 5 7 4 3 8 9 4 3 2 6 4 9 5 1 4 10 3 1 11  3 2
7 2 3 4 7 8 13 4 1 8 6 4 3 2 1 4 10 7 1 11  4 4
9 8 6 4 6 8 7 4 7 5 3 4 1 8 9 4 10 1 6 11  3 3
7 12 9 4 3 2 13 4 7 5 6 4 7 2 3 4 10 7 13 11  4 4
3 5 6 4 7 2 9 4 7 12 3 4 3 12 1 4 10 7 6 11  1 2
6 8 13 4 13 8 9 4 9 5 1 4 13 2 3 4 10 6 9 11  3 3
9 12 6 4 7 5 9 4 9 5 1 4 7 2 13 4 10 7 6 11  2 1
6 5 9 4 1 8 6 4 9 5 3 4 1 12 7 4 10 1 9 11  3 2
9 8 1 4 9 12 13 4 3 8 6 4 1 5 3 4 10 9 3 11  3 2
13 8 9 4 3 8 1 4 1 5 13 4 9 5 6 4 10 3 13 11  3 2
1 5 9 4 9 12 3 4 9 8 7 4 3 12 13 4 10 1 3 11  2 1
13 2 9 4 6 12 13 4 3 8 1 4 3 12 6 4 10 3 13 11  1 1
3 5 1 4 3 2 6 4 6 2 13 4 13 8 7 4 10 3 13 11  4 4
7 8 1 4 13 8 6 4 6 2 7 4 1 2 9 4 10 13 7 11  3 4
9 2 7 4 3 8 13 4 6 8 3 4 6 2 9 4 10 6 7 11  4 4
1 8 9 4 3 2 7 4 6 8 3 4 3 5 1 4 10 6 1 11  3 2
6 5 13 4 1 5 9 4 6 2 3 4 13 12 1 4 10 6 1 11  2 1
1 12 13 4 1 2 9 4 3 12 1 4 9 2 6 4 10 3 13 11  1 1
13 8 1 4 6 12 9 4 6 5 7 4 6 2 13 4 10 6 1 11  4 3
7 12 3 4 1 8 9 4 7 2 6 4 7 8 1 4 10 7 9 11  3 3
7 8 13 4 1 5 3 4 7 12 6 4 1 2 7 4 10 1 13 11  4 3
7 5 1 4 13 12 3 4 6 12 13 4 13 5 7 4 10 6 7 11  1 2
6 8 7 4 9 8 6 4 7 5 13 4 7 2 3 4 10 9 7 11  3 3
9 5 6 4 1 2 13 4 1 8 7 4 7 5 9 4 10 1 9 11  3 2
3 12 1 4 3 5 7 4 6 2 13 4 6 5 3 4 10 6 7 11  2 2
13 12 1 4 13 2 6 4 1 5 7 4 9 12 13 4 10 9 1 11  1 1
6 5 3 4 3 8 9 4 6 12 7 4 3 5 1 4 10 6 1 11  2 2
1 5 6 4 7 5 3 4 6 12 7 4 3 12 13 4 10 1 7 11  2 1
6 12 9 4 6 5 7 4 3 12 1 4 9 2 3 4 10 6 3 11  1 4
6 5 13 4 6 12 3 4 6 2 9 4 1 12 6 4 10 1 3 11  1 1
7 8 3 4 7 12 6 4 3 5 1 4 6 2 9 4 10 7 1 11  3 2
13 8 7 4 1 2 13 4 13 12 6 4 7 2 9 4 10 1 6 11  4 1
6 12 3 4 9 2 7 4 9 5 6 4 6 5 13 4 10 9 3 11  2 1
3 12 6 4 7 12 9 4 3 2 1 4 6 5 7 4 10 3 7 11  1 2
1 8 6 4 9 12 13 4 9 2 7 4 1 2 9 4 10 1 13 11  4 1
13 12 6 4 13 5 9 4 9 5 1 4 9 8 3 4 10 13 3 11  2 3
1 5 13 4 9 5 7 4 13 8 3 4 13 5 9 4 10 1 9 11  2 2
7 8 6 4 6 8 1 4 6 2 3 4 7 12 9 4 10 7 3 11  3 4
6 12 9 4 6 8 3 4 6 2 7 4 1 2 6 4 10 1 9 11  4 1
1 2 6 4 7 12 1 4 13 2 7 4 1 12 3 4 10 13 1 11  4 1
1 8 13 4 6 12 3 4 1 2 7 4 6 2 1 4 10 6 7 11  4 4
13 8 3 4 9 2 13 4 6 12 7 4 7 2 9 4 10 6 9 11  1 4
13 5 9 4 9 5 1 4 7 8 6 4 1 8 7 4 10 13 1 11  2 2
1 2 13 4 3 8 1 4 7 2 3 4 3 12 6 4 10 7 6 11  4 1
6 12 9 4 6 8 7 4 3 12 13 4 9 5 3 4 10 6 3 11  1 2
1 12 7 4 6 8 13 4 1 5 6 4 7 2 3 4 10 1 13 11  2 3
1 2 9 4 13 8 1 4 13 5 6 4 6 12 7 4 10 13 7 11  2 1
3 8 6 4 6 2 1 4 7 8 13 4 6 8 7 4 10 3 7 11  3 3
7 12 9 4 3 2 7 4 9 12 6 4 13 12 3 4 10 13 7 11  1 4
1 8 9 4 6 2 3 4 1 12 6 4 9 2 7 4 10 1 7 11  3 4
3 2 9 4 1 5 7 4 1 2 3 4 3 8 6 4 10 1 9 11  4 4
9 8 1 4 1 5 13 4 9 2 3 4 3 2 7 4 10 9 7 11  4 4
13 5 9 4 9 8 3 4 1 12 7 4 9 12 1 4 10 13 3 11  2 3
3 12 13 4 3 8 1 4 7 5 3 4 7 2 9 4 10 7 13 11  2 1
9 12 1 4 6 12 3 4 6 8 7 4 3 5 9 4 10 6 9 11  1 2
6 2 7 4 9 8 6 4 1 12 3 4 9 12 1 4 10 9 3 11  1 1
6 2 13 4 7 8 1 4 6 8 7 4 3 2 6 4 10 3 13 11  4 4
7 2 9 4 13 12 7 4 7 12 1 4 7 5 3 4 10 13 3 11  1 2
13 2 7 4 3 8 13 4 6 5 9 4 3 12 6 4 10 3 9 11  1 2
7 8 13 4 7 2 3 4 9 5 6 4 9 8 7 4 10 9 3 11  3 4
1 5 9 4 1 12 13 4 3 8 6 4 9 5 3 4 10 1 3 11  2 2
9 12 6 4 6 2 3 4 6 12 7 4 9 5 13 4 10 9 3 11  1 4
3 5 7 4 9 5 3 4 7 5 13 4 3 12 1 4 10 9 1 11  2 1
9 8 6 4 13 5 9 4 6 8 7 4 9 5 1 4 10 13 6 11  2 3
13 8 9 4 6 2 13 4 9 8 3 4 13 12 7 4 10 6 9 11  4 3
6 2 13 4 1 8 6 4 6 5 3 4 3 5 9 4 10 1 13 11  3 4
1 2 9 4 3 8 1 4 3 12 6 4 9 8 7 4 10 3 9 11  3 4
7 12 9 4 13 2 7 4 9 2 1 4 3 2 13 4 10 3 7 11  4 4
7 2 9 4 7 5 1 4 9 8 13 4 1 12 3 4 10 7 3 11  2 1
7 2 13 4 9 12 7 4 9 5 1 4 7 12 3 4 10 9 3 11  1 1
13 12 7 4 7 2 1 4 9 12 6 4 7 12 9 4 10 13 9 11  1 1
7 8 1 4 1 5 6 4 3 2 9 4 7 2 3 4 10 7 6 11  3 2
13 8 6 4 9 2 13 4 1 2 9 4 1 5 3 4 10 1 13 11  4 4
13 2 1 4 1 12 3 4 1 8 9 4 3 2 7 4 10 13 3 11  4 1
1 12 6 4 7 12 1 4 1 2 9 4 1 5 3 4 10 7 9 11  1 4
9 8 6 4 7 2 1 4 3 2 7 4 7 8 9 4 10 3 9 11  4 3
7 2 1 4 3 8 7 4 1 2 6 4 7 5 13 4 10 3 1 11  3 4
13 12 7 4 7 12 3 4 7 5 9 4 7 2 6 4 10 13 9 11  1 2
7 5 1 4 13 8 7 4 13 2 6 4 13 12 9 4 10 13 1 11  3 2
7 2 6 4 7 5 1 4 9 8 7 4 6 2 13 4 10 9 6 11  3 4
9 8 3 4 9 5 6 4 9 12 1 4 3 8 7 4 10 9 7 11  3 3
7 2 9 4 3 2 6 4 1 2 3 4 6 8 7 4 10 1 6 11  4 4
9 5 6 4 6 5 13 4 7 2 1 4 9 12 7 4 10 9 13 11  2 2
13 8 6 4 7 5 1 4 13 12 3 4 7 2 13 4 10 7 6 11  4 3
1 12 3 4 7 5 6 4 6 5 1 4 9 12 7 4 10 9 6 11  1 2
3 5 13 4 7 8 9 4 7 12 6 4 6 5 3 4 10 7 3 11  1 2
7 8 13 4 3 2 9 4 13 2 3 4 13 8 6 4 10 7 3 11  3 4
3 12 9 4 9 12 7 4 7 12 6 4 3 8 1 4 10 3 7 11  1 1
7 2 3 4 7 8 1 4 13 2 6 4 6 8 7 4 10 13 7 11  4 3
3 8 6 4 13 12 7 4 13 5 3 4 3 5 9 4 10 13 6 11  2 3
13 2 1 4 13 5 7 4 9 8 3 4 9 12 13 4 10 9 1 11  1 4
7 8 9 4 1 12 3 4 7 5 1 4 3 12 6 4 10 7 3 11  2 1
9 12 7 4 13 12 3 4 3 12 9 4 3 2 6 4 10 13 9 11  1 1
6 2 1 4 9 8 7 4 6 5 9 4 1 8 13 4 10 6 7 11  2 3
13 12 9 4 9 5 3 4 7 5 13 4 7 8 6 4 10 7 9 11  2 1
13 8 7 4 6 5 1 4 7 8 6 4 9 5 13 4 10 9 7 11  2 3
6 12 13 4 6 8 1 4 1 8 9 4 1 2 7 4 10 6 9 11  3 3
13 8 3 4 3 5 1 4 6 2 7 4 3 8 6 4 10 13 6 11  3 3
13 12 3 4 13 8 7 4 7 5 1 4 7 2 6 4 10 13 1 11  3 2
3 2 9 4 3 5 7 4 7 5 1 4 7 8 13 4 10 3 1 11  2 2
9 12 3 4 7 8 1 4 7 2 6 4 6 12 9 4 10 7 9 11  4 1
13 2 3 4 9 5 1 4 9 8 13 4 1 12 7 4 10 9 7 11  2 1
1 12 9 4 13 5 6 4 9 12 3 4 3 5 13 4 10 1 3 11  1 1
3 8 7 4 3 2 9 4 3 12 13 4 6 2 3 4 10 6 9 11  4 4
1 2 7 4 13 2 1 4 7 12 6 4 1 8 3 4 10 13 7 11  4 4
1 8 13 4 9 5 3 4 13 8 7 4 3 8 1 4 10 9 1 11  2 3
1 12 13 4 13 12 3 4 1 8 7 4 6 5 1 4 10 6 7 11  2 3
7 8 9 4 9 2 6 4 7 12 3 4 9 5 13 4 10 7 6 11  3 4
9 12 7 4 1 12 13 4 7 12 6 4 6 12 1 4 10 9 6 11  1 1
6 5 3 4 9 8 7 4 6 8 9 4 7 5 1 4 10 6 7 11  3 3
13 12 1 4 3 12 9 4 13 5 6 4 9 5 13 4 10 3 13 11  1 2
13 2 9 4 1 5 7 4 1 8 6 4 13 5 1 4 10 13 7 11  2 2
1 8 6 4 7 5 1 4 13 12 3 4 7 2 13 4 10 7 6 11  2 3
13 2 9 4 9 2 1 4 13 5 7 4 3 12 13 4 10 3 9 11  1 4
7 2 9 4 6 8 3 4 6 12 7 4 7 12 1 4 10 6 1 11  1 1
1 12 3 4 3 12 6 4 13 5 1 4 13 2 7 4 10 13 3 11  2 1
13 2 9 4 3 5 1 4 13 5 3 4 9 2 7 4 10 13 1 11  2 2
1 12 3 4 3 2 7 4 3 5 6 4 1 8 13 4 10 1 7 11  1 4
9 2 1 4 6 2 9 4 7 8 6 4 7 5 3 4 10 7 9 11  3 4
3 8 6 4 7 8 9 4 9 5 3 4 3 5 1 4 10 7 3 11  3 2
1 2 6 4 13 2 1 4 9 8 7 4 1 8 9 4 10 13 6 11  4 4
3 8 13 4 9 12 7 4 3 5 9 4 13 2 6 4 10 3 7 11  2 1
3 8 7 4 3 5 6 4 7 2 9 4 9 8 13 4 10 3 9 11  3 4
7 5 6 4 7 8 13 4 7 12 9 4 13 2 3 4 10 7 3 11  3 4
9 2 13 4 13 2 3 4 1 12 9 4 1 8 7 4 10 1 13 11  1 4
1 2 9 4 13 2 1 4 13 12 6 4 3 2 13 4 10 3 1 11  4 4
6 8 9 4 9 8 3 4 7 2 13 4 7 8 6 4 10 7 9 11  3 3
9 5 6 4 3 12 7 4 7 2 13 4 7 5 9 4 10 3 9 11  1 2
1 12 13 4 9 5 1 4 9 8 7 4 7 2 6 4 10 9 13 11  2 1
6 5 3 4 9 8 7 4 7 2 13 4 6 2 9 4 10 6 7 11  4 3
1 8 9 4 3 2 7 4 7 2 6 4 1 2 3 4 10 1 7 11  4 4
13 5 9 4 3 8 13 4 1 2 6 4 6 8 3 4 10 1 3 11  4 3
9 2 1 4 9 5 6 4 6 5 3 4 9 8 13 4 10 9 3 11  2 2
3 5 6 4 9 8 3 4 9 12 7 4 9 2 1 4 10 9 6 11  3 2
1 8 7 4 1 12 9 4 9 2 3 4 1 5 13 4 10 1 3 11  1 4
13 8 9 4 1 8 13 4 7 5 6 4 9 5 7 4 10 1 9 11  3 3
6 12 9 4 6 8 3 4 1 2 7 4 6 2 1 4 10 6 7 11  4 4
7 8 1 4 1 8 13 4 7 5 6 4 7 2 9 4 10 7 13 11  3 3
6 12 13 4 9 5 1 4 9 8 7 4 6 8 9 4 10 6 1 11  3 2
7 5 3 4 1 2 9 4 1 5 7 4 9 12 13 4 10 1 3 11  2 2
7 8 3 4 7 2 13 4 13 2 6 4 9 2 7 4 10 9 3 11  4 3
1 5 7 4 7 12 6 4 3 5 13 4 7 8 3 4 10 1 6 11  2 1
9 8 13 4 3 8 7 4 13 2 6 4 6 2 3 4 10 9 6 11  3 4
6 5 13 4 1 5 6 4 7 2 9 4 7 5 1 4 10 7 6 11  2 2
1 5 9 4 1 8 7 4 9 5 13 4 9 12 6 4 10 1 6 11  2 1
9 12 13 4 1 2 3 4 9 2 1 4 1 8 7 4 10 9 7 11  4 3
1 2 7 4 6 12 1 4 3 12 6 4 9 2 3 4 10 9 6 11  4 1
6 5 7 4 1 12 13 4 7 8 3 4 6 12 1 4 10 6 13 11  1 1
7 2 3 4 3 8 9 4 9 2 1 4 7 12 13 4 10 7 9 11  4 3
13 8 6 4 9 5 3 4 13 12 9 4 7 5 13 4 10 7 6 11  2 3
3 8 7 4 3 12 13 4 13 12 9 4 3 2 1 4 10 3 9 11  1 1
6 5 3 4 13 12 7 4 3 12 13 4 3 8 9 4 10 6 13 11  2 1
13 8 3 4 13 2 1 4 6 8 13 4 3 5 9 4 10 6 1 11  3 4
3 2 9 4 13 2 3 4 3 12 6 4 6 12 1 4 10 13 9 11  4 4
3 5 9 4 3 2 1 4 6 12 3 4 3 12 7 4 10 6 1 11  1 4
7 8 1 4 1 2 9 4 7 12 3 4 1 8 13 4 10 7 13 11  3 3
1 12 6 4 9 2 1 4 1 2 3 4 1 8 7 4 10 9 7 11  4 3
9 8 3 4 7 5 1 4 9 5 6 4 1 5 9 4 10 7 9 11  2 2
6 2 13 4 9 2 3 4 1 8 9 4 3 8 6 4 10 1 3 11  3 4
7 8 13 4 6 8 3 4 9 8 6 4 3 2 7 4 10 9 3 11  3 3
1 8 7 4 13 8 3 4 7 2 13 4 1 12 6 4 10 1 13 11  3 4
1 2 9 4 6 2 1 4 6 8 13 4 1 12 7 4 10 6 7 11  4 1
1 5 9 4 1 8 7 4 7 8 3 4 1 12 6 4 10 1 3 11  3 3
9 2 6 4 1 8 7 4 9 5 13 4 1 12 9 4 10 1 13 11  1 2
9 5 13 4 6 5 3 4 13 8 6 4 3 5 1 4 10 9 6 11  2 3
3 2 13 4 3 5 6 4 6 12 7 4 7 12 1 4 10 3 7 11  2 1
1 5 3 4 13 8 7 4 13 5 1 4 7 2 6 4 10 13 3 11  2 2
13 5 9 4 6 8 13 4 3 8 6 4 6 2 1 4 10 3 1 11  3 4
9 2 13 4 3 8 9 4 13 8 7 4 1 2 3 4 10 1 9 11  4 3
3 12 1 4 13 5 3 4 1 12 7 4 7 5 6 4 10 13 1 11  2 1
9 12 1 4 1 2 6 4 1 5 13 4 1 12 3 4 10 9 13 11  1 2
9 12 6 4 6 12 3 4 6 5 13 4 9 2 1 4 10 9 3 11  1 1
3 5 9 4 3 2 1 4 6 8 3 4 1 2 13 4 10 6 1 11  3 4
9 2 13 4 1 8 9 4 7 8 1 4 1 5 3 4 10 7 3 11  3 2
6 5 13 4 7 12 6 4 13 12 1 4 6 2 3 4 10 7 13 11  1 2
1 5 6 4 1 12 13 4 9 8 7 4 9 5 1 4 10 9 6 11  2 2
7 12 1 4 7 8 13 4 7 5 6 4 13 8 3 4 10 7 3 11  3 3
7 2 6 4 6 2 9 4 6 8 13 4 7 12 3 4 10 7 9 11  4 4
3 5 13 4 13 5 9 4 7 2 6 4 3 8 7 4 10 3 6 11  3 4
6 5 1 4 1 5 7 4 7 8 3 4 3 8 13 4 10 6 7 11  2 2
3 8 7 4 9 2 3 4 1 5 13 4 1 8 9 4 10 1 3 11  3 4
3 12 7 4 9 2 3 4 7 12 1 4 3 8 6 4 10 9 7 11  4 1
7 5 1 4 1 8 6 4 7 2 13 4 1 12 9 4 10 7 6 11  2 3
3 5 9 4 3 2 13 4 7 8 3 4 9 8 6 4 10 7 9 11  3 2
6 5 13 4 3 8 6 4 1 8 9 4 9 5 3 4 10 1 3 11  3 2
6 12 3 4 13 5 1 4 3 2 7 4 3 12 13 4 10 6 7 11  1 4
9 5 3 4 6 12 13 4 9 12 6 4 3 5 1 4 10 9 13 11  1 1
9 2 6 4 7 8 13 4 3 5 7 4 3 2 9 4 10 3 13 11  2 3
6 8 3 4 7 2 9 4 13 2 7 4 7 8 6 4 10 13 6 11  4 3
3 5 1 4 1 12 9 4 3 2 7 4 1 8 6 4 10 3 9 11  2 1
1 12 7 4 3 12 1 4 9 5 3 4 3 5 6 4 10 9 6 11  2 2
3 5 1 4 7 5 3 4 1 5 9 4 3 12 13 4 10 7 1 11  2 2
7 12 1 4 3 8 13 4 3 5 7 4 7 5 6 4 10 3 6 11  2 2
6 2 9 4 9 12 3 4 6 8 7 4 9 2 13 4 10 6 13 11  4 4
1 2 6 4 3 8 7 4 7 2 9 4 3 12 1 4 10 3 9 11  3 4
1 8 9 4 3 8 7 4 7 5 13 4 7 2 1 4 10 3 1 11  3 4
1 8 7 4 6 8 9 4 3 5 6 4 9 8 1 4 10 3 9 11  2 3
13 12 1 4 13 5 7 4 3 8 9 4 3 5 13 4 10 3 1 11  2 1
3 2 6 4 6 12 7 4 6 8 1 4 7 2 13 4 10 3 7 11  4 1
3 2 7 4 1 12 9 4 1 5 6 4 9 2 3 4 10 1 3 11  1 4
6 12 3 4 9 2 7 4 6 5 1 4 6 8 9 4 10 6 7 11  3 4
1 12 3 4 6 5 1 4 1 8 7 4 7 5 13 4 10 6 3 11  2 1
6 8 3 4 1 2 13 4 13 2 9 4 1 8 6 4 10 1 3 11  3 3
1 2 13 4 13 2 9 4 7 8 1 4 1 8 3 4 10 7 13 11  3 4
6 8 3 4 7 2 1 4 7 5 6 4 1 2 9 4 10 7 3 11  2 3
9 8 6 4 9 5 7 4 3 2 1 4 6 8 3 4 10 9 3 11  3 3
3 5 7 4 3 12 13 4 3 8 9 4 1 5 3 4 10 1 7 11  2 2
7 2 1 4 13 12 6 4 6 2 7 4 13 8 9 4 10 13 7 11  1 4
7 2 13 4 3 8 6 4 1 5 3 4 7 5 1 4 10 7 3 11  2 2
1 12 7 4 9 2 6 4 7 12 3 4 9 5 1 4 10 9 7 11  2 1
3 8 6 4 6 5 9 4 9 5 13 4 6 2 1 4 10 3 9 11  3 2
13 12 7 4 3 2 1 4 7 2 3 4 13 5 9 4 10 13 3 11  1 4
9 2 1 4 6 8 9 4 1 2 3 4 1 8 7 4 10 6 1 11  3 4
9 2 6 4 7 8 13 4 9 5 3 4 13 8 9 4 10 7 9 11  3 3
9 8 6 4 7 5 1 4 13 12 7 4 9 5 13 4 10 9 7 11  2 1
9 5 6 4 13 5 9 4 1 2 3 4 13 2 1 4 10 13 6 11  2 2
9 12 1 4 9 8 3 4 7 2 6 4 3 8 7 4 10 9 7 11  3 3
1 12 9 4 9 5 3 4 3 12 7 4 1 2 6 4 10 1 3 11  1 2
7 2 1 4 7 5 9 4 1 8 3 4 1 12 13 4 10 7 13 11  4 1
1 12 3 4 7 5 6 4 7 2 1 4 1 2 13 4 10 7 3 11  4 1
13 8 7 4 7 2 6 4 3 8 9 4 9 2 13 4 10 3 13 11  3 4
7 2 13 4 13 2 1 4 1 12 9 4 7 5 3 4 10 7 1 11  4 4
9 12 7 4 13 12 1 4 3 12 13 4 1 12 9 4 10 3 1 11  1 1
1 2 13 4 13 8 6 4 13 2 9 4 9 2 7 4 10 1 6 11  4 3
9 12 3 4 9 8 1 4 7 8 6 4 1 2 7 4 10 9 7 11  3 4
3 2 13 4 6 2 3 4 13 2 7 4 7 8 9 4 10 6 13 11  4 4
13 5 6 4 13 2 9 4 9 12 1 4 6 12 3 4 10 13 3 11  2 1
9 5 6 4 6 8 7 4 9 12 1 4 6 5 13 4 10 9 7 11  2 3
6 8 1 4 3 8 7 4 1 8 3 4 7 8 13 4 10 6 3 11  3 3
3 2 9 4 13 8 3 4 7 8 13 4 7 12 6 4 10 7 3 11  3 3
7 12 9 4 3 5 6 4 6 5 13 4 6 12 7 4 10 3 7 11  2 1
9 5 7 4 9 8 3 4 3 2 6 4 13 8 9 4 10 13 3 11  3 3
1 8 3 4 1 5 9 4 9 5 6 4 9 12 13 4 10 1 6 11  2 2
9 5 3 4 9 8 1 4 13 12 6 4 13 5 9 4 10 13 3 11  2 2
9 5 7 4 3 8 6 4 13 5 3 4 7 8 13 4 10 9 13 11  2 3
6 2 1 4 6 12 13 4 13 5 7 4 3 12 6 4 10 3 13 11  1 1
7 2 1 4 1 8 3 4 7 12 13 4 1 2 9 4 10 7 3 11  4 3
6 5 1 4 9 2 3 4 1 12 13 4 9 12 6 4 10 9 1 11  1 2
3 8 13 4 1 8 3 4 1 2 9 4 6 2 1 4 10 6 3 11  4 3
3 12 1 4 7 2 6 4 6 2 13 4 3 2 7 4 10 3 6 11  4 4
6 8 7 4 13 8 9 4 7 2 13 4 6 5 1 4 10 6 13 11  3 4
3 2 13 4 13 8 9 4 13 12 7 4 9 2 1 4 10 3 9 11  4 3
7 12 9 4 13 2 6 4 6 8 3 4 6 12 7 4 10 13 7 11  4 1
3 8 9 4 1 8 7 4 7 2 6 4 7 5 3 4 10 1 3 11  3 2
1 5 7 4 9 2 13 4 9 12 1 4 13 8 6 4 10 9 6 11  4 3
9 5 1 4 1 12 3 4 6 12 13 4 9 2 6 4 10 9 3 11  2 1
7 8 13 4 9 8 7 4 1 8 6 4 13 8 1 4 10 9 13 11  3 3
6 5 9 4 9 5 3 4 7 12 6 4 3 8 13 4 10 7 9 11  1 2
13 12 3 4 13 5 7 4 3 2 6 4 13 8 1 4 10 13 6 11  1 4
7 8 3 4 1 5 7 4 7 5 9 4 1 2 6 4 10 1 9 11  2 2
6 8 13 4 6 5 3 4 13 2 7 4 6 12 9 4 10 6 7 11  3 4
9 2 13 4 13 2 7 4 13 12 1 4 9 5 3 4 10 9 1 11  4 1
3 8 6 4 7 5 9 4 9 5 3 4 9 12 13 4 10 7 3 11  2 2
3 2 1 4 13 5 6 4 9 12 13 4 3 12 9 4 10 3 13 11  1 1
9 5 13 4 7 5 3 4 7 12 6 4 13 5 7 4 10 9 7 11  2 2
3 12 13 4 13 2 9 4 6 2 1 4 1 12 3 4 10 6 3 11  4 1
13 8 9 4 13 12 6 4 6 2 1 4 6 5 7 4 10 13 7 11  1 2
6 8 9 4 1 5 7 4 6 12 3 4 1 2 6 4 10 1 9 11  4 3
9 2 3 4 3 2 13 4 3 8 6 4 13 12 7 4 10 9 13 11  4 4
7 8 13 4 13 8 3 4 13 2 9 4 3 8 6 4 10 7 9 11  3 4
3 5 6 4 1 5 7 4 1 8 9 4 6 8 1 4 10 3 1 11  2 3
1 12 6 4 6 5 3 4 3 5 7 4 6 12 9 4 10 1 3 11  1 2
3 2 6 4 6 12 7 4 1 2 9 4 6 2 1 4 10 3 1 11  4 4
13 12 1 4 1 2 3 4 1 5 6 4 7 12 13 4 10 7 1 11  1 1
6 5 9 4 13 2 7 4 6 2 13 4 3 8 6 4 10 3 13 11  3 4
13 2 1 4 1 12 6 4 9 2 3 4 1 2 9 4 10 13 6 11  4 1
3 8 9 4 1 2 3 4 1 12 6 4 3 2 7 4 10 1 7 11  4 4
6 12 13 4 6 8 9 4 9 5 3 4 7 5 6 4 10 7 13 11  2 1
13 12 1 4 13 2 3 4 3 2 9 4 3 8 7 4 10 13 9 11  4 4
1 5 13 4 1 12 3 4 6 12 1 4 7 5 6 4 10 7 1 11  2 1
7 12 1 4 1 2 3 4 1 12 13 4 7 8 6 4 10 7 3 11  1 4
13 8 6 4 9 2 13 4 7 2 1 4 6 8 7 4 10 9 6 11  4 3
9 2 3 4 13 12 6 4 13 2 9 4 7 12 13 4 10 7 9 11  1 4
7 5 6 4 3 12 9 4 7 12 1 4 1 2 3 4 10 7 3 11  1 4
6 2 13 4 3 8 6 4 1 8 9 4 6 8 1 4 10 3 1 11  3 3
7 5 9 4 1 8 7 4 1 12 3 4 6 5 1 4 10 6 7 11  2 3
9 12 3 4 3 5 1 4 9 2 6 4 13 12 9 4 10 13 6 11  1 4
7 12 6 4 13 12 9 4 1 5 13 4 6 12 1 4 10 7 1 11  1 1
7 2 9 4 9 12 1 4 7 5 13 4 13 8 6 4 10 7 1 11  4 1
9 12 3 4 13 8 6 4 9 5 13 4 6 8 7 4 10 9 6 11  2 3
9 2 13 4 7 5 3 4 3 12 6 4 7 2 9 4 10 7 6 11  2 1
13 5 3 4 7 8 6 4 6 5 1 4 1 8 13 4 10 7 1 11  3 2
1 5 6 4 13 2 3 4 1 2 13 4 1 8 9 4 10 1 3 11  4 4
13 2 9 4 9 2 7 4 9 12 6 4 9 8 1 4 10 13 6 11  4 1
9 2 1 4 7 12 3 4 3 2 9 4 7 8 13 4 10 7 9 11  1 4
6 5 9 4 6 12 1 4 1 12 7 4 9 5 13 4 10 6 7 11  1 1
13 12 7 4 1 5 13 4 3 2 6 4 3 12 1 4 10 3 13 11  1 2
7 8 1 4 7 12 13 4 3 5 7 4 13 5 9 4 10 3 13 11  2 1
13 8 7 4 6 12 1 4 6 2 9 4 13 12 6 4 10 13 9 11  1 4
13 2 7 4 9 12 1 4 13 5 9 4 7 8 3 4 10 13 1 11  2 1
7 5 6 4 9 5 7 4 9 12 1 4 3 5 9 4 10 3 7 11  2 2
7 5 13 4 3 12 7 4 7 12 9 4 3 8 6 4 10 3 9 11  1 1
1 5 7 4 3 12 1 4 3 8 9 4 9 2 13 4 10 3 7 11  1 2
3 2 1 4 1 12 6 4 6 12 9 4 1 2 7 4 10 3 7 11  4 4
1 12 6 4 1 2 3 4 7 12 1 4 3 2 9 4 10 7 6 11  1 1
1 8 6 4 1 5 13 4 3 5 1 4 13 12 7 4 10 3 6 11  2 3
7 2 3 4 7 5 6 4 1 8 7 4 7 8 13 4 10 1 6 11  3 2
9 5 1 4 1 8 7 4 9 12 3 4 3 12 13 4 10 9 7 11  2 3
3 8 13 4 6 8 3 4 7 2 6 4 7 12 1 4 10 7 3 11  4 3
13 2 1 4 9 12 13 4 1 2 6 4 13 12 7 4 10 9 1 11  1 4
6 12 1 4 9 5 7 4 6 8 3 4 7 5 6 4 10 9 6 11  2 2
7 8 6 4 6 5 9 4 13 12 1 4 7 12 13 4 10 7 9 11  3 2
9 2 7 4 7 2 3 4 6 2 9 4 1 12 6 4 10 1 9 11  1 4
6 8 7 4 1 12 13 4 3 2 1 4 3 5 6 4 10 3 13 11  4 1
6 5 1 4 1 5 7 4 6 12 3 4 7 12 13 4 10 6 7 11  2 2
6 8 3 4 7 8 6 4 3 8 13 4 7 2 9 4 10 7 3 11  3 3
9 5 1 4 6 8 7 4 3 2 6 4 3 5 9 4 10 3 1 11  2 2
7 12 9 4 1 12 3 4 3 12 7 4 7 5 13 4 10 1 7 11  1 1
9 5 1 4 9 12 13 4 1 5 6 4 13 12 7 4 10 9 7 11  1 1
7 12 1 4 1 5 9 4 1 2 3 4 7 8 6 4 10 7 3 11  1 4
3 8 1 4 3 12 6 4 6 12 7 4 1 2 13 4 10 3 7 11  1 1
3 12 13 4 7 5 3 4 7 8 6 4 3 5 1 4 10 7 13 11  2 1
7 5 9 4 7 12 6 4 9 5 13 4 3 12 7 4 10 3 6 11  1 1
13 12 3 4 13 2 1 4 6 12 13 4 6 5 9 4 10 6 3 11  1 1
3 8 7 4 9 8 13 4 9 5 6 4 13 2 3 4 10 9 3 11  3 4
13 2 7 4 1 2 3 4 3 2 9 4 9 2 13 4 10 1 9 11  4 4
7 5 9 4 1 2 3 4 1 5 7 4 13 8 1 4 10 13 3 11  3 4
1 2 9 4 3 8 6 4 3 12 13 4 1 5 3 4 10 1 13 11  2 1
6 12 1 4 1 5 3 4 6 8 9 4 1 2 13 4 10 6 13 11  1 4
1 2 6 4 13 2 1 4 1 12 9 4 13 5 7 4 10 13 9 11  4 1
13 5 9 4 1 8 13 4 3 8 1 4 13 2 7 4 10 3 13 11  3 3
7 5 1 4 1 5 9 4 7 12 6 4 9 12 3 4 10 7 9 11  2 2
13 2 9 4 9 12 7 4 13 5 1 4 1 5 3 4 10 13 7 11  4 1
13 8 3 4 13 12 6 4 13 2 1 4 3 5 9 4 10 13 9 11  3 2
7 2 6 4 9 5 1 4 1 8 13 4 9 12 7 4 10 9 13 11  2 3
3 5 6 4 6 8 1 4 1 8 7 4 3 12 13 4 10 3 1 11  2 3
1 5 3 4 7 5 1 4 7 12 13 4 7 8 6 4 10 7 3 11  2 2
1 5 3 4 1 12 6 4 13 12 1 4 3 5 7 4 10 13 3 11  1 2
6 5 1 4 1 12 3 4 7 12 6 4 9 5 7 4 10 9 6 11  2 1
1 2 9 4 3 8 7 4 6 8 1 4 7 8 6 4 10 3 6 11  3 3
1 8 13 4 13 8 7 4 13 2 3 4 7 5 9 4 10 1 3 11  3 4
9 12 6 4 6 5 1 4 7 5 9 4 7 8 13 4 10 7 6 11  2 1
9 12 1 4 7 8 6 4 3 5 7 4 7 12 9 4 10 3 6 11  2 3
13 5 3 4 1 8 13 4 9 5 1 4 3 5 6 4 10 9 13 11  2 3
13 12 7 4 6 12 13 4 3 2 6 4 6 8 1 4 10 3 1 11  4 3
7 12 6 4 6 12 9 4 6 2 1 4 7 5 13 4 10 7 9 11  1 1
13 8 7 4 13 12 3 4 6 5 13 4 13 5 1 4 10 6 7 11  2 3
9 5 3 4 3 5 7 4 6 8 1 4 9 8 6 4 10 9 7 11  2 2
7 12 6 4 6 2 13 4 6 12 3 4 7 8 9 4 10 7 13 11  1 4
6 12 7 4 13 8 9 4 6 5 13 4 7 12 1 4 10 6 1 11  1 1
3 8 9 4 3 12 7 4 3 5 6 4 6 5 1 4 10 3 1 11  2 2
1 5 3 4 9 12 6 4 1 2 13 4 13 2 9 4 10 1 9 11  4 4
13 2 1 4 3 5 6 4 9 8 3 4 3 2 13 4 10 9 13 11  3 4
6 5 9 4 7 5 1 4 9 12 13 4 9 8 7 4 10 6 7 11  2 3
7 8 3 4 7 2 13 4 6 5 1 4 7 12 6 4 10 7 1 11  1 2
7 2 1 4 1 2 6 4 13 2 7 4 7 8 9 4 10 13 1 11  4 4
1 5 6 4 6 5 3 4 7 5 1 4 1 8 9 4 10 7 6 11  2 2
3 2 7 4 3 12 9 4 1 2 13 4 7 2 1 4 10 3 1 11  4 4
1 2 6 4 9 8 7 4 9 12 3 4 3 12 1 4 10 9 1 11  1 1
7 12 3 4 3 12 1 4 1 2 6 4 9 5 7 4 10 9 3 11  2 1
7 12 6 4 1 2 13 4 1 5 7 4 3 12 1 4 10 3 7 11  1 2
1 8 7 4 3 2 6 4 3 5 1 4 13 8 3 4 10 13 1 11  3 2
1 12 13 4 7 12 1 4 7 5 6 4 7 8 9 4 10 7 13 11  1 1
13 8 7 4 13 2 1 4 9 8 3 4 7 5 9 4 10 13 9 11  3 2
1 5 7 4 1 2 6 4 3 8 1 4 7 5 13 4 10 3 6 11  3 4
7 8 1 4 13 12 6 4 13 5 7 4 1 8 3 4 10 13 1 11  2 3
9 2 3 4 13 8 9 4 9 5 6 4 6 8 7 4 10 13 3 11  3 4
13 2 6 4 7 8 3 4 6 2 7 4 1 12 13 4 10 1 6 11  1 4
6 5 9 4 6 2 1 4 6 12 13 4 3 12 6 4 10 3 1 11  1 4
1 5 7 4 1 12 13 4 7 8 3 4 7 5 6 4 10 1 3 11  2 3
9 5 6 4 7 12 9 4 7 8 13 4 9 12 1 4 10 7 6 11  1 2
9 8 1 4 7 5 9 4 1 5 3 4 3 8 6 4 10 7 1 11  2 3
1 8 3 4 3 8 7 4 6 8 9 4 9 5 1 4 10 6 1 11  3 2
1 2 9 4 3 8 7 4 9 2 3 4 1 8 13 4 10 1 3 11  4 4
7 2 3 4 7 5 1 4 3 8 6 4 6 2 13 4 10 7 6 11  4 3
1 8 9 4 1 12 13 4 1 5 6 4 9 2 3 4 10 1 3 11  3 4
13 12 6 4 9 8 7 4 7 2 3 4 13 8 9 4 10 13 7 11  3 3
9 12 3 4 9 5 6 4 3 2 13 4 13 2 1 4 10 9 13 11  1 4
6 2 13 4 6 12 1 4 9 12 6 4 13 2 7 4 10 9 13 11  1 4
1 8 13 4 9 12 7 4 6 8 1 4 6 5 9 4 10 6 7 11  2 1
7 5 13 4 7 12 6 4 13 5 9 4 7 2 3 4 10 7 9 11  2 2
6 12 9 4 3 12 6 4 9 2 1 4 3 2 7 4 10 3 9 11  1 1
6 8 3 4 6 12 9 4 3 8 13 4 6 5 1 4 10 6 13 11  3 3
7 8 9 4 1 5 13 4 7 12 3 4 9 5 1 4 10 7 1 11  3 2
9 8 13 4 7 12 1 4 9 2 7 4 13 8 3 4 10 9 1 11  4 1
1 8 6 4 1 12 7 4 9 5 1 4 9 2 13 4 10 9 7 11  2 1
7 2 9 4 9 12 6 4 1 2 7 4 9 8 13 4 10 1 9 11  4 4
3 8 6 4 7 5 13 4 7 2 3 4 7 12 9 4 10 7 6 11  4 3
6 8 7 4 6 12 3 4 6 2 9 4 7 5 13 4 10 6 13 11  3 2
13 2 3 4 3 8 9 4 1 2 13 4 1 8 7 4 10 1 3 11  4 4
6 12 13 4 6 2 1 4 9 5 3 4 9 2 6 4 10 9 13 11  4 1
6 8 1 4 9 8 6 4 13 2 7 4 6 2 13 4 10 9 13 11  3 4
3 8 6 4 3 12 13 4 1 12 7 4 13 2 1 4 10 3 1 11  1 4
13 5 1 4 6 12 13 4 9 12 6 4 9 8 3 4 10 9 13 11  1 1
7 8 3 4 13 8 7 4 3 8 1 4 7 2 6 4 10 13 6 11  3 4
1 12 9 4 9 5 3 4 9 2 13 4 3 12 6 4 10 1 3 11  1 2
6 8 9 4 7 2 6 4 1 2 3 4 6 12 1 4 10 7 1 11  4 1
9 5 1 4 7 8 6 4 6 5 9 4 6 8 3 4 10 7 9 11  3 2
9 2 13 4 3 8 9 4 1 2 3 4 1 12 7 4 10 1 9 11  4 3
9 12 3 4 13 8 7 4 9 5 13 4 3 2 1 4 10 9 1 11  1 4
3 12 13 4 3 8 9 4 13 12 1 4 1 5 7 4 10 3 1 11  1 1
3 12 1 4 7 12 13 4 6 12 7 4 1 2 6 4 10 3 6 11  1 4
13 8 7 4 7 8 9 4 13 5 1 4 6 8 13 4 10 6 7 11  3 3
7 5 1 4 1 12 13 4 13 5 6 4 7 2 3 4 10 7 13 11  2 1
7 12 3 4 6 12 1 4 3 5 6 4 3 2 13 4 10 7 6 11  1 2
1 12 7 4 9 8 3 4 1 2 6 4 1 5 9 4 10 1 3 11  2 3
6 2 9 4 9 2 13 4 3 5 7 4 6 12 3 4 10 6 13 11  4 4
3 2 13 4 1 12 7 4 1 8 9 4 9 8 3 4 10 1 3 11  3 3
3 12 1 4 7 2 9 4 1 12 13 4 3 2 7 4 10 3 13 11  1 1
3 12 6 4 3 2 7 4 6 5 1 4 7 2 9 4 10 3 1 11  1 2
6 2 9 4 6 12 7 4 13 2 6 4 6 8 1 4 10 13 7 11  4 1
3 5 6 4 6 8 9 4 6 12 1 4 9 8 13 4 10 3 9 11  2 3
13 2 7 4 9 8 3 4 13 12 1 4 13 8 9 4 10 13 3 11  3 3
3 8 1 4 9 2 7 4 3 2 6 4 7 8 3 4 10 9 3 11  4 3
3 5 1 4 3 12 9 4 6 5 3 4 6 2 7 4 10 6 9 11  2 1
3 8 9 4 9 8 7 4 3 5 13 4 3 12 1 4 10 3 7 11  3 3
13 2 7 4 9 2 13 4 6 8 9 4 9 5 3 4 10 6 3 11  3 2
9 8 6 4 3 2 7 4 3 8 9 4 9 5 13 4 10 3 6 11  3 3
3 5 9 4 1 12 3 4 1 8 7 4 7 5 6 4 10 1 9 11  1 2
13 5 9 4 3 5 13 4 13 12 7 4 13 8 6 4 10 3 7 11  2 1
13 5 1 4 1 5 9 4 1 12 7 4 1 8 3 4 10 13 3 11  2 3
13 12 1 4 6 2 7 4 3 12 6 4 6 12 13 4 10 3 13 11  1 1
3 12 9 4 3 5 1 4 6 2 13 4 6 12 3 4 10 6 9 11  1 1
7 2 9 4 3 5 6 4 7 12 1 4 3 12 7 4 10 3 9 11  1 4
6 8 7 4 1 8 3 4 1 5 9 4 3 2 6 4 10 1 6 11  3 4
3 5 7 4 13 5 3 4 6 12 13 4 6 8 9 4 10 6 3 11  1 2
3 8 6 4 6 2 7 4 6 8 1 4 7 2 13 4 10 3 1 11  3 3
3 5 6 4 9 8 7 4 7 5 3 4 3 8 1 4 10 9 3 11  3 2
1 2 9 4 1 12 3 4 1 5 6 4 13 12 1 4 10 13 6 11  1 2
7 12 3 4 1 8 13 4 3 12 6 4 7 5 1 4 10 7 13 11  2 3
3 12 13 4 13 5 6 4 1 5 3 4 3 8 9 4 10 1 13 11  2 1
9 12 13 4 1 5 7 4 9 5 1 4 7 8 6 4 10 9 7 11  2 2
13 5 3 4 7 12 6 4 3 8 1 4 13 2 7 4 10 13 6 11  4 1
1 12 3 4 7 12 1 4 1 2 9 4 9 2 6 4 10 7 9 11  1 4
6 5 13 4 1 8 3 4 6 8 1 4 6 12 9 4 10 6 3 11  3 3
9 2 6 4 6 8 3 4 6 2 1 4 9 5 7 4 10 9 3 11  4 3
1 5 3 4 3 5 7 4 6 12 9 4 9 12 1 4 10 6 1 11  1 1
9 2 3 4 1 8 9 4 6 12 7 4 1 12 6 4 10 1 3 11  3 4
13 5 7 4 9 5 1 4 7 8 9 4 13 12 3 4 10 13 9 11  2 3
9 5 7 4 3 2 1 4 7 12 13 4 9 2 3 4 10 9 13 11  2 1
13 12 9 4 3 8 1 4 3 12 13 4 7 2 3 4 10 7 13 11  4 1
13 5 3 4 1 2 6 4 9 12 1 4 1 12 13 4 10 9 13 11  1 1
13 5 7 4 3 2 1 4 13 8 3 4 13 12 9 4 10 13 1 11  3 4
3 2 6 4 7 8 1 4 1 8 13 4 3 5 7 4 10 3 1 11  2 3
13 5 1 4 3 12 13 4 3 2 7 4 1 5 6 4 10 3 1 11  1 2
13 5 6 4 9 12 7 4 1 2 9 4 1 8 13 4 10 1 6 11  3 2
1 8 7 4 7 2 9 4 9 2 6 4 7 5 13 4 10 1 9 11  3 4
6 2 7 4 13 8 9 4 6 8 13 4 6 5 3 4 10 6 9 11  3 3
9 5 1 4 7 8 3 4 7 5 9 4 9 12 6 4 10 7 1 11  2 2
1 12 13 4 7 5 9 4 7 2 3 4 1 8 7 4 10 1 9 11  3 2
9 2 7 4 7 2 1 4 3 12 9 4 1 12 6 4 10 3 7 11  1 4
1 8 7 4 3 12 13 4 1 5 6 4 6 12 3 4 10 1 3 11  2 1
9 2 3 4 9 8 6 4 7 2 9 4 3 12 13 4 10 7 3 11  4 4
6 2 13 4 13 12 7 4 1 8 9 4 6 5 1 4 10 6 9 11  2 3
3 2 13 4 3 8 9 4 13 12 6 4 1 2 3 4 10 1 13 11  4 4
1 8 13 4 13 8 7 4 9 2 3 4 13 2 9 4 10 1 7 11  3 3
9 2 3 4 9 5 7 4 3 8 1 4 7 5 13 4 10 9 1 11  4 3
6 2 9 4 9 8 3 4 6 12 1 4 3 8 7 4 10 6 3 11  4 3
9 2 1 4 7 8 13 4 7 2 9 4 13 8 3 4 10 7 3 11  3 3
6 5 1 4 13 8 9 4 9 8 6 4 6 8 7 4 10 13 6 11  3 3
13 12 9 4 9 5 1 4 1 5 7 4 7 8 3 4 10 13 1 11  1 2
13 8 3 4 9 8 7 4 3 2 1 4 3 5 9 4 10 13 1 11  3 4
6 5 3 4 1 5 7 4 1 8 13 4 3 5 1 4 10 6 1 11  2 2
1 2 3 4 7 8 13 4 6 2 7 4 3 2 6 4 10 1 6 11  4 4
6 5 9 4 6 2 13 4 7 8 3 4 13 8 7 4 10 6 7 11  4 3
9 5 7 4 13 5 1 4 1 8 6 4 1 12 9 4 10 13 9 11  2 1
13 12 6 4 6 12 3 4 13 2 1 4 1 8 9 4 10 13 9 11  4 3
13 12 3 4 13 8 6 4 13 5 7 4 6 8 9 4 10 13 9 11  3 3
1 5 13 4 9 5 3 4 3 5 1 4 7 8 9 4 10 7 3 11  3 2
1 5 7 4 6 5 1 4 3 2 13 4 6 2 3 4 10 6 13 11  4 4
3 2 1 4 7 8 3 4 3 5 9 4 7 12 6 4 10 7 9 11  3 2
6 12 9 4 3 2 6 4 6 8 1 4 13 2 3 4 10 13 6 11  4 4
6 8 13 4 6 5 1 4 7 8 6 4 7 12 9 4 10 7 1 11  3 2
6 12 1 4 9 5 3 4 3 12 6 4 9 2 13 4 10 9 6 11  2 1
3 5 1 4 7 8 9 4 7 5 3 4 9 2 6 4 10 7 1 11  2 2
1 8 13 4 6 8 1 4 13 5 7 4 6 12 9 4 10 6 13 11  3 3
1 8 7 4 3 2 1 4 9 12 6 4 1 12 9 4 10 3 9 11  4 1
3 2 13 4 7 12 1 4 7 2 3 4 13 8 6 4 10 7 13 11  4 4
9 2 7 4 3 8 1 4 7 8 3 4 9 12 6 4 10 9 3 11  4 3
7 12 3 4 3 12 6 4 13 2 7 4 7 2 9 4 10 13 9 11  4 4
7 5 3 4 9 12 6 4 3 8 1 4 3 12 9 4 10 7 9 11  2 1
9 5 13 4 1 5 9 4 9 12 6 4 9 8 7 4 10 1 6 11  2 1
7 12 1 4 6 2 7 4 13 5 9 4 6 8 13 4 10 6 9 11  3 2
6 12 13 4 3 12 6 4 9 5 3 4 3 5 7 4 10 9 6 11  2 1
3 5 9 4 9 5 6 4 6 8 1 4 3 2 7 4 10 3 6 11  2 2
9 2 7 4 6 8 13 4 9 12 1 4 6 12 9 4 10 6 1 11  1 1
3 5 13 4 6 5 3 4 13 8 1 4 1 5 9 4 10 6 13 11  2 2
7 8 13 4 7 2 3 4 13 5 1 4 7 12 9 4 10 7 1 11  3 2
7 2 3 4 6 8 7 4 9 5 13 4 7 5 9 4 10 6 3 11  3 4
7 12 6 4 9 2 7 4 9 8 3 4 1 2 9 4 10 1 7 11  4 4
7 8 6 4 6 8 3 4 6 2 13 4 6 5 9 4 10 7 13 11  3 4
3 5 9 4 13 12 3 4 3 12 6 4 13 8 7 4 10 13 9 11  1 2
13 2 3 4 13 5 6 4 1 8 13 4 3 2 9 4 10 1 3 11  3 4
13 2 9 4 6 12 13 4 6 5 3 4 7 12 6 4 10 7 13 11  1 1
1 2 9 4 3 2 7 4 9 2 3 4 9 12 6 4 10 1 3 11  4 4
13 12 7 4 1 12 13 4 3 2 9 4 13 2 3 4 10 1 3 11  1 4
3 8 13 4 13 8 1 4 3 2 9 4 9 12 7 4 10 3 1 11  3 3
1 5 3 4 3 8 7 4 7 8 6 4 1 12 13 4 10 1 7 11  2 3
6 8 9 4 9 2 13 4 7 5 1 4 1 8 6 4 10 7 6 11  2 3
1 5 13 4 6 12 7 4 1 8 9 4 1 12 6 4 10 1 7 11  1 1
3 2 7 4 13 8 9 4 13 5 1 4 3 5 13 4 10 3 9 11  2 3
6 2 9 4 3 2 6 4 1 2 3 4 1 5 13 4 10 1 6 11  4 4
13 8 3 4 13 2 9 4 13 5 6 4 3 8 1 4 10 13 1 11  3 3
13 12 1 4 13 5 3 4 9 8 7 4 3 5 9 4 10 13 9 11  2 2
3 12 1 4 1 5 13 4 3 2 9 4 9 8 7 4 10 3 13 11  1 2
9 8 13 4 13 8 6 4 13 5 3 4 3 5 7 4 10 9 6 11  3 3
6 12 1 4 6 8 7 4 6 5 3 4 7 2 9 4 10 6 9 11  3 4
1 8 3 4 3 5 9 4 9 5 13 4 9 8 6 4 10 1 9 11  3 2
6 5 3 4 7 12 1 4 1 12 6 4 1 2 13 4 10 7 6 11  1 1
1 5 9 4 3 12 1 4 1 2 6 4 6 12 13 4 10 3 6 11  1 4
3 2 7 4 7 12 6 4 3 5 13 4 7 8 9 4 10 3 9 11  4 3
13 8 1 4 1 8 9 4 1 2 3 4 13 12 7 4 10 13 3 11  3 4
9 12 1 4 13 5 9 4 3 12 13 4 3 8 7 4 10 3 9 11  1 2
6 12 7 4 6 8 9 4 7 2 3 4 9 5 1 4 10 6 1 11  3 2
13 8 1 4 3 8 13 4 1 8 6 4 13 2 7 4 10 3 1 11  3 3
7 2 1 4 3 8 6 4 7 5 3 4 7 12 9 4 10 7 6 11  2 3
3 5 6 4 9 12 13 4 13 12 3 4 9 5 7 4 10 9 3 11  1 1
7 12 1 4 3 2 9 4 3 8 13 4 7 2 3 4 10 7 13 11  4 3
3 5 9 4 6 5 3 4 6 12 13 4 9 5 7 4 10 6 9 11  2 2
3 2 6 4 7 5 1 4 9 8 7 4 7 8 3 4 10 9 1 11  3 2
1 5 9 4 13 8 1 4 1 2 7 4 13 12 3 4 10 13 9 11  3 2
3 5 9 4 3 8 7 4 9 5 1 4 3 2 6 4 10 3 1 11  2 2
1 2 13 4 1 12 6 4 7 12 1 4 9 2 7 4 10 9 1 11  4 1
9 2 7 4 1 5 6 4 1 8 3 4 1 12 9 4 10 1 7 11  1 4
3 2 9 4 13 12 3 4 9 2 7 4 3 12 6 4 10 13 6 11  1 1
3 12 9 4 3 8 6 4 13 5 3 4 3 5 7 4 10 13 9 11  2 1
13 2 1 4 13 12 9 4 6 2 3 4 3 2 13 4 10 6 13 11  4 4
1 2 3 4 1 5 9 4 6 12 1 4 6 8 13 4 10 6 9 11  1 2
7 2 1 4 13 8 7 4 7 5 9 4 9 5 3 4 10 13 9 11  3 2
9 8 1 4 3 5 6 4 6 8 13 4 13 8 9 4 10 3 13 11  2 3
6 2 1 4 1 12 13 4 6 8 9 4 9 8 3 4 10 6 3 11  3 3
1 2 6 4 3 2 1 4 3 12 9 4 3 5 13 4 10 3 6 11  4 4
13 8 6 4 13 12 9 4 13 2 7 4 9 5 1 4 10 13 1 11  1 2
3 12 6 4 3 8 13 4 13 2 9 4 6 5 7 4 10 3 9 11  3 4
3 12 13 4 1 2 6 4 9 12 1 4 6 12 3 4 10 9 6 11  1 4
1 2 7 4 3 2 13 4 7 12 6 4 7 8 3 4 10 1 3 11  4 3
6 8 3 4 13 5 9 4 13 8 6 4 9 12 7 4 10 13 3 11  3 3
13 8 9 4 7 8 13 4 6 2 7 4 7 12 3 4 10 6 3 11  4 1
13 2 3 4 13 12 9 4 6 5 1 4 9 5 6 4 10 13 6 11  1 2
13 8 9 4 9 2 6 4 9 5 1 4 13 12 7 4 10 13 6 11  3 4
7 2 3 4 9 8 1 4 1 8 6 4 9 2 7 4 10 9 6 11  3 3
3 2 7 4 7 2 1 4 3 12 6 4 13 12 3 4 10 13 6 11  1 1
9 2 13 4 3 2 7 4 13 8 6 4 13 12 3 4 10 9 6 11  4 3
7 5 13 4 6 8 7 4 6 2 1 4 7 8 9 4 10 6 13 11  3 2
6 8 9 4 1 5 6 4 9 5 13 4 13 5 3 4 10 1 9 11  2 3
6 2 1 4 13 5 7 4 9 2 6 4 9 8 13 4 10 9 7 11  3 2
7 2 9 4 13 12 7 4 7 12 3 4 13 8 1 4 10 13 3 11  1 1
6 2 7 4 7 2 3 4 6 12 1 4 7 8 9 4 10 6 3 11  4 4
6 2 9 4 3 5 13 4 1 8 3 4 6 8 1 4 10 6 3 11  3 3
13 8 9 4 7 8 3 4 3 5 1 4 1 8 13 4 10 7 1 11  3 2
13 12 6 4 6 12 1 4 6 2 3 4 6 5 9 4 10 13 3 11  1 4
13 8 3 4 13 12 6 4 3 5 9 4 3 2 7 4 10 13 7 11  3 4
7 5 6 4 1 2 9 4 3 8 1 4 7 2 3 4 10 7 1 11  4 3
7 5 9 4 7 12 3 4 6 12 7 4 6 2 1 4 10 6 3 11  1 1
1 5 3 4 9 2 13 4 7 8 1 4 7 2 9 4 10 7 3 11  3 2
9 12 7 4 9 5 1 4 1 8 3 4 7 2 13 4 10 9 13 11  1 4
6 5 13 4 6 8 7 4 3 8 6 4 6 2 1 4 10 3 1 11  3 4
1 2 13 4 13 12 6 4 1 5 9 4 6 2 7 4 10 1 6 11  4 1
7 2 3 4 1 12 9 4 9 12 13 4 7 12 1 4 10 7 9 11  1 1
6 8 1 4 7 2 13 4 7 8 6 4 9 8 7 4 10 9 6 11  3 3
13 5 1 4 9 12 7 4 3 5 13 4 1 12 9 4 10 3 1 11  2 2
6 2 9 4 7 2 6 4 1 12 13 4 9 2 1 4 10 7 9 11  4 4
7 8 3 4 9 8 6 4 3 2 9 4 3 5 13 4 10 7 9 11  3 4
1 8 6 4 3 2 7 4 3 12 13 4 1 12 3 4 10 1 7 11  1 4
3 8 9 4 3 12 1 4 9 2 7 4 1 5 6 4 10 3 6 11  1 2
13 12 1 4 13 2 9 4 3 2 13 4 9 2 6 4 10 3 9 11  4 4
6 2 9 4 6 8 1 4 1 8 13 4 9 12 7 4 10 6 7 11  4 1
13 2 1 4 9 12 3 4 9 8 6 4 13 5 9 4 10 13 6 11  2 3
3 8 7 4 3 12 6 4 7 8 13 4 6 5 9 4 10 3 9 11  1 2
3 12 7 4 7 2 13 4 1 2 3 4 3 8 9 4 10 1 7 11  4 1
6 5 13 4 7 8 3 4 1 5 6 4 1 2 7 4 10 1 3 11  4 3
