1 2 3 4 5 6 7 4 8 2 9 4 1 6 10 4 11 6 10 4 8 6 12 4 13 2 14 4 5 2 15 4 13 6 16 4 17 11 18  12
11 6 10 4 13 2 15 4 8 6 7 4 13 6 7 4 11 2 14 4 1 6 16 4 5 6 7 4 1 2 3 4 8 2 15 4 17 5 18  2
13 2 3 4 1 2 3 4 13 6 12 4 11 2 3 4 8 2 3 4 5 6 12 4 11 6 12 4 1 6 12 4 8 6 12 4 17 5 18  12
1 6 10 4 1 2 14 4 8 2 9 4 8 6 16 4 13 2 14 4 5 2 9 4 11 6 16 4 5 6 16 4 13 6 10 4 17 11 18  6
11 6 7 4 5 6 7 4 13 2 9 4 5 2 9 4 1 6 16 4 8 2 15 4 8 6 16 4 13 6 7 4 1 2 15 4 17 11 18  6
1 6 16 4 13 6 12 4 11 6 12 4 8 2 3 4 13 2 9 4 11 2 9 4 1 2 14 4 5 6 12 4 8 6 7 4 17 5 18  6
1 6 16 4 11 6 16 4 1 2 15 4 13 2 15 4 8 2 15 4 13 6 16 4 8 6 16 4 11 2 15 4 5 6 16 4 17 5 18  2
8 6 7 4 13 2 3 4 5 6 7 4 1 6 7 4 11 6 12 4 13 6 7 4 8 2 3 4 11 2 14 4 5 2 3 4 17 1 18  12
8 2 3 4 13 6 16 4 1 2 9 4 11 2 3 4 5 6 12 4 8 6 7 4 11 6 7 4 1 6 16 4 5 2 14 4 17 13 18  6
8 2 9 4 5 6 10 4 1 6 7 4 13 6 12 4 8 6 10 4 11 6 7 4 1 2 14 4 5 2 9 4 13 2 15 4 17 11 18  9
5 6 10 4 11 6 7 4 11 2 15 4 13 2 14 4 13 6 10 4 1 2 3 4 8 6 12 4 1 6 12 4 5 2 14 4 17 8 18  12
5 6 7 4 1 2 3 4 11 6 7 4 8 6 16 4 13 6 7 4 5 2 14 4 13 2 14 4 8 2 15 4 1 6 10 4 17 11 18  9
1 2 15 4 13 6 10 4 8 6 12 4 11 6 10 4 5 2 15 4 5 6 10 4 1 6 10 4 11 2 15 4 8 2 3 4 17 13 18  2
5 6 10 4 1 2 3 4 8 2 9 4 1 6 12 4 13 6 16 4 11 6 16 4 8 6 7 4 5 2 14 4 13 2 15 4 17 11 18  2
11 2 9 4 8 6 7 4 13 6 7 4 8 2 15 4 13 2 15 4 5 6 7 4 1 6 12 4 1 2 14 4 11 6 16 4 17 5 18  2
5 6 12 4 1 2 9 4 11 6 12 4 8 6 16 4 13 2 9 4 13 6 7 4 11 2 14 4 1 6 7 4 8 2 15 4 17 5 18  9
8 2 15 4 1 6 10 4 8 6 10 4 1 2 15 4 13 6 7 4 5 6 10 4 11 6 7 4 11 2 14 4 5 2 15 4 17 13 18  9
8 2 15 4 11 2 15 4 8 6 16 4 5 6 16 4 1 2 14 4 13 6 16 4 11 6 16 4 5 2 15 4 1 6 7 4 17 13 18  2
5 2 15 4 11 6 7 4 1 6 10 4 5 6 12 4 11 2 3 4 8 2 15 4 8 6 12 4 13 6 10 4 13 2 14 4 17 1 18  9
8 6 12 4 1 2 9 4 13 6 10 4 8 2 9 4 11 6 16 4 11 2 15 4 1 6 12 4 13 2 14 4 5 6 10 4 17 5 18  9
5 6 10 4 11 6 16 4 13 6 12 4 13 2 3 4 8 6 16 4 11 2 15 4 8 2 15 4 5 2 9 4 1 6 10 4 17 1 18  6
11 2 3 4 8 6 10 4 11 6 16 4 13 2 3 4 13 6 16 4 1 6 10 4 5 2 15 4 1 2 14 4 5 6 12 4 17 8 18  9
13 2 3 4 8 6 16 4 5 2 9 4 5 6 10 4 8 2 14 4 1 6 7 4 13 6 7 4 11 6 7 4 11 2 3 4 17 1 18  12
5 6 10 4 8 2 3 4 8 6 7 4 11 2 15 4 13 2 14 4 13 6 16 4 5 2 9 4 11 6 12 4 1 6 10 4 17 1 18  6
11 2 3 4 5 6 16 4 13 6 16 4 11 6 7 4 1 2 3 4 8 6 7 4 1 6 7 4 5 2 15 4 8 2 3 4 17 13 18  2
8 6 10 4 8 2 15 4 13 2 9 4 5 2 3 4 11 6 10 4 5 6 16 4 11 2 15 4 1 6 7 4 13 6 7 4 17 1 18  6
13 6 12 4 8 2 9 4 1 2 9 4 8 6 16 4 11 2 14 4 5 2 9 4 1 6 16 4 5 6 16 4 11 6 12 4 17 13 18  9
11 2 9 4 8 2 15 4 5 6 16 4 5 2 14 4 13 6 10 4 1 6 10 4 1 2 3 4 11 6 7 4 8 6 12 4 17 13 18  12
5 6 7 4 1 2 14 4 5 2 9 4 8 2 15 4 11 6 16 4 13 6 10 4 1 6 12 4 8 6 10 4 11 2 3 4 17 13 18  2
13 6 7 4 8 6 10 4 5 6 10 4 13 2 9 4 8 2 3 4 11 6 16 4 1 6 16 4 5 2 3 4 11 2 14 4 17 1 18  9
5 6 7 4 1 2 15 4 5 2 15 4 11 6 7 4 8 2 3 4 1 6 7 4 8 6 12 4 13 2 15 4 13 6 7 4 17 11 18  2
13 2 14 4 8 6 7 4 5 6 7 4 1 6 10 4 1 2 9 4 5 2 3 4 8 2 3 4 11 6 7 4 13 6 16 4 17 11 18  12
11 6 7 4 13 2 3 4 8 6 10 4 8 2 14 4 5 6 12 4 5 2 3 4 1 6 7 4 11 2 15 4 13 6 12 4 17 1 18  2
11 2 14 4 13 6 12 4 13 2 14 4 1 6 10 4 5 6 10 4 5 2 3 4 11 6 12 4 8 6 12 4 8 2 14 4 17 1 18  12
5 6 16 4 11 2 9 4 5 2 9 4 13 2 14 4 13 6 12 4 1 2 15 4 11 6 16 4 8 6 12 4 1 6 10 4 17 8 18  9
5 2 15 4 13 2 15 4 8 2 9 4 1 2 14 4 13 6 16 4 1 6 10 4 11 6 10 4 5 6 16 4 8 6 12 4 17 11 18  9
8 6 12 4 5 2 3 4 13 2 14 4 1 6 16 4 11 6 7 4 11 2 15 4 5 6 16 4 1 2 3 4 13 6 12 4 17 8 18  9
8 6 7 4 5 2 14 4 11 6 7 4 5 6 12 4 13 2 14 4 1 2 14 4 13 6 12 4 8 2 9 4 1 6 12 4 17 11 18  6
1 2 15 4 8 2 15 4 13 6 10 4 5 2 3 4 8 6 12 4 1 6 12 4 11 6 10 4 5 6 7 4 11 2 9 4 17 13 18  6
11 2 3 4 11 6 12 4 13 6 7 4 8 2 15 4 1 6 7 4 8 6 7 4 13 2 15 4 5 2 9 4 5 6 10 4 17 1 18  2
8 6 10 4 8 2 3 4 13 6 10 4 13 2 3 4 1 6 12 4 5 6 10 4 1 2 15 4 5 2 3 4 11 6 10 4 17 11 18  12
11 6 16 4 1 6 16 4 5 2 14 4 11 2 3 4 13 6 12 4 5 6 7 4 8 6 7 4 13 2 15 4 8 2 14 4 17 1 18  12
5 2 14 4 8 2 3 4 13 6 12 4 11 2 9 4 8 6 16 4 11 6 12 4 1 6 10 4 5 6 10 4 1 2 14 4 17 13 18  6
8 2 14 4 13 2 14 4 1 6 7 4 8 6 16 4 11 6 16 4 5 6 12 4 13 6 16 4 5 2 15 4 1 2 3 4 17 11 18  9
13 2 15 4 1 6 7 4 8 6 10 4 1 2 3 4 5 2 15 4 11 6 12 4 11 2 14 4 5 6 10 4 13 6 10 4 17 8 18  2
1 2 15 4 11 2 9 4 11 6 12 4 5 6 12 4 8 2 3 4 5 2 9 4 8 6 10 4 13 6 12 4 1 6 16 4 17 13 18  6
8 2 15 4 11 6 12 4 13 6 12 4 1 2 3 4 11 2 14 4 1 6 16 4 8 6 10 4 5 6 16 4 13 2 14 4 17 5 18  12
5 2 3 4 1 6 16 4 8 2 9 4 8 6 12 4 5 6 7 4 11 2 9 4 13 2 14 4 13 6 16 4 11 6 12 4 17 1 18  9
8 2 14 4 13 2 3 4 8 6 10 4 1 2 14 4 11 6 10 4 5 2 3 4 5 6 7 4 1 6 10 4 13 6 7 4 17 11 18  9
5 6 12 4 13 6 7 4 13 2 15 4 5 2 9 4 8 6 10 4 1 2 15 4 1 6 7 4 11 2 14 4 11 6 10 4 17 8 18  9
5 2 9 4 8 6 16 4 8 2 3 4 5 6 12 4 1 2 15 4 13 6 12 4 11 6 7 4 1 6 7 4 11 2 15 4 17 13 18  6
8 6 7 4 11 6 7 4 8 2 15 4 1 6 10 4 13 6 7 4 5 6 10 4 1 2 14 4 13 2 15 4 11 2 15 4 17 5 18  9
5 6 12 4 1 2 3 4 1 6 16 4 8 6 16 4 13 6 16 4 8 2 3 4 5 2 9 4 11 6 16 4 13 2 3 4 17 11 18  12
1 2 9 4 5 6 7 4 11 6 16 4 13 6 16 4 1 6 16 4 5 2 15 4 8 2 3 4 13 2 9 4 8 6 10 4 17 11 18  6
8 6 16 4 11 2 14 4 13 6 10 4 11 6 10 4 1 6 10 4 8 2 9 4 5 2 3 4 5 6 12 4 1 2 14 4 17 13 18  9
1 6 12 4 5 2 15 4 13 2 9 4 8 2 14 4 11 2 14 4 13 6 7 4 11 6 10 4 5 6 12 4 8 6 10 4 17 1 18  2
8 2 9 4 1 6 7 4 13 6 10 4 8 6 10 4 13 2 9 4 5 6 7 4 11 6 7 4 11 2 3 4 1 2 3 4 17 5 18  12
8 2 14 4 11 6 7 4 13 6 7 4 8 6 10 4 13 2 3 4 1 6 12 4 1 2 9 4 5 6 12 4 11 2 3 4 17 5 18  6
11 6 7 4 1 6 7 4 8 2 15 4 13 2 15 4 5 2 3 4 11 2 9 4 13 6 16 4 8 6 16 4 5 6 10 4 17 1 18  6
8 2 9 4 11 6 7 4 1 6 10 4 1 2 15 4 8 6 12 4 13 6 10 4 11 2 14 4 5 6 10 4 5 2 15 4 17 13 18  2
1 6 16 4 13 2 9 4 5 6 12 4 11 6 10 4 8 6 12 4 1 2 9 4 13 6 16 4 8 2 3 4 11 2 14 4 17 5 18  12
1 6 10 4 5 2 15 4 13 6 12 4 1 2 9 4 5 6 12 4 8 2 15 4 11 6 7 4 11 2 14 4 8 6 12 4 17 13 18  2
8 2 15 4 11 6 7 4 5 2 9 4 13 6 12 4 1 2 3 4 5 6 10 4 11 2 15 4 8 6 7 4 1 6 12 4 17 13 18  12
5 6 10 4 5 2 15 4 8 6 10 4 11 6 16 4 1 6 12 4 11 2 3 4 1 2 9 4 13 6 12 4 8 2 15 4 17 13 18  6
1 6 12 4 5 2 15 4 11 6 16 4 8 2 15 4 13 2 3 4 8 6 16 4 11 2 15 4 13 6 12 4 5 6 16 4 17 1 18  12
13 2 3 4 11 2 3 4 8 2 3 4 8 6 10 4 1 2 14 4 13 6 10 4 11 6 10 4 5 6 10 4 1 6 7 4 17 5 18  12
8 2 15 4 1 6 12 4 5 2 14 4 5 6 12 4 13 6 16 4 13 2 15 4 11 2 15 4 11 6 16 4 8 6 16 4 17 1 18  9
13 6 12 4 1 2 3 4 11 6 12 4 1 6 12 4 13 2 3 4 5 6 12 4 5 2 3 4 8 6 7 4 8 2 9 4 17 11 18  12
13 6 10 4 5 2 14 4 8 6 12 4 5 6 12 4 13 2 3 4 11 6 12 4 11 2 14 4 1 6 12 4 1 2 14 4 17 8 18  9
11 6 7 4 8 2 14 4 5 6 10 4 1 6 12 4 13 2 14 4 11 2 9 4 5 2 15 4 13 6 12 4 8 6 12 4 17 1 18  9
1 2 14 4 8 6 10 4 1 6 16 4 13 6 12 4 11 2 15 4 13 2 3 4 5 6 10 4 11 6 10 4 8 2 15 4 17 5 18  2
11 6 10 4 5 2 15 4 1 6 16 4 8 6 7 4 5 6 7 4 1 2 9 4 8 2 15 4 13 6 16 4 11 2 14 4 17 13 18  6
11 6 10 4 11 2 9 4 1 2 14 4 8 6 16 4 5 6 7 4 13 6 10 4 5 2 14 4 1 6 7 4 8 2 15 4 17 13 18  6
11 2 9 4 1 2 14 4 11 6 16 4 13 2 14 4 5 6 16 4 1 6 7 4 8 2 15 4 13 6 7 4 8 6 10 4 17 5 18  6
8 2 3 4 11 6 12 4 13 6 7 4 1 6 10 4 1 2 9 4 5 6 7 4 13 2 14 4 8 6 12 4 5 2 14 4 17 11 18  12
8 2 15 4 13 2 3 4 8 6 16 4 1 6 7 4 11 6 7 4 13 6 7 4 5 6 16 4 11 2 3 4 1 2 3 4 17 5 18  2
5 6 10 4 5 2 15 4 13 6 7 4 1 6 10 4 11 2 9 4 11 6 7 4 13 2 9 4 8 2 3 4 8 6 16 4 17 1 18  2
1 2 9 4 13 2 15 4 8 6 7 4 11 6 12 4 8 2 14 4 13 6 12 4 11 2 15 4 1 6 10 4 5 6 10 4 17 5 18  6
13 2 3 4 13 6 10 4 11 6 16 4 8 6 7 4 8 2 15 4 1 2 14 4 1 6 12 4 5 6 7 4 11 2 9 4 17 5 18  2
1 6 7 4 5 2 15 4 8 6 7 4 1 2 15 4 8 2 15 4 11 6 10 4 5 6 7 4 11 2 14 4 13 6 10 4 17 13 18  9
11 2 15 4 8 2 9 4 1 2 14 4 5 2 15 4 11 6 7 4 1 6 10 4 5 6 7 4 8 6 12 4 13 6 7 4 17 13 18  2
1 2 15 4 8 2 15 4 13 6 10 4 11 6 10 4 1 6 10 4 13 2 15 4 5 6 16 4 8 6 10 4 5 2 3 4 17 11 18  2
11 6 10 4 1 6 16 4 1 2 9 4 8 2 3 4 5 6 7 4 5 2 3 4 11 2 15 4 13 6 10 4 8 6 7 4 17 13 18  2
5 6 16 4 1 6 7 4 13 2 15 4 8 2 14 4 11 6 10 4 13 6 10 4 8 6 16 4 11 2 15 4 1 2 9 4 17 5 18  9
11 6 7 4 5 6 10 4 1 6 7 4 13 6 10 4 8 2 9 4 8 6 16 4 11 2 3 4 13 2 15 4 5 2 15 4 17 1 18  12
11 6 10 4 8 2 15 4 8 6 10 4 5 2 15 4 11 2 15 4 5 6 10 4 13 6 16 4 1 2 9 4 1 6 16 4 17 13 18  6
13 6 7 4 1 2 9 4 5 2 15 4 8 6 10 4 8 2 14 4 11 6 16 4 13 2 15 4 1 6 16 4 5 6 7 4 17 11 18  6
11 6 12 4 13 6 7 4 5 6 7 4 11 2 9 4 1 2 14 4 8 6 7 4 1 6 16 4 5 2 15 4 8 2 15 4 17 13 18  2
11 2 15 4 13 2 15 4 8 6 16 4 5 6 16 4 1 2 15 4 5 2 14 4 1 6 12 4 11 6 12 4 13 6 12 4 17 8 18  9
11 6 12 4 5 2 9 4 8 2 15 4 13 2 3 4 8 6 16 4 1 6 12 4 11 2 9 4 13 6 7 4 5 6 12 4 17 1 18  6
8 6 10 4 5 2 3 4 11 6 10 4 5 6 12 4 11 2 9 4 13 2 3 4 13 6 12 4 1 2 9 4 1 6 10 4 17 8 18  6
1 2 9 4 13 2 3 4 1 6 10 4 13 6 12 4 5 6 10 4 8 2 3 4 8 6 12 4 11 6 12 4 5 2 9 4 17 11 18  12
13 6 10 4 8 2 15 4 5 2 15 4 11 2 14 4 5 6 7 4 11 6 10 4 8 6 7 4 1 2 15 4 1 6 7 4 17 13 18  9
8 2 9 4 1 2 3 4 5 6 7 4 8 6 7 4 1 6 16 4 13 6 12 4 13 2 14 4 11 2 14 4 11 6 12 4 17 5 18  6
8 2 3 4 5 2 3 4 11 2 9 4 1 6 10 4 1 2 15 4 5 6 7 4 13 6 12 4 8 6 7 4 11 6 12 4 17 13 18  6
5 2 14 4 1 6 10 4 13 2 3 4 1 2 3 4 11 2 15 4 8 6 10 4 13 6 10 4 5 6 16 4 11 6 12 4 17 8 18  12
1 6 7 4 11 6 12 4 8 6 12 4 11 2 15 4 8 2 15 4 5 6 12 4 13 6 16 4 1 2 3 4 13 2 14 4 17 5 18  2
5 2 15 4 8 2 3 4 1 2 15 4 11 6 16 4 13 2 3 4 5 6 16 4 13 6 7 4 8 6 7 4 1 6 16 4 17 11 18  2
1 6 10 4 13 2 9 4 8 6 10 4 8 2 14 4 5 2 9 4 13 6 12 4 11 6 12 4 5 6 12 4 1 2 14 4 17 11 18  6
1 6 12 4 5 2 15 4 11 6 12 4 5 6 12 4 8 2 14 4 13 2 14 4 13 6 16 4 11 2 15 4 8 6 16 4 17 1 18  2
5 6 7 4 1 2 14 4 11 6 16 4 11 2 14 4 13 6 16 4 13 2 14 4 8 2 3 4 1 6 16 4 8 6 7 4 17 5 18  12
1 6 12 4 5 2 15 4 8 2 9 4 1 2 3 4 13 6 12 4 8 6 7 4 5 6 16 4 11 6 16 4 11 2 15 4 17 13 18  12
11 6 16 4 8 6 16 4 1 6 12 4 8 2 3 4 5 6 16 4 5 2 3 4 13 2 3 4 1 2 15 4 13 6 16 4 17 11 18  12
5 2 9 4 13 6 16 4 8 2 14 4 5 6 10 4 1 2 3 4 1 6 16 4 11 2 14 4 11 6 7 4 8 6 7 4 17 13 18  12
5 2 14 4 5 6 10 4 1 6 10 4 13 2 3 4 11 2 14 4 8 6 7 4 13 6 16 4 8 2 15 4 11 6 10 4 17 1 18  9
11 6 7 4 13 2 9 4 1 2 15 4 8 2 14 4 5 6 7 4 13 6 16 4 1 6 10 4 8 6 7 4 5 2 14 4 17 11 18  9
1 6 10 4 11 6 7 4 11 2 15 4 8 6 10 4 13 2 3 4 5 2 14 4 13 6 12 4 5 6 16 4 1 2 9 4 17 8 18  6
13 2 9 4 1 2 3 4 11 6 7 4 8 6 7 4 5 2 14 4 1 6 7 4 13 6 16 4 5 6 10 4 11 2 3 4 17 8 18  12
13 6 12 4 1 2 15 4 11 2 3 4 1 6 16 4 11 6 7 4 8 6 16 4 8 2 15 4 13 2 9 4 5 6 12 4 17 5 18  6
1 6 10 4 11 6 7 4 8 6 10 4 1 2 14 4 11 2 3 4 13 2 14 4 5 6 7 4 8 2 14 4 13 6 10 4 17 5 18  12
5 2 15 4 11 6 12 4 1 6 16 4 8 6 16 4 13 6 16 4 8 2 15 4 5 6 16 4 13 2 15 4 11 2 9 4 17 1 18  2
11 6 10 4 13 2 14 4 13 6 16 4 1 6 10 4 8 2 9 4 5 6 16 4 8 6 10 4 1 2 9 4 11 2 9 4 17 5 18  9
5 6 12 4 13 6 10 4 8 6 12 4 8 2 3 4 5 2 3 4 1 2 9 4 11 6 12 4 1 6 7 4 13 2 15 4 17 11 18  12
8 6 16 4 13 2 9 4 5 6 7 4 8 2 14 4 1 6 16 4 5 2 15 4 11 6 16 4 13 6 12 4 1 2 14 4 17 11 18  9
8 2 9 4 8 6 16 4 11 6 16 4 1 6 7 4 13 6 7 4 5 6 10 4 1 2 15 4 11 2 9 4 5 2 14 4 17 13 18  2
5 6 7 4 1 2 14 4 13 6 12 4 8 2 9 4 1 6 16 4 11 6 12 4 5 2 15 4 11 2 9 4 8 6 12 4 17 13 18  6
8 6 12 4 5 6 10 4 1 2 15 4 13 2 3 4 1 6 7 4 13 6 12 4 11 6 7 4 5 2 9 4 11 2 15 4 17 8 18  12
11 6 16 4 1 6 16 4 13 2 15 4 8 2 3 4 5 2 3 4 5 6 10 4 13 6 7 4 8 6 10 4 11 2 9 4 17 1 18  6
11 6 12 4 11 2 14 4 8 2 14 4 1 2 14 4 13 2 9 4 13 6 7 4 5 6 7 4 1 6 12 4 8 6 12 4 17 5 18  6
5 6 16 4 13 2 15 4 11 6 16 4 13 6 16 4 1 6 10 4 1 2 14 4 11 2 15 4 8 2 14 4 8 6 10 4 17 5 18  2
8 6 7 4 1 6 10 4 8 2 9 4 11 2 3 4 5 6 16 4 11 6 16 4 1 2 14 4 5 2 3 4 13 6 16 4 17 13 18  12
11 2 9 4 11 6 10 4 8 2 14 4 5 2 9 4 1 2 9 4 8 6 12 4 1 6 10 4 13 6 12 4 5 6 10 4 17 13 18  9
8 2 3 4 13 6 12 4 1 6 16 4 1 2 9 4 11 6 16 4 5 2 15 4 5 6 10 4 8 6 12 4 13 2 3 4 17 11 18  6
5 6 16 4 11 2 15 4 11 6 7 4 5 2 9 4 1 6 7 4 13 2 3 4 8 6 7 4 1 2 15 4 13 6 12 4 17 8 18  2
11 2 14 4 1 2 9 4 13 2 15 4 8 6 7 4 1 6 12 4 13 6 7 4 11 6 10 4 5 2 9 4 5 6 12 4 17 8 18  2
5 6 16 4 11 2 9 4 1 6 7 4 5 2 15 4 8 6 16 4 1 2 9 4 11 6 7 4 13 6 16 4 13 2 15 4 17 8 18  2
1 6 10 4 11 6 10 4 1 2 14 4 8 2 3 4 5 6 12 4 8 6 12 4 11 2 14 4 13 6 12 4 5 2 3 4 17 13 18  12
11 2 14 4 8 6 16 4 5 6 10 4 11 6 10 4 1 6 16 4 13 6 10 4 13 2 14 4 5 2 14 4 8 2 9 4 17 1 18  6
1 6 7 4 11 6 16 4 8 2 3 4 1 2 9 4 5 2 15 4 13 6 7 4 5 6 10 4 8 6 16 4 11 2 3 4 17 13 18  6
13 6 7 4 11 6 16 4 11 2 3 4 5 2 14 4 1 6 16 4 5 6 7 4 8 2 15 4 1 2 3 4 8 6 10 4 17 13 18  9
8 2 15 4 13 6 10 4 11 6 16 4 1 6 16 4 11 2 9 4 5 2 3 4 8 6 7 4 5 6 10 4 1 2 9 4 17 13 18  12
5 6 12 4 5 2 3 4 1 2 9 4 13 6 10 4 8 6 10 4 11 6 16 4 8 2 14 4 11 2 9 4 1 6 16 4 17 13 18  9
5 6 12 4 1 6 16 4 13 6 12 4 11 2 3 4 11 6 12 4 13 2 3 4 5 2 3 4 1 2 9 4 8 6 16 4 17 8 18  6
5 6 10 4 13 6 12 4 1 2 3 4 5 2 15 4 11 2 14 4 8 2 9 4 8 6 16 4 1 6 12 4 11 6 7 4 17 13 18  12
11 2 14 4 5 6 10 4 13 2 9 4 13 6 7 4 1 2 3 4 8 6 10 4 11 6 16 4 5 2 3 4 1 6 10 4 17 8 18  12
11 2 15 4 1 6 12 4 8 6 12 4 13 6 12 4 8 2 14 4 13 2 14 4 5 2 15 4 11 6 7 4 5 6 7 4 17 1 18  9
5 6 16 4 1 2 3 4 11 6 7 4 5 2 14 4 1 6 10 4 13 6 16 4 13 2 14 4 11 2 9 4 8 6 7 4 17 8 18  6
1 2 15 4 8 2 3 4 13 2 15 4 5 6 12 4 13 6 16 4 11 6 10 4 8 6 10 4 1 6 16 4 5 2 9 4 17 11 18  12
13 2 15 4 1 6 10 4 1 2 14 4 8 2 14 4 11 6 12 4 5 6 10 4 8 6 10 4 11 2 15 4 13 6 12 4 17 5 18  9
13 6 12 4 1 2 14 4 11 2 15 4 5 6 10 4 13 2 15 4 8 2 14 4 8 6 10 4 1 6 10 4 11 6 12 4 17 5 18  9
1 6 12 4 13 2 9 4 13 6 10 4 5 2 9 4 1 2 15 4 8 6 7 4 11 2 14 4 11 6 7 4 5 6 10 4 17 8 18  9
1 2 15 4 5 6 12 4 8 6 16 4 13 2 9 4 8 2 14 4 1 6 12 4 5 2 15 4 11 6 12 4 13 6 7 4 17 11 18  2
8 2 9 4 13 6 16 4 5 6 16 4 8 6 10 4 5 2 14 4 1 2 15 4 1 6 7 4 13 2 14 4 11 6 7 4 17 11 18  2
1 6 16 4 13 2 9 4 11 6 16 4 13 6 12 4 8 2 3 4 5 2 9 4 8 6 7 4 1 2 14 4 5 6 12 4 17 11 18  9
8 6 16 4 8 2 3 4 13 6 10 4 1 6 7 4 13 2 15 4 11 6 7 4 5 6 7 4 1 2 14 4 11 2 14 4 17 5 18  9
1 2 14 4 13 6 12 4 5 6 12 4 1 6 10 4 5 2 15 4 8 2 9 4 13 2 15 4 11 6 7 4 8 6 7 4 17 11 18  6
13 6 12 4 5 6 12 4 11 6 10 4 1 2 3 4 1 6 12 4 8 6 7 4 5 2 3 4 8 2 15 4 11 2 14 4 17 13 18  12
11 2 14 4 8 6 16 4 5 6 12 4 13 2 3 4 13 6 7 4 1 6 16 4 5 2 9 4 1 2 15 4 11 6 10 4 17 8 18  2
11 6 16 4 1 2 3 4 13 6 12 4 13 2 9 4 5 6 7 4 8 6 16 4 5 2 15 4 8 2 14 4 1 6 10 4 17 11 18  9
8 6 10 4 13 6 12 4 13 2 15 4 1 6 16 4 11 6 10 4 1 2 14 4 5 6 16 4 8 2 3 4 5 2 14 4 17 11 18  12
8 6 10 4 11 6 12 4 1 2 9 4 13 6 7 4 5 6 7 4 11 2 3 4 13 2 15 4 5 2 15 4 1 6 10 4 17 8 18  6
1 6 12 4 11 6 16 4 13 6 12 4 11 2 3 4 8 2 14 4 1 2 14 4 8 6 12 4 5 6 12 4 13 2 14 4 17 5 18  9
8 2 3 4 1 6 12 4 1 2 9 4 5 2 15 4 11 6 16 4 8 6 16 4 5 6 10 4 11 2 3 4 13 6 10 4 17 13 18  2
11 6 16 4 13 2 15 4 11 2 3 4 8 6 12 4 13 6 12 4 8 2 15 4 1 6 16 4 5 2 15 4 5 6 12 4 17 1 18  12
13 6 7 4 5 6 7 4 11 6 12 4 11 2 9 4 8 6 12 4 13 2 14 4 5 2 14 4 1 2 3 4 1 6 16 4 17 8 18  6
13 6 16 4 1 6 7 4 13 2 14 4 11 2 3 4 11 6 7 4 8 6 10 4 8 2 15 4 5 6 12 4 5 2 9 4 17 1 18  12
13 6 16 4 8 6 16 4 8 2 15 4 5 2 15 4 5 6 16 4 13 2 15 4 1 6 10 4 1 2 3 4 11 6 10 4 17 11 18  12
13 6 16 4 8 2 14 4 5 6 10 4 11 6 12 4 5 2 15 4 1 2 9 4 13 2 3 4 1 6 12 4 8 6 7 4 17 11 18  6
13 2 15 4 1 6 12 4 11 6 7 4 11 2 15 4 13 6 7 4 5 6 7 4 1 2 9 4 8 2 9 4 8 6 12 4 17 5 18  2
5 2 15 4 8 6 12 4 11 6 12 4 13 6 12 4 5 6 12 4 8 2 15 4 1 2 9 4 1 6 16 4 11 2 15 4 17 13 18  2
5 2 15 4 11 6 10 4 1 2 9 4 13 2 3 4 5 6 12 4 11 2 14 4 13 6 7 4 8 6 10 4 1 6 16 4 17 8 18  9
5 2 3 4 11 2 14 4 5 6 12 4 13 2 9 4 8 6 7 4 13 6 10 4 1 6 12 4 8 2 15 4 11 6 16 4 17 1 18  12
13 2 14 4 11 2 14 4 13 6 12 4 1 6 12 4 5 2 3 4 8 6 12 4 11 6 12 4 5 6 10 4 8 2 14 4 17 1 18  9
5 6 12 4 13 2 9 4 1 6 7 4 8 6 16 4 5 2 3 4 11 2 3 4 13 6 16 4 11 6 12 4 1 2 14 4 17 8 18  6
8 6 16 4 1 2 9 4 11 6 12 4 8 2 15 4 13 2 3 4 5 2 15 4 13 6 10 4 1 6 12 4 5 6 16 4 17 11 18  6
11 6 10 4 13 6 10 4 13 2 3 4 1 6 7 4 8 6 7 4 8 2 15 4 11 2 3 4 5 6 16 4 5 2 14 4 17 1 18  2
5 2 15 4 1 6 16 4 8 2 15 4 13 6 12 4 11 6 16 4 5 6 7 4 11 2 14 4 8 6 7 4 13 2 3 4 17 1 18  9
11 6 12 4 5 2 14 4 8 6 12 4 5 6 7 4 13 2 15 4 1 6 10 4 13 6 10 4 8 2 9 4 11 2 9 4 17 1 18  2
1 6 16 4 5 2 15 4 1 2 9 4 5 6 12 4 8 2 3 4 8 6 10 4 11 2 9 4 13 6 12 4 11 6 16 4 17 13 18  2
11 6 12 4 8 2 9 4 13 2 3 4 1 6 12 4 11 2 15 4 5 6 16 4 13 6 10 4 5 2 9 4 8 6 16 4 17 1 18  2
11 6 7 4 8 6 12 4 1 2 3 4 5 6 7 4 1 6 12 4 5 2 9 4 13 2 15 4 13 6 16 4 8 2 3 4 17 11 18  6
8 6 10 4 5 2 9 4 11 6 10 4 13 6 7 4 8 2 15 4 5 6 12 4 1 6 12 4 13 2 3 4 1 2 9 4 17 11 18  2
13 6 7 4 5 6 12 4 5 2 3 4 8 2 14 4 1 6 12 4 11 6 7 4 8 6 16 4 11 2 9 4 1 2 3 4 17 13 18  6
8 2 9 4 13 6 10 4 1 2 14 4 5 6 10 4 11 6 12 4 5 2 14 4 1 6 10 4 8 6 12 4 13 2 14 4 17 11 18  6
11 2 14 4 1 6 7 4 11 6 7 4 5 2 3 4 13 2 3 4 13 6 12 4 8 2 9 4 8 6 10 4 5 6 12 4 17 1 18  9
1 6 12 4 5 6 7 4 13 6 12 4 11 6 7 4 8 6 12 4 8 2 14 4 1 2 14 4 11 2 15 4 5 2 15 4 17 13 18  9
8 2 15 4 13 2 15 4 5 2 9 4 13 6 12 4 1 6 10 4 8 6 12 4 1 2 3 4 5 6 16 4 11 6 12 4 17 11 18  2
13 6 10 4 13 2 3 4 8 6 12 4 5 6 7 4 1 2 3 4 8 2 9 4 1 6 10 4 11 6 7 4 11 2 14 4 17 5 18  9
8 2 9 4 5 6 10 4 1 6 7 4 1 2 9 4 5 2 3 4 13 6 10 4 8 6 7 4 11 6 16 4 11 2 14 4 17 13 18  12
11 6 7 4 1 6 10 4 8 6 10 4 5 6 7 4 13 2 9 4 13 6 12 4 11 2 15 4 1 2 3 4 8 2 3 4 17 5 18  2
5 6 7 4 1 6 7 4 8 6 16 4 13 2 14 4 11 2 3 4 13 6 7 4 8 2 9 4 11 6 12 4 5 2 14 4 17 1 18  9
8 6 10 4 8 2 15 4 1 6 16 4 13 6 10 4 5 2 14 4 1 2 3 4 11 2 15 4 5 6 12 4 11 6 10 4 17 13 18  2
13 2 9 4 13 6 16 4 11 6 12 4 1 6 10 4 5 6 10 4 8 6 16 4 11 2 15 4 1 2 14 4 5 2 14 4 17 8 18  6
13 6 16 4 1 6 16 4 13 2 15 4 11 2 9 4 11 6 7 4 5 2 14 4 8 6 12 4 8 2 14 4 5 6 12 4 17 1 18  2
8 6 10 4 5 2 14 4 11 2 9 4 13 2 15 4 1 2 9 4 5 6 12 4 11 6 16 4 1 6 16 4 13 6 10 4 17 8 18  2
8 2 14 4 1 6 16 4 13 6 7 4 13 2 15 4 8 6 12 4 5 2 9 4 11 6 16 4 5 6 10 4 11 2 3 4 17 1 18  12
11 6 7 4 13 6 16 4 13 2 15 4 5 6 7 4 5 2 9 4 1 6 16 4 8 6 7 4 1 2 15 4 11 2 9 4 17 8 18  6
11 6 7 4 11 2 14 4 5 6 16 4 1 2 14 4 8 2 9 4 13 2 9 4 8 6 16 4 13 6 16 4 1 6 7 4 17 5 18  6
11 2 3 4 1 2 9 4 13 6 16 4 8 6 7 4 5 6 7 4 11 6 7 4 5 2 3 4 1 6 16 4 8 2 3 4 17 13 18  6
1 6 10 4 11 6 10 4 8 2 15 4 1 2 15 4 8 6 10 4 5 2 15 4 5 6 10 4 13 6 7 4 13 2 14 4 17 11 18  2
13 2 15 4 8 6 12 4 1 6 10 4 11 6 10 4 5 2 14 4 5 6 12 4 8 2 14 4 11 2 15 4 13 6 10 4 17 1 18  2
1 2 14 4 11 2 15 4 1 6 12 4 11 6 10 4 13 2 9 4 8 6 10 4 5 2 15 4 5 6 10 4 13 6 7 4 17 8 18  2
11 6 12 4 5 2 15 4 5 6 7 4 8 6 12 4 11 2 3 4 8 2 3 4 1 6 12 4 13 2 14 4 13 6 16 4 17 1 18  12
5 6 10 4 13 2 15 4 1 6 7 4 1 2 9 4 13 6 16 4 8 2 14 4 8 6 12 4 5 2 3 4 11 6 7 4 17 11 18  6
5 2 3 4 13 6 10 4 8 2 15 4 5 6 10 4 8 6 16 4 1 6 16 4 11 6 16 4 11 2 15 4 13 2 3 4 17 1 18  2
5 2 15 4 11 2 15 4 8 2 14 4 8 6 10 4 1 2 3 4 1 6 16 4 5 6 12 4 11 6 12 4 13 6 10 4 17 13 18  9
13 2 9 4 1 2 9 4 11 6 12 4 8 2 15 4 5 6 7 4 11 2 9 4 1 6 12 4 8 6 7 4 13 6 12 4 17 5 18  2
11 6 12 4 1 6 12 4 13 2 14 4 13 6 12 4 5 2 9 4 8 2 3 4 1 2 14 4 8 6 16 4 5 6 10 4 17 11 18  9
11 6 12 4 5 2 9 4 13 6 10 4 13 2 14 4 8 2 9 4 1 6 10 4 11 2 9 4 8 6 12 4 5 6 12 4 17 1 18  9
5 6 16 4 1 6 7 4 5 2 14 4 13 6 16 4 13 2 14 4 8 2 15 4 1 2 9 4 11 6 7 4 8 6 12 4 17 11 18  6
8 2 14 4 11 6 10 4 1 2 15 4 5 6 10 4 5 2 14 4 1 6 16 4 8 6 10 4 13 6 16 4 11 2 14 4 17 13 18  2
13 2 15 4 11 6 10 4 1 6 10 4 13 6 10 4 8 2 3 4 8 6 16 4 5 6 10 4 11 2 15 4 1 2 15 4 17 5 18  2
5 2 9 4 8 6 7 4 13 2 14 4 11 6 16 4 13 6 16 4 5 6 7 4 1 6 16 4 8 2 9 4 11 2 14 4 17 1 18  9
11 6 12 4 8 2 3 4 11 2 3 4 1 2 9 4 5 6 12 4 13 2 14 4 13 6 7 4 8 6 12 4 1 6 10 4 17 5 18  12
1 2 9 4 13 6 12 4 5 6 16 4 8 2 9 4 11 6 16 4 13 2 14 4 11 2 3 4 8 6 10 4 1 6 10 4 17 5 18  12
8 6 7 4 1 6 7 4 5 6 12 4 11 2 3 4 11 6 12 4 8 2 15 4 13 6 12 4 5 2 3 4 1 2 15 4 17 13 18  12
1 2 3 4 11 6 10 4 13 6 7 4 13 2 14 4 5 6 12 4 11 2 9 4 8 6 12 4 5 2 15 4 1 6 16 4 17 8 18  2
8 6 7 4 5 2 15 4 13 2 14 4 11 2 14 4 5 6 12 4 11 6 10 4 13 6 10 4 1 6 12 4 8 2 3 4 17 1 18  2
11 2 9 4 1 6 10 4 5 6 10 4 5 2 15 4 13 6 7 4 8 6 12 4 11 6 16 4 13 2 3 4 8 2 14 4 17 1 18  2
1 2 3 4 5 6 7 4 13 6 10 4 11 6 10 4 5 2 3 4 13 2 14 4 11 2 14 4 1 6 7 4 8 6 7 4 17 8 18  12
11 6 12 4 1 6 10 4 1 2 3 4 5 2 14 4 11 2 14 4 8 6 12 4 8 2 14 4 13 6 10 4 5 6 12 4 17 13 18  12
1 2 14 4 5 2 3 4 13 2 14 4 13 6 7 4 8 2 14 4 1 6 7 4 11 6 7 4 8 6 7 4 5 6 16 4 17 11 18  9
1 6 10 4 8 6 16 4 13 2 9 4 5 6 16 4 5 2 9 4 1 2 15 4 11 6 10 4 13 6 16 4 8 2 9 4 17 11 18  2
11 2 9 4 13 6 12 4 5 6 16 4 8 6 16 4 11 6 7 4 13 2 3 4 1 2 9 4 1 6 7 4 5 2 15 4 17 8 18  2
5 2 15 4 13 6 16 4 11 6 10 4 5 6 10 4 8 6 7 4 1 6 10 4 13 2 14 4 1 2 15 4 8 2 3 4 17 11 18  2
11 6 12 4 1 6 12 4 13 6 12 4 5 6 12 4 8 2 9 4 8 6 10 4 13 2 14 4 5 2 14 4 1 2 14 4 17 11 18  9
13 6 10 4 11 2 14 4 8 2 3 4 1 6 16 4 8 6 16 4 5 2 3 4 13 2 15 4 5 6 16 4 11 6 12 4 17 1 18  12
1 2 9 4 5 2 14 4 5 6 12 4 8 6 12 4 1 6 10 4 13 2 3 4 13 6 16 4 8 2 14 4 11 6 10 4 17 11 18  6
11 2 3 4 5 2 14 4 13 6 7 4 11 6 16 4 1 2 9 4 5 6 7 4 8 2 3 4 1 6 10 4 8 6 16 4 17 13 18  9
11 6 12 4 5 6 7 4 13 6 7 4 1 6 12 4 8 6 16 4 5 2 9 4 8 2 15 4 1 2 14 4 11 2 14 4 17 13 18  6
13 6 12 4 11 2 9 4 8 2 15 4 5 6 12 4 8 6 16 4 1 2 15 4 11 6 12 4 5 2 9 4 1 6 16 4 17 13 18  6
8 2 15 4 8 6 10 4 13 6 16 4 5 6 10 4 1 6 10 4 11 6 12 4 13 2 3 4 11 2 14 4 1 2 15 4 17 5 18  2
11 2 14 4 1 6 12 4 13 6 12 4 8 2 15 4 5 2 3 4 5 6 16 4 8 6 10 4 11 6 12 4 13 2 14 4 17 1 18  9
11 6 10 4 8 6 10 4 1 6 12 4 5 6 12 4 13 6 7 4 8 2 9 4 13 2 15 4 1 2 3 4 5 2 3 4 17 11 18  6
13 6 7 4 8 2 3 4 1 2 3 4 1 6 12 4 11 6 12 4 11 2 3 4 8 6 12 4 5 2 9 4 5 6 7 4 17 13 18  6
8 6 16 4 8 2 9 4 11 6 12 4 13 2 15 4 1 2 9 4 5 6 7 4 1 6 16 4 11 2 14 4 13 6 7 4 17 5 18  2
11 2 15 4 5 6 7 4 11 6 12 4 8 6 12 4 1 6 16 4 5 2 3 4 8 2 15 4 13 2 14 4 13 6 16 4 17 1 18  9
5 2 15 4 8 6 10 4 1 6 10 4 13 2 14 4 5 6 7 4 13 6 16 4 8 2 9 4 1 2 9 4 11 6 7 4 17 11 18  2
8 6 10 4 1 6 7 4 13 6 12 4 5 6 10 4 13 2 9 4 5 2 3 4 1 2 15 4 11 2 3 4 11 6 10 4 17 8 18  12
8 2 14 4 8 6 12 4 13 6 10 4 11 6 10 4 5 2 14 4 1 2 15 4 1 6 7 4 13 2 9 4 5 6 12 4 17 11 18  6
11 2 15 4 1 6 10 4 8 6 12 4 13 6 16 4 8 2 3 4 11 6 10 4 5 6 16 4 1 2 15 4 13 2 14 4 17 5 18  9
5 6 16 4 13 2 15 4 1 6 16 4 1 2 14 4 11 6 16 4 8 6 10 4 13 6 12 4 5 2 14 4 8 2 9 4 17 11 18  9
8 6 10 4 1 6 12 4 13 6 10 4 1 2 9 4 5 2 9 4 8 2 3 4 11 6 12 4 11 2 9 4 5 6 12 4 17 13 18  12
5 2 15 4 5 6 10 4 8 2 15 4 1 2 15 4 11 2 14 4 1 6 10 4 11 6 16 4 8 6 10 4 13 6 10 4 17 13 18  2
11 2 15 4 8 6 16 4 8 2 3 4 1 2 15 4 5 2 9 4 5 6 12 4 1 6 7 4 11 6 7 4 13 6 7 4 17 13 18  2
5 2 9 4 8 2 3 4 8 6 7 4 11 6 7 4 11 2 3 4 1 2 15 4 1 6 16 4 5 6 10 4 13 6 10 4 17 13 18  6
1 6 10 4 1 2 9 4 8 6 16 4 11 2 3 4 5 2 9 4 13 6 7 4 11 6 7 4 5 6 10 4 8 2 14 4 17 13 18  12
1 2 9 4 11 6 10 4 11 2 15 4 5 2 15 4 5 6 10 4 1 6 7 4 8 6 16 4 8 2 3 4 13 6 16 4 17 13 18  12
13 6 7 4 13 2 3 4 5 6 12 4 8 6 7 4 1 6 10 4 8 2 3 4 11 6 12 4 5 2 15 4 1 2 14 4 17 11 18  2
8 6 12 4 11 6 16 4 11 2 3 4 5 6 12 4 13 6 10 4 5 2 15 4 1 2 3 4 1 6 16 4 13 2 14 4 17 8 18  2
1 6 12 4 1 2 9 4 5 6 12 4 8 2 15 4 11 6 12 4 13 2 3 4 13 6 10 4 8 6 16 4 5 2 9 4 17 11 18  6
1 2 15 4 13 2 14 4 13 6 7 4 11 6 16 4 11 2 3 4 5 2 14 4 8 6 7 4 1 6 10 4 5 6 7 4 17 8 18  9
13 2 9 4 1 6 10 4 8 2 3 4 8 6 10 4 5 6 10 4 11 6 7 4 5 2 3 4 1 2 3 4 13 6 7 4 17 11 18  6
11 6 12 4 1 6 7 4 1 2 14 4 8 6 10 4 13 2 15 4 8 2 3 4 5 6 12 4 13 6 12 4 11 2 15 4 17 5 18  2
5 2 15 4 13 2 14 4 1 2 14 4 13 6 10 4 5 6 7 4 8 2 9 4 1 6 10 4 8 6 12 4 11 6 12 4 17 11 18  6
13 2 9 4 5 2 15 4 1 6 12 4 13 6 16 4 8 2 3 4 8 6 10 4 1 2 15 4 11 6 16 4 5 6 12 4 17 11 18  6
13 6 7 4 1 2 15 4 8 2 15 4 11 2 15 4 11 6 10 4 5 6 7 4 8 6 10 4 1 6 10 4 5 2 14 4 17 13 18  9
1 2 14 4 8 6 7 4 5 6 7 4 13 2 14 4 1 6 16 4 13 6 16 4 8 2 3 4 11 6 10 4 11 2 9 4 17 5 18  12
8 2 3 4 13 6 12 4 8 6 12 4 5 2 14 4 1 6 12 4 13 2 3 4 11 6 16 4 11 2 14 4 5 6 16 4 17 1 18  12
8 6 7 4 5 6 16 4 1 6 12 4 11 2 3 4 13 2 15 4 11 6 16 4 13 6 10 4 8 2 9 4 1 2 14 4 17 5 18  12
13 6 7 4 8 6 7 4 5 2 14 4 1 6 10 4 5 6 7 4 11 6 10 4 8 2 14 4 11 2 9 4 13 2 14 4 17 1 18  6
13 6 10 4 11 6 12 4 1 6 7 4 1 2 9 4 8 2 3 4 8 6 10 4 5 6 10 4 11 2 14 4 13 2 3 4 17 5 18  12
8 6 16 4 1 2 9 4 5 2 15 4 11 6 7 4 1 6 7 4 13 6 7 4 13 2 9 4 11 2 9 4 5 6 16 4 17 8 18  2
8 6 12 4 11 6 10 4 11 2 15 4 13 6 16 4 13 2 14 4 1 2 15 4 1 6 10 4 5 6 16 4 8 2 3 4 17 5 18  9
1 6 7 4 11 2 15 4 1 2 14 4 11 6 12 4 5 6 10 4 13 6 10 4 5 2 9 4 13 2 9 4 8 6 10 4 17 8 18  6
8 6 12 4 11 6 10 4 1 6 12 4 13 2 9 4 11 2 9 4 5 2 9 4 5 6 10 4 13 6 10 4 1 2 3 4 17 8 18  12
13 6 16 4 5 2 9 4 1 2 3 4 11 6 10 4 5 6 10 4 11 2 9 4 13 2 15 4 8 6 10 4 1 6 7 4 17 8 18  6
13 2 3 4 1 6 7 4 5 6 7 4 11 6 7 4 11 2 14 4 8 2 14 4 13 6 10 4 5 2 14 4 8 6 7 4 17 1 18  9
8 6 10 4 5 6 12 4 1 6 12 4 11 6 16 4 8 2 3 4 13 2 14 4 5 2 9 4 11 2 15 4 13 6 7 4 17 1 18  6
11 6 7 4 8 6 7 4 13 2 14 4 11 2 3 4 5 6 12 4 1 6 16 4 8 2 3 4 13 6 16 4 5 2 15 4 17 1 18  9
1 6 10 4 8 2 3 4 13 6 7 4 1 2 14 4 11 6 16 4 11 2 9 4 5 6 16 4 5 2 9 4 8 6 7 4 17 13 18  12
5 6 7 4 1 2 3 4 13 6 16 4 13 2 15 4 8 6 10 4 1 6 10 4 11 2 15 4 5 2 9 4 11 6 16 4 17 8 18  12
8 6 10 4 5 6 10 4 1 2 9 4 13 6 7 4 11 6 10 4 13 2 15 4 5 2 3 4 1 6 12 4 8 2 3 4 17 11 18  12
5 6 16 4 1 6 10 4 11 2 15 4 5 2 15 4 11 6 16 4 8 6 7 4 13 2 9 4 13 6 7 4 1 2 14 4 17 8 18  6
1 6 12 4 5 2 3 4 8 2 3 4 13 6 16 4 11 2 15 4 11 6 16 4 8 6 10 4 5 6 10 4 1 2 14 4 17 13 18  2
13 6 10 4 11 6 7 4 8 6 12 4 11 2 14 4 13 2 9 4 5 2 3 4 5 6 12 4 1 2 9 4 1 6 10 4 17 8 18  12
8 2 9 4 5 6 16 4 11 6 10 4 1 6 12 4 11 2 15 4 13 2 9 4 8 6 16 4 13 6 16 4 1 2 3 4 17 5 18  6
11 2 9 4 1 6 16 4 13 6 16 4 5 6 10 4 11 6 10 4 8 2 3 4 13 2 14 4 8 6 12 4 1 2 14 4 17 5 18  6
11 2 3 4 1 2 14 4 11 6 10 4 1 6 12 4 13 2 14 4 5 2 3 4 13 6 12 4 8 6 12 4 5 6 10 4 17 8 18  9
11 6 12 4 13 2 3 4 8 6 10 4 8 2 15 4 1 6 7 4 11 2 3 4 5 6 7 4 5 2 14 4 13 6 12 4 17 1 18  9
11 2 3 4 5 6 16 4 5 2 14 4 1 6 16 4 13 2 14 4 13 6 16 4 11 6 7 4 8 6 7 4 8 2 3 4 17 1 18  9
13 6 10 4 8 2 15 4 1 6 10 4 5 2 9 4 11 2 15 4 11 6 16 4 5 6 12 4 8 6 16 4 13 2 14 4 17 1 18  9
13 2 14 4 11 2 15 4 13 6 7 4 8 2 3 4 1 2 3 4 8 6 16 4 11 6 10 4 1 6 16 4 5 6 16 4 17 5 18  12
1 2 9 4 5 2 9 4 8 6 16 4 13 6 16 4 1 6 12 4 13 2 15 4 11 6 16 4 8 2 15 4 5 6 12 4 17 11 18  2
1 6 12 4 8 2 3 4 13 6 12 4 5 2 3 4 11 2 3 4 1 2 14 4 8 6 7 4 11 6 7 4 5 6 7 4 17 13 18  9
5 6 12 4 11 6 7 4 11 2 3 4 13 6 7 4 5 2 15 4 13 2 3 4 1 6 7 4 8 2 14 4 8 6 10 4 17 1 18  12
1 2 9 4 11 2 14 4 13 6 16 4 8 2 9 4 8 6 10 4 13 2 14 4 1 6 10 4 11 6 16 4 5 6 10 4 17 5 18  6
5 6 7 4 11 6 7 4 8 2 15 4 8 6 7 4 5 2 15 4 1 6 7 4 1 2 15 4 13 6 12 4 13 2 14 4 17 11 18  2
8 2 14 4 13 6 12 4 13 2 15 4 1 6 12 4 11 6 16 4 5 6 7 4 5 2 14 4 11 2 9 4 8 6 7 4 17 1 18  2
8 2 14 4 1 6 10 4 5 2 9 4 13 2 14 4 11 2 14 4 8 6 16 4 11 6 16 4 5 6 10 4 13 6 16 4 17 1 18  6
13 2 9 4 5 2 15 4 11 6 12 4 8 6 12 4 13 6 16 4 5 6 7 4 1 2 3 4 8 2 3 4 1 6 12 4 17 11 18  12
5 2 9 4 5 6 10 4 1 6 16 4 8 6 7 4 11 6 16 4 13 6 12 4 1 2 14 4 13 2 15 4 8 2 3 4 17 11 18  9
5 6 12 4 13 2 15 4 11 2 14 4 1 6 16 4 8 6 16 4 13 6 12 4 5 2 15 4 11 6 16 4 1 2 14 4 17 8 18  9
5 2 3 4 1 6 16 4 8 2 15 4 11 6 16 4 1 2 9 4 13 2 15 4 8 6 7 4 5 6 12 4 13 6 7 4 17 11 18  6
5 2 15 4 13 2 9 4 8 6 7 4 8 2 3 4 5 6 10 4 11 6 10 4 1 6 7 4 1 2 3 4 13 6 16 4 17 11 18  2
5 6 16 4 11 2 9 4 8 2 3 4 13 2 15 4 11 6 12 4 13 6 16 4 5 2 15 4 8 6 7 4 1 6 16 4 17 1 18  2
13 6 12 4 13 2 3 4 11 6 7 4 8 6 7 4 5 6 7 4 1 6 10 4 5 2 9 4 1 2 15 4 8 2 9 4 17 11 18  6
1 6 7 4 11 6 7 4 13 2 9 4 8 2 9 4 13 6 12 4 1 2 15 4 8 6 12 4 5 6 12 4 5 2 9 4 17 11 18  2
13 2 14 4 13 6 16 4 5 2 3 4 1 6 12 4 11 6 12 4 1 2 3 4 8 6 12 4 5 6 12 4 11 2 3 4 17 8 18  12
13 2 15 4 11 2 3 4 1 2 3 4 8 6 12 4 13 6 10 4 1 6 12 4 11 6 12 4 5 6 10 4 8 2 3 4 17 5 18  2
5 2 3 4 13 6 10 4 11 2 9 4 1 6 12 4 5 6 7 4 11 6 16 4 1 2 15 4 8 2 14 4 8 6 10 4 17 13 18  9
5 2 14 4 8 2 9 4 13 6 7 4 5 6 10 4 1 2 3 4 1 6 7 4 8 6 16 4 11 6 16 4 11 2 9 4 17 13 18  12
13 6 10 4 8 2 14 4 1 6 12 4 5 6 10 4 1 2 15 4 8 6 10 4 5 2 14 4 11 6 12 4 13 2 14 4 17 11 18  2
13 2 9 4 1 6 16 4 8 2 9 4 11 6 16 4 5 2 15 4 13 6 10 4 5 6 16 4 11 2 15 4 8 6 10 4 17 1 18  2
1 2 14 4 1 6 16 4 11 6 12 4 13 6 12 4 8 2 14 4 8 6 16 4 11 2 9 4 5 6 16 4 5 2 14 4 17 13 18  6
13 6 10 4 8 2 14 4 5 2 15 4 1 6 10 4 8 6 7 4 11 2 14 4 5 6 10 4 13 2 15 4 11 6 7 4 17 1 18  2
13 2 14 4 1 2 15 4 1 6 12 4 13 6 10 4 5 6 10 4 11 2 14 4 8 2 14 4 11 6 10 4 8 6 10 4 17 5 18  9
11 6 7 4 1 6 10 4 13 2 14 4 8 2 15 4 11 2 9 4 1 2 14 4 5 6 7 4 13 6 10 4 8 6 12 4 17 5 18  6
11 6 7 4 8 6 12 4 5 2 15 4 13 6 12 4 13 2 3 4 1 2 9 4 1 6 16 4 5 6 7 4 8 2 3 4 17 11 18  2
5 6 16 4 13 6 10 4 8 2 14 4 8 6 7 4 5 2 15 4 11 6 7 4 1 6 12 4 1 2 3 4 13 2 9 4 17 11 18  9
13 6 7 4 1 6 7 4 11 2 15 4 8 2 9 4 5 6 16 4 5 2 9 4 11 6 7 4 8 6 16 4 1 2 15 4 17 13 18  2
1 6 10 4 11 6 7 4 5 6 10 4 13 2 3 4 13 6 7 4 5 2 15 4 8 6 12 4 8 2 9 4 1 2 15 4 17 11 18  12
13 2 9 4 8 6 12 4 13 6 16 4 11 6 7 4 8 2 14 4 5 6 10 4 5 2 15 4 11 2 3 4 1 6 10 4 17 1 18  2
5 6 16 4 13 2 15 4 8 2 14 4 11 6 12 4 13 6 12 4 8 6 16 4 11 2 15 4 1 6 7 4 1 2 9 4 17 5 18  9
5 2 15 4 5 6 10 4 13 6 7 4 8 6 7 4 8 2 9 4 11 6 7 4 1 2 9 4 1 6 7 4 13 2 9 4 17 11 18  6
1 6 7 4 13 6 10 4 5 6 12 4 8 6 10 4 1 2 3 4 8 2 15 4 5 2 14 4 11 2 3 4 11 6 7 4 17 13 18  2
13 2 15 4 5 2 15 4 8 6 7 4 11 6 10 4 13 6 10 4 1 2 14 4 1 6 7 4 5 6 10 4 8 2 14 4 17 11 18  2
8 2 9 4 5 6 10 4 8 6 16 4 13 6 12 4 13 2 3 4 11 6 16 4 1 6 10 4 1 2 15 4 5 2 15 4 17 11 18  6
8 2 3 4 5 6 16 4 1 2 9 4 11 2 9 4 1 6 10 4 13 6 16 4 13 2 14 4 11 6 10 4 8 6 7 4 17 5 18  9
8 2 15 4 1 6 16 4 13 6 12 4 13 2 9 4 8 6 7 4 11 6 12 4 11 2 9 4 5 6 16 4 5 2 14 4 17 1 18  9
13 6 10 4 1 6 10 4 8 2 15 4 13 2 9 4 11 6 16 4 5 6 16 4 8 6 7 4 11 2 14 4 1 2 9 4 17 5 18  9
5 2 14 4 13 6 7 4 11 6 7 4 5 6 16 4 8 2 14 4 11 2 15 4 13 2 15 4 8 6 16 4 1 6 7 4 17 1 18  2
13 6 12 4 13 2 9 4 11 6 7 4 5 6 12 4 1 2 9 4 8 6 7 4 11 2 15 4 8 2 15 4 1 6 12 4 17 5 18  6
5 2 3 4 5 6 7 4 8 2 15 4 1 6 16 4 11 6 7 4 8 6 10 4 13 6 7 4 1 2 14 4 13 2 3 4 17 11 18  12
5 6 12 4 8 2 14 4 1 2 9 4 8 6 7 4 11 6 7 4 13 6 12 4 11 2 14 4 1 6 12 4 5 2 9 4 17 13 18  6
5 2 15 4 13 2 14 4 1 6 7 4 8 6 7 4 13 6 7 4 5 6 10 4 11 6 10 4 1 2 14 4 8 2 14 4 17 11 18  2
11 6 16 4 5 2 15 4 11 2 3 4 5 6 10 4 1 2 9 4 8 6 12 4 8 2 9 4 13 6 10 4 1 6 12 4 17 13 18  2
8 6 10 4 13 6 16 4 5 2 14 4 5 6 10 4 11 2 15 4 8 2 14 4 11 6 12 4 13 2 9 4 1 6 16 4 17 1 18  6
1 6 16 4 13 6 12 4 8 6 16 4 13 2 9 4 8 2 15 4 11 6 12 4 11 2 9 4 5 2 3 4 5 6 10 4 17 1 18  2
1 2 14 4 5 2 14 4 11 6 10 4 5 6 12 4 8 2 15 4 13 6 12 4 1 6 12 4 8 6 10 4 11 2 15 4 17 13 18  9
1 2 9 4 8 6 12 4 8 2 3 4 11 2 14 4 5 6 16 4 11 6 10 4 13 6 7 4 1 6 16 4 13 2 15 4 17 5 18  6
11 6 7 4 11 2 9 4 1 2 14 4 8 6 12 4 13 2 9 4 1 6 12 4 5 6 7 4 5 2 9 4 13 6 7 4 17 8 18  9
8 6 10 4 1 6 10 4 1 2 9 4 13 2 15 4 5 2 9 4 5 6 10 4 13 6 12 4 8 2 9 4 11 6 10 4 17 11 18  6
8 6 16 4 1 2 9 4 1 6 7 4 13 6 12 4 5 2 15 4 8 2 15 4 13 2 14 4 11 6 12 4 5 6 16 4 17 11 18  9
11 6 7 4 1 6 12 4 8 2 14 4 8 6 7 4 5 6 16 4 13 2 9 4 11 2 14 4 1 2 3 4 13 6 16 4 17 5 18  6
13 6 10 4 1 6 7 4 11 2 14 4 5 6 7 4 8 2 3 4 8 6 10 4 5 2 14 4 11 6 7 4 1 2 14 4 17 13 18  12
5 6 12 4 5 2 14 4 8 6 10 4 1 2 9 4 8 2 3 4 13 6 10 4 11 6 7 4 1 6 16 4 11 2 15 4 17 13 18  12
11 6 7 4 1 6 7 4 1 2 14 4 8 6 7 4 8 2 14 4 13 6 12 4 5 6 12 4 13 2 3 4 5 2 3 4 17 11 18  9
11 2 3 4 5 2 15 4 1 2 3 4 8 6 16 4 1 6 10 4 11 6 10 4 13 6 7 4 5 6 7 4 8 2 14 4 17 13 18  2
11 2 3 4 1 6 7 4 13 2 14 4 5 6 12 4 11 6 16 4 13 6 12 4 5 2 14 4 8 2 9 4 8 6 7 4 17 1 18  6
8 6 10 4 1 6 10 4 11 6 10 4 11 2 9 4 5 2 14 4 13 2 14 4 13 6 7 4 5 6 7 4 1 2 9 4 17 8 18  6
13 2 9 4 8 2 3 4 13 6 7 4 5 6 12 4 1 6 10 4 1 2 15 4 5 2 14 4 8 6 16 4 11 6 10 4 17 11 18  2
13 6 7 4 8 2 14 4 5 6 12 4 5 2 9 4 11 6 7 4 8 6 7 4 13 2 14 4 1 2 9 4 1 6 12 4 17 11 18  9
11 6 10 4 11 2 15 4 1 2 14 4 5 6 7 4 8 2 14 4 1 6 12 4 8 6 12 4 13 6 10 4 5 2 3 4 17 13 18  2
8 6 7 4 13 2 3 4 11 6 7 4 1 6 7 4 5 6 7 4 13 6 7 4 11 2 3 4 1 2 3 4 8 2 3 4 17 5 18  12
11 6 10 4 1 6 10 4 13 2 15 4 8 6 7 4 13 6 7 4 5 6 7 4 8 2 15 4 5 2 15 4 1 2 3 4 17 11 18  12
1 6 10 4 11 2 15 4 13 6 10 4 11 6 16 4 13 2 9 4 5 2 9 4 5 6 10 4 8 2 9 4 8 6 10 4 17 1 18  6
13 6 7 4 8 2 3 4 8 6 10 4 13 2 15 4 1 2 14 4 1 6 16 4 5 6 10 4 11 6 16 4 5 2 3 4 17 11 18  9
5 2 15 4 8 2 3 4 13 6 12 4 1 6 7 4 8 6 7 4 5 6 12 4 11 2 9 4 11 6 10 4 13 2 15 4 17 1 18  12
8 6 10 4 5 2 9 4 13 6 12 4 8 2 15 4 1 2 14 4 5 6 12 4 11 6 16 4 1 6 16 4 11 2 14 4 17 13 18  6
8 2 14 4 1 6 10 4 13 6 7 4 1 2 14 4 8 6 10 4 5 6 10 4 11 6 10 4 5 2 14 4 13 2 15 4 17 11 18  9
11 2 9 4 5 2 3 4 13 2 15 4 11 6 10 4 5 6 7 4 8 6 16 4 1 2 14 4 13 6 12 4 1 6 16 4 17 8 18  9
8 6 12 4 13 6 10 4 11 2 3 4 13 2 3 4 5 6 10 4 1 2 15 4 1 6 16 4 11 6 10 4 8 2 9 4 17 5 18  12
8 6 12 4 1 2 15 4 13 6 16 4 1 6 7 4 11 2 3 4 5 6 16 4 8 2 14 4 11 6 16 4 13 2 3 4 17 5 18  12
13 6 12 4 11 6 12 4 11 2 15 4 5 6 7 4 1 6 16 4 13 2 15 4 8 6 7 4 5 2 3 4 1 2 14 4 17 8 18  12
8 6 10 4 5 2 15 4 5 6 16 4 11 2 9 4 13 2 9 4 8 2 3 4 1 6 10 4 13 6 12 4 11 6 12 4 17 1 18  12
8 2 3 4 5 2 9 4 5 6 7 4 1 2 15 4 11 6 12 4 1 6 12 4 13 2 9 4 8 6 10 4 13 6 7 4 17 11 18  2
1 6 7 4 5 6 7 4 5 2 9 4 11 6 10 4 8 6 16 4 13 6 7 4 11 2 14 4 1 2 9 4 8 2 3 4 17 13 18  6
11 6 16 4 8 6 7 4 13 6 7 4 11 2 15 4 13 2 9 4 5 6 7 4 1 2 15 4 5 2 9 4 1 6 16 4 17 8 18  6
13 2 14 4 8 2 14 4 1 2 15 4 5 6 12 4 8 6 10 4 11 6 10 4 1 6 12 4 13 6 10 4 11 2 14 4 17 5 18  2
1 6 7 4 1 2 15 4 11 2 9 4 13 2 3 4 5 2 3 4 8 6 7 4 5 6 12 4 13 6 12 4 11 6 10 4 17 8 18  2
1 6 12 4 1 2 9 4 5 6 10 4 13 6 7 4 11 6 7 4 8 6 10 4 13 2 15 4 8 2 3 4 5 2 3 4 17 11 18  2
5 6 12 4 8 6 12 4 1 6 10 4 13 2 14 4 11 6 12 4 13 6 16 4 11 2 9 4 1 2 15 4 5 2 9 4 17 8 18  6
5 6 16 4 8 6 16 4 5 2 9 4 1 6 16 4 1 2 9 4 13 6 7 4 13 2 14 4 11 6 16 4 11 2 9 4 17 8 18  6
13 2 15 4 1 6 7 4 5 6 16 4 13 6 16 4 11 6 16 4 8 2 3 4 5 2 15 4 1 2 3 4 8 6 7 4 17 11 18  2
11 6 12 4 1 2 14 4 5 6 10 4 11 2 15 4 1 6 10 4 8 6 7 4 13 2 3 4 13 6 7 4 8 2 3 4 17 5 18  9
1 2 14 4 11 6 16 4 13 2 15 4 5 6 12 4 11 2 9 4 8 6 12 4 5 2 14 4 1 6 12 4 13 6 10 4 17 8 18  9
1 6 12 4 8 2 3 4 1 2 14 4 5 2 14 4 13 2 9 4 11 6 10 4 13 6 16 4 5 6 12 4 8 6 10 4 17 11 18  12
11 6 10 4 1 2 3 4 1 6 12 4 8 6 12 4 11 2 9 4 13 2 15 4 5 6 16 4 8 2 3 4 13 6 16 4 17 5 18  2
5 6 7 4 8 6 10 4 11 6 10 4 11 2 15 4 8 2 15 4 13 2 9 4 1 6 7 4 13 6 16 4 1 2 3 4 17 5 18  12
13 2 9 4 1 6 12 4 11 2 15 4 8 6 10 4 11 6 12 4 8 2 9 4 5 2 15 4 5 6 12 4 13 6 10 4 17 1 18  2
5 2 14 4 8 6 12 4 1 6 16 4 8 2 3 4 13 2 14 4 13 6 10 4 1 2 9 4 11 6 12 4 5 6 10 4 17 11 18  12
8 2 3 4 5 6 16 4 8 6 10 4 11 6 12 4 13 6 7 4 13 2 15 4 5 2 9 4 1 6 12 4 1 2 14 4 17 11 18  9
13 2 9 4 13 6 16 4 5 6 7 4 1 6 12 4 8 2 9 4 1 2 15 4 5 2 3 4 11 6 16 4 8 6 16 4 17 11 18  6
11 2 9 4 5 6 10 4 13 2 9 4 1 6 7 4 13 6 7 4 1 2 9 4 8 6 10 4 11 6 7 4 5 2 3 4 17 8 18  12
8 6 7 4 11 6 16 4 13 6 12 4 5 6 10 4 1 6 12 4 5 2 9 4 1 2 3 4 11 2 14 4 8 2 15 4 17 13 18  12
5 6 12 4 5 2 3 4 1 6 12 4 8 6 12 4 11 6 7 4 13 2 9 4 8 2 3 4 11 2 15 4 13 6 16 4 17 1 18  12
13 6 10 4 13 2 15 4 1 6 7 4 8 2 15 4 11 6 12 4 11 2 9 4 5 2 3 4 8 6 10 4 5 6 7 4 17 1 18  12
1 2 14 4 13 2 15 4 8 6 12 4 1 6 16 4 11 2 9 4 11 6 12 4 8 2 9 4 13 6 10 4 5 6 16 4 17 5 18  9
11 2 15 4 1 6 12 4 5 6 16 4 8 2 15 4 8 6 7 4 13 2 3 4 13 6 16 4 11 6 7 4 1 2 9 4 17 5 18  12
11 6 10 4 5 2 9 4 13 6 12 4 8 2 9 4 1 2 14 4 11 2 15 4 8 6 16 4 5 6 16 4 1 6 12 4 17 13 18  9
11 2 14 4 13 6 12 4 1 6 12 4 8 6 12 4 1 2 14 4 5 6 16 4 11 6 12 4 5 2 3 4 13 2 14 4 17 8 18  9
5 2 9 4 11 6 7 4 13 6 12 4 1 2 14 4 13 2 14 4 5 6 7 4 8 2 3 4 8 6 16 4 1 6 12 4 17 11 18  6
8 6 7 4 8 2 9 4 13 2 9 4 5 6 7 4 11 2 14 4 1 6 7 4 11 6 10 4 13 6 7 4 5 2 9 4 17 1 18  6
8 6 12 4 11 6 10 4 13 6 16 4 8 2 15 4 1 2 9 4 13 2 9 4 1 6 16 4 5 6 10 4 5 2 3 4 17 11 18  12
1 2 3 4 13 6 10 4 8 2 14 4 1 6 7 4 11 6 10 4 8 6 16 4 5 6 7 4 5 2 3 4 13 2 15 4 17 11 18  2
11 6 16 4 8 2 15 4 1 6 16 4 5 2 14 4 1 2 15 4 5 6 10 4 13 6 16 4 11 2 15 4 8 6 16 4 17 13 18  2
5 6 16 4 8 6 7 4 1 6 7 4 5 2 14 4 8 2 3 4 11 6 10 4 13 6 10 4 1 2 3 4 11 2 9 4 17 13 18  6
8 6 10 4 11 2 14 4 1 2 3 4 5 2 15 4 8 2 9 4 1 6 16 4 13 6 10 4 5 6 7 4 11 6 12 4 17 13 18  6
5 2 15 4 13 2 3 4 13 6 12 4 1 2 9 4 11 2 9 4 1 6 16 4 8 6 16 4 5 6 10 4 11 6 16 4 17 8 18  6
13 2 15 4 13 6 12 4 8 2 14 4 1 2 14 4 1 6 10 4 11 2 3 4 11 6 16 4 8 6 10 4 5 6 12 4 17 5 18  2
13 6 7 4 5 6 10 4 5 2 3 4 8 2 14 4 1 6 10 4 8 6 7 4 13 2 14 4 11 6 10 4 1 2 3 4 17 11 18  12
11 6 16 4 1 6 12 4 1 2 15 4 13 6 7 4 11 2 3 4 5 6 10 4 13 2 9 4 5 2 14 4 8 6 10 4 17 8 18  9
11 2 15 4 13 2 9 4 1 2 14 4 8 6 10 4 1 6 12 4 5 6 7 4 13 6 7 4 5 2 9 4 11 6 10 4 17 8 18  2
1 2 14 4 5 6 10 4 11 6 12 4 11 2 15 4 13 2 14 4 1 6 16 4 5 2 3 4 8 6 12 4 13 6 16 4 17 8 18  2
11 2 9 4 5 2 9 4 13 2 15 4 1 6 7 4 1 2 9 4 8 6 7 4 5 6 7 4 13 6 10 4 11 6 7 4 17 8 18  6
1 2 15 4 13 6 10 4 8 6 12 4 1 6 7 4 5 2 3 4 8 2 14 4 11 2 15 4 5 6 10 4 11 6 7 4 17 13 18  12
8 2 15 4 13 2 9 4 5 6 10 4 8 6 16 4 1 6 12 4 11 6 16 4 5 2 9 4 1 2 14 4 13 6 10 4 17 11 18  2
13 6 12 4 5 6 16 4 13 2 15 4 1 2 14 4 11 6 7 4 1 6 10 4 8 6 10 4 11 2 3 4 5 2 9 4 17 8 18  9
13 6 12 4 11 6 12 4 1 6 16 4 1 2 9 4 5 6 10 4 11 2 3 4 8 6 7 4 8 2 14 4 5 2 15 4 17 13 18  12
13 6 7 4 11 2 3 4 5 6 16 4 8 6 10 4 5 2 9 4 11 6 7 4 1 6 10 4 1 2 15 4 13 2 3 4 17 8 18  2
11 2 15 4 1 6 12 4 1 2 3 4 5 2 15 4 13 2 14 4 5 6 10 4 13 6 7 4 11 6 10 4 8 6 7 4 17 8 18  9
8 6 12 4 1 2 3 4 11 6 10 4 8 2 14 4 1 6 7 4 13 2 9 4 5 6 10 4 13 6 16 4 5 2 15 4 17 11 18  2
13 6 7 4 1 2 14 4 13 2 14 4 5 6 12 4 11 6 7 4 1 6 7 4 11 2 14 4 5 2 15 4 8 6 7 4 17 8 18  9
1 6 16 4 5 6 7 4 8 2 3 4 13 2 15 4 11 6 16 4 1 2 3 4 8 6 16 4 11 2 3 4 13 6 7 4 17 5 18  2
1 6 7 4 11 2 15 4 13 2 14 4 11 6 7 4 5 6 10 4 8 2 15 4 13 6 10 4 1 2 15 4 8 6 7 4 17 5 18  9
11 2 9 4 11 6 16 4 5 6 16 4 13 6 12 4 13 2 14 4 1 6 16 4 1 2 9 4 5 2 9 4 8 6 12 4 17 8 18  9
5 2 15 4 11 6 10 4 5 6 7 4 8 2 3 4 11 2 14 4 1 6 10 4 1 2 14 4 8 6 12 4 13 6 12 4 17 13 18  12
8 2 15 4 13 6 10 4 13 2 3 4 5 2 3 4 11 6 7 4 1 6 12 4 11 2 14 4 8 6 12 4 5 6 10 4 17 1 18  2
1 6 10 4 11 6 10 4 8 6 7 4 8 2 9 4 13 6 12 4 1 2 15 4 5 6 12 4 5 2 3 4 11 2 15 4 17 13 18  12
8 6 12 4 8 2 14 4 1 2 15 4 11 2 15 4 11 6 16 4 13 6 16 4 5 6 12 4 13 2 15 4 1 6 16 4 17 5 18  9
5 6 12 4 13 2 14 4 1 6 12 4 13 6 12 4 8 6 7 4 11 6 7 4 5 2 14 4 11 2 15 4 1 2 14 4 17 8 18  2
5 6 10 4 1 2 14 4 8 6 7 4 13 2 9 4 11 2 15 4 1 6 10 4 11 6 16 4 13 6 12 4 8 2 3 4 17 5 18  9
8 6 10 4 13 6 7 4 5 6 7 4 1 6 7 4 11 6 7 4 11 2 14 4 1 2 14 4 8 2 15 4 13 2 14 4 17 5 18  9
8 2 14 4 13 6 10 4 13 2 9 4 5 6 12 4 1 6 12 4 11 6 12 4 8 6 12 4 11 2 14 4 5 2 14 4 17 1 18  9
13 6 10 4 13 2 9 4 8 2 14 4 5 6 7 4 8 6 7 4 11 2 14 4 11 6 7 4 5 2 14 4 1 6 7 4 17 1 18  9
5 2 15 4 11 6 10 4 13 2 15 4 1 2 3 4 5 6 16 4 13 6 16 4 11 2 9 4 1 6 7 4 8 6 10 4 17 8 18  6
11 6 16 4 8 2 14 4 5 6 16 4 13 6 10 4 11 2 14 4 8 6 16 4 1 2 14 4 13 2 9 4 1 6 16 4 17 5 18  9
13 6 16 4 8 6 10 4 13 2 15 4 1 6 16 4 1 2 15 4 5 6 10 4 11 2 15 4 5 2 9 4 11 6 16 4 17 8 18  6
1 6 16 4 13 2 9 4 13 6 12 4 8 6 12 4 5 2 14 4 11 2 14 4 11 6 16 4 8 2 9 4 5 6 16 4 17 1 18  9
1 2 9 4 5 6 12 4 11 2 9 4 8 2 3 4 8 6 10 4 13 6 12 4 11 6 16 4 1 6 16 4 5 2 15 4 17 13 18  2
13 6 16 4 1 6 7 4 11 2 3 4 8 6 12 4 13 2 14 4 1 2 3 4 11 6 7 4 8 2 15 4 5 6 16 4 17 5 18  9
13 6 12 4 5 6 10 4 1 6 7 4 8 2 14 4 1 2 3 4 11 6 7 4 13 2 15 4 5 2 14 4 8 6 10 4 17 11 18  12
5 2 15 4 11 6 12 4 13 2 14 4 5 6 12 4 11 2 15 4 8 6 10 4 1 6 7 4 13 6 7 4 8 2 9 4 17 1 18  9
8 6 16 4 11 6 10 4 5 6 16 4 1 6 12 4 11 2 3 4 13 2 14 4 1 2 14 4 13 6 12 4 5 2 15 4 17 8 18  2
8 2 9 4 1 6 10 4 8 6 10 4 13 6 10 4 11 2 3 4 5 6 12 4 13 2 9 4 11 6 7 4 5 2 15 4 17 1 18  6
8 6 10 4 11 6 10 4 5 2 14 4 1 6 10 4 8 2 9 4 11 2 9 4 5 6 12 4 13 2 3 4 13 6 7 4 17 1 18  6
1 6 16 4 13 6 7 4 8 6 10 4 8 2 9 4 11 6 7 4 5 6 7 4 1 2 3 4 13 2 14 4 5 2 14 4 17 11 18  9
8 2 14 4 13 6 16 4 1 6 10 4 8 6 10 4 5 6 10 4 1 2 14 4 11 6 10 4 5 2 14 4 13 2 15 4 17 11 18  9
11 2 3 4 11 6 10 4 13 2 9 4 1 2 3 4 8 2 15 4 5 6 16 4 8 6 12 4 13 6 16 4 1 6 10 4 17 5 18  6
13 2 3 4 5 2 3 4 5 6 10 4 1 2 15 4 1 6 12 4 13 6 10 4 11 2 15 4 8 6 10 4 11 6 12 4 17 8 18  12
8 2 3 4 1 2 14 4 11 2 14 4 1 6 10 4 8 6 12 4 5 6 16 4 13 6 10 4 11 6 10 4 5 2 9 4 17 13 18  9
8 2 3 4 5 6 12 4 1 6 10 4 11 2 3 4 8 6 7 4 13 6 7 4 11 6 7 4 5 2 9 4 1 2 14 4 17 13 18  12
11 6 16 4 8 2 14 4 5 2 14 4 8 6 16 4 11 2 14 4 5 6 16 4 1 6 12 4 1 2 15 4 13 6 12 4 17 13 18  2
8 2 14 4 1 6 10 4 1 2 15 4 5 2 14 4 5 6 16 4 11 6 12 4 8 6 16 4 11 2 3 4 13 6 10 4 17 13 18  2
11 2 9 4 5 6 16 4 13 2 3 4 8 6 7 4 1 6 12 4 13 6 7 4 5 2 14 4 8 2 3 4 11 6 12 4 17 1 18  6
1 6 7 4 11 6 10 4 13 6 12 4 11 2 9 4 8 6 10 4 8 2 9 4 5 2 14 4 5 6 7 4 13 2 15 4 17 1 18  9
1 2 9 4 1 6 10 4 5 2 3 4 8 6 10 4 13 6 16 4 8 2 9 4 5 6 16 4 13 2 3 4 11 6 10 4 17 11 18  6
11 2 15 4 1 2 9 4 8 6 10 4 1 6 16 4 5 6 16 4 13 2 15 4 13 6 7 4 8 2 14 4 11 6 7 4 17 5 18  6
11 2 15 4 13 2 9 4 11 6 12 4 1 2 15 4 5 2 15 4 1 6 12 4 13 6 7 4 8 6 12 4 5 6 12 4 17 8 18  2
13 6 16 4 11 2 9 4 5 6 16 4 8 2 14 4 5 2 9 4 1 2 3 4 1 6 7 4 11 6 16 4 8 6 10 4 17 13 18  6
13 6 7 4 1 2 3 4 1 6 7 4 13 2 3 4 5 2 14 4 5 6 10 4 11 2 9 4 11 6 12 4 8 6 7 4 17 8 18  12
13 6 7 4 1 2 15 4 11 2 9 4 8 6 16 4 13 2 9 4 11 6 7 4 1 6 12 4 5 6 7 4 8 2 3 4 17 5 18  6
11 2 3 4 13 6 12 4 13 2 9 4 5 6 12 4 8 6 12 4 11 6 7 4 1 6 7 4 5 2 9 4 8 2 9 4 17 1 18  12
8 6 10 4 13 2 15 4 13 6 16 4 5 6 10 4 1 2 9 4 11 6 10 4 5 2 3 4 8 2 3 4 1 6 7 4 17 11 18  12
5 6 12 4 8 2 9 4 1 6 12 4 1 2 9 4 5 2 9 4 13 6 7 4 13 2 15 4 8 6 12 4 11 6 12 4 17 11 18  6
1 6 7 4 13 6 7 4 5 2 15 4 8 6 16 4 8 2 9 4 5 6 12 4 13 2 14 4 1 2 14 4 11 6 12 4 17 11 18  2
5 6 10 4 11 6 7 4 1 6 7 4 13 2 14 4 13 6 7 4 1 2 14 4 8 2 3 4 5 2 3 4 8 6 10 4 17 11 18  9
1 2 3 4 11 6 16 4 8 2 15 4 13 2 9 4 5 2 9 4 8 6 10 4 13 6 16 4 5 6 16 4 1 6 7 4 17 11 18  6
5 6 10 4 8 2 14 4 11 6 7 4 1 2 14 4 13 2 3 4 1 6 16 4 5 2 9 4 13 6 7 4 8 6 16 4 17 11 18  12
1 6 7 4 11 2 14 4 11 6 12 4 5 2 15 4 1 2 15 4 13 6 12 4 13 2 14 4 8 6 12 4 5 6 7 4 17 8 18  9
1 6 16 4 8 6 7 4 1 2 3 4 13 6 16 4 11 2 3 4 11 6 16 4 5 6 16 4 13 2 3 4 8 2 9 4 17 5 18  12
13 2 9 4 13 6 12 4 1 6 16 4 8 6 12 4 11 6 10 4 5 6 10 4 11 2 14 4 1 2 3 4 5 2 14 4 17 8 18  6
11 6 10 4 1 6 12 4 5 6 7 4 13 6 7 4 8 2 15 4 1 2 15 4 13 2 9 4 11 2 3 4 8 6 12 4 17 5 18  6
5 2 14 4 1 2 14 4 13 2 9 4 11 6 10 4 5 6 10 4 13 6 7 4 1 6 10 4 8 2 15 4 8 6 16 4 17 11 18  9
5 6 7 4 1 6 16 4 8 2 9 4 13 2 14 4 8 6 7 4 11 6 12 4 13 6 12 4 5 2 9 4 1 2 15 4 17 11 18  9
8 6 7 4 8 2 15 4 13 6 7 4 11 2 15 4 5 2 14 4 13 2 15 4 1 6 7 4 11 6 7 4 5 6 12 4 17 1 18  2
5 6 16 4 11 2 9 4 13 6 16 4 1 6 12 4 13 2 9 4 1 2 15 4 8 6 12 4 11 6 16 4 5 2 9 4 17 8 18  2
8 6 16 4 11 2 3 4 13 2 15 4 5 6 16 4 1 2 15 4 13 6 10 4 11 6 7 4 5 2 14 4 1 6 10 4 17 8 18  9
5 6 12 4 8 2 3 4 11 6 12 4 13 6 10 4 1 6 12 4 1 2 14 4 8 6 10 4 13 2 3 4 11 2 14 4 17 5 18  9
5 2 9 4 5 6 16 4 1 2 3 4 1 6 7 4 13 2 15 4 8 6 12 4 13 6 10 4 8 2 14 4 11 6 7 4 17 11 18  12
1 6 12 4 13 6 10 4 13 2 15 4 5 6 12 4 11 6 16 4 8 2 3 4 8 6 7 4 11 2 14 4 1 2 9 4 17 5 18  6
8 6 16 4 1 6 16 4 11 6 16 4 5 2 3 4 13 6 7 4 1 2 3 4 13 2 15 4 11 2 3 4 5 6 16 4 17 8 18  12
5 6 16 4 5 2 15 4 11 6 7 4 13 6 7 4 13 2 3 4 1 6 7 4 8 2 9 4 11 2 3 4 8 6 10 4 17 1 18  12
5 6 16 4 13 2 9 4 8 6 10 4 5 2 15 4 8 2 14 4 11 2 3 4 11 6 12 4 13 6 7 4 1 6 12 4 17 1 18  12
8 6 7 4 13 6 12 4 1 6 7 4 1 2 15 4 11 6 12 4 5 6 16 4 13 2 3 4 11 2 3 4 5 2 9 4 17 8 18  2
5 6 16 4 8 2 3 4 1 6 10 4 8 6 10 4 5 2 9 4 11 6 16 4 1 2 3 4 13 2 3 4 13 6 10 4 17 11 18  6
5 2 14 4 8 6 16 4 11 2 9 4 1 6 10 4 1 2 9 4 8 2 3 4 11 6 10 4 5 6 7 4 13 6 7 4 17 13 18  9
13 6 16 4 11 6 10 4 1 6 16 4 5 2 9 4 8 6 7 4 11 2 3 4 13 2 14 4 5 6 7 4 8 2 9 4 17 1 18  9
1 2 15 4 13 6 16 4 5 6 10 4 8 2 3 4 13 2 3 4 8 6 16 4 11 2 3 4 1 6 10 4 11 6 16 4 17 5 18  2
8 2 3 4 11 6 16 4 1 6 16 4 1 2 3 4 8 6 16 4 5 2 15 4 11 2 3 4 13 6 12 4 5 6 12 4 17 13 18  2
8 6 7 4 8 2 15 4 11 2 14 4 11 6 10 4 1 6 7 4 13 6 10 4 5 2 3 4 5 6 16 4 1 2 15 4 17 13 18  9
1 2 14 4 13 6 12 4 8 2 14 4 11 6 12 4 13 2 14 4 5 6 16 4 8 6 12 4 5 2 3 4 1 6 12 4 17 11 18  9
5 6 16 4 1 2 9 4 5 2 15 4 8 6 16 4 1 6 12 4 8 2 15 4 13 2 9 4 13 6 12 4 11 6 16 4 17 11 18  2
8 2 15 4 5 2 15 4 13 6 7 4 11 2 15 4 1 6 7 4 11 6 16 4 8 6 16 4 5 6 16 4 13 2 3 4 17 1 18  12
13 6 10 4 5 6 16 4 1 2 15 4 8 2 15 4 11 2 3 4 11 6 12 4 1 6 16 4 13 2 14 4 8 6 16 4 17 5 18  2
8 6 7 4 1 6 10 4 5 2 3 4 5 6 10 4 13 6 10 4 13 2 3 4 1 2 3 4 11 2 9 4 11 6 7 4 17 8 18  6
5 2 3 4 11 6 12 4 11 2 15 4 8 2 3 4 5 6 10 4 8 6 10 4 1 6 12 4 13 6 7 4 13 2 9 4 17 1 18  2
5 2 9 4 13 6 7 4 1 6 7 4 5 6 10 4 8 2 3 4 13 2 14 4 11 6 7 4 11 2 14 4 8 6 16 4 17 1 18  9
8 2 15 4 8 6 12 4 13 2 15 4 11 2 9 4 13 6 12 4 11 6 10 4 1 2 14 4 1 6 16 4 5 6 16 4 17 5 18  9
13 6 16 4 8 6 16 4 13 2 9 4 11 6 16 4 5 6 12 4 11 2 9 4 5 2 15 4 1 2 15 4 1 6 12 4 17 8 18  6
11 2 14 4 13 2 15 4 8 2 15 4 5 2 14 4 13 6 12 4 8 6 12 4 11 6 16 4 1 6 12 4 5 6 16 4 17 1 18  2
1 6 12 4 8 2 14 4 11 6 16 4 13 2 9 4 11 2 15 4 1 2 9 4 13 6 12 4 5 6 10 4 8 6 10 4 17 5 18  9
8 2 3 4 5 2 3 4 1 6 16 4 1 2 3 4 13 6 16 4 8 6 16 4 13 2 3 4 5 6 16 4 11 6 16 4 17 11 18  12
11 6 12 4 11 2 9 4 1 6 12 4 13 2 9 4 13 6 12 4 8 6 16 4 1 2 9 4 5 2 3 4 5 6 16 4 17 8 18  12
13 2 9 4 11 2 9 4 5 6 12 4 11 6 12 4 1 2 3 4 8 6 7 4 1 6 16 4 8 2 14 4 13 6 12 4 17 5 18  6
8 6 7 4 11 6 7 4 1 6 10 4 8 2 14 4 5 6 16 4 13 6 16 4 11 2 14 4 5 2 3 4 1 2 15 4 17 13 18  12
1 2 15 4 11 6 16 4 5 6 7 4 8 6 12 4 13 6 7 4 1 6 7 4 8 2 9 4 5 2 15 4 11 2 14 4 17 13 18  2
5 6 12 4 8 6 12 4 11 6 10 4 13 6 10 4 1 2 3 4 8 2 15 4 13 2 9 4 5 2 15 4 1 6 16 4 17 11 18  6
1 6 7 4 13 2 9 4 5 6 16 4 11 6 7 4 13 6 7 4 8 6 7 4 1 2 9 4 11 2 9 4 5 2 3 4 17 8 18  6
1 6 7 4 11 6 16 4 5 6 16 4 8 6 16 4 11 2 3 4 1 2 14 4 13 6 7 4 8 2 3 4 5 2 3 4 17 13 18  9
11 2 3 4 5 6 7 4 8 6 10 4 11 6 12 4 1 6 7 4 1 2 14 4 8 2 15 4 13 2 3 4 13 6 12 4 17 5 18  9
8 6 16 4 13 2 14 4 5 2 9 4 13 6 16 4 11 6 16 4 1 2 9 4 1 6 12 4 5 6 12 4 11 2 14 4 17 8 18  9
11 6 10 4 8 6 7 4 1 2 14 4 5 2 9 4 8 2 3 4 5 6 12 4 11 2 14 4 1 6 10 4 13 6 12 4 17 13 18  6
13 6 12 4 8 6 16 4 13 2 3 4 1 6 12 4 8 2 9 4 11 6 12 4 5 2 3 4 5 6 12 4 11 2 3 4 17 1 18  12
11 6 7 4 1 2 14 4 1 6 16 4 11 2 3 4 13 6 12 4 5 6 10 4 13 2 15 4 8 6 16 4 5 2 9 4 17 8 18  9
5 2 14 4 5 6 16 4 1 2 14 4 13 6 12 4 13 2 3 4 8 2 3 4 11 6 16 4 8 6 12 4 1 6 16 4 17 11 18  9
11 6 12 4 11 2 15 4 5 2 9 4 8 2 3 4 13 6 16 4 5 6 10 4 8 6 16 4 1 6 16 4 1 2 3 4 17 13 18  12
1 6 7 4 11 6 12 4 8 2 14 4 13 6 10 4 13 2 15 4 5 2 9 4 8 6 12 4 1 2 3 4 5 6 16 4 17 11 18  9
8 2 15 4 1 2 14 4 5 6 12 4 1 6 12 4 11 2 14 4 8 6 7 4 13 2 9 4 11 6 12 4 13 6 10 4 17 5 18  9
5 6 10 4 8 6 16 4 5 2 14 4 8 2 9 4 13 6 10 4 11 6 10 4 1 6 7 4 11 2 14 4 1 2 15 4 17 13 18  9
11 6 10 4 8 6 12 4 8 2 14 4 13 2 15 4 5 6 10 4 1 6 7 4 13 6 10 4 1 2 3 4 11 2 15 4 17 5 18  2
1 6 7 4 5 2 3 4 8 2 15 4 13 2 3 4 11 6 16 4 13 6 12 4 11 2 14 4 5 6 12 4 8 6 7 4 17 1 18  2
5 2 9 4 1 6 16 4 8 2 15 4 8 6 16 4 11 2 14 4 5 6 12 4 13 6 10 4 11 6 7 4 13 2 3 4 17 1 18  2
8 6 16 4 13 2 9 4 5 2 14 4 1 2 3 4 1 6 7 4 13 6 10 4 11 6 16 4 5 6 12 4 8 2 15 4 17 11 18  2
13 2 3 4 13 6 16 4 5 2 15 4 5 6 7 4 11 2 15 4 1 6 16 4 8 6 7 4 1 2 3 4 11 6 7 4 17 8 18  2
13 6 7 4 5 6 16 4 8 2 15 4 5 2 3 4 8 6 7 4 11 2 14 4 1 6 7 4 13 2 15 4 11 6 10 4 17 1 18  2
1 6 10 4 5 6 12 4 13 6 12 4 11 6 10 4 8 2 3 4 11 2 9 4 13 2 3 4 8 6 12 4 1 2 9 4 17 5 18  12
8 6 10 4 5 2 3 4 13 6 12 4 1 6 10 4 1 2 15 4 11 2 9 4 8 2 15 4 11 6 16 4 5 6 12 4 17 13 18  12
11 6 7 4 13 6 10 4 8 2 9 4 5 2 15 4 8 6 16 4 1 6 10 4 13 2 14 4 5 6 7 4 11 2 15 4 17 1 18  9
5 6 12 4 8 6 10 4 5 2 15 4 1 2 9 4 13 2 15 4 13 6 12 4 11 6 10 4 1 6 10 4 8 2 9 4 17 11 18  6
5 2 9 4 13 2 9 4 8 6 10 4 11 2 3 4 13 6 10 4 1 6 7 4 11 6 7 4 5 6 10 4 8 2 9 4 17 1 18  12
13 2 14 4 8 2 3 4 11 2 9 4 11 6 12 4 5 6 10 4 1 2 15 4 8 6 10 4 13 6 16 4 1 6 7 4 17 5 18  12
1 6 12 4 8 6 10 4 11 6 12 4 13 6 10 4 5 6 7 4 11 2 9 4 13 2 15 4 5 2 14 4 1 2 9 4 17 8 18  2
11 6 7 4 1 6 16 4 13 2 9 4 5 2 3 4 8 6 16 4 13 6 16 4 5 6 12 4 11 2 14 4 1 2 9 4 17 8 18  6
11 6 16 4 8 2 9 4 13 2 14 4 13 6 7 4 5 2 15 4 11 2 15 4 5 6 16 4 8 6 12 4 1 6 12 4 17 1 18  6
11 6 10 4 8 6 7 4 5 6 16 4 13 6 12 4 1 6 12 4 11 2 3 4 13 2 14 4 5 2 9 4 8 2 15 4 17 1 18  9
11 2 9 4 13 6 12 4 5 6 7 4 11 6 12 4 8 6 7 4 1 6 7 4 1 2 15 4 13 2 9 4 5 2 15 4 17 8 18  2
8 6 10 4 1 6 10 4 13 6 16 4 5 2 15 4 5 6 16 4 11 6 10 4 8 2 14 4 1 2 14 4 13 2 15 4 17 11 18  9
5 2 9 4 13 6 10 4 13 2 15 4 1 6 10 4 5 6 7 4 11 6 16 4 11 2 3 4 8 2 3 4 8 6 16 4 17 1 18  2
5 2 9 4 1 6 16 4 8 6 10 4 5 6 16 4 13 6 16 4 11 2 9 4 11 6 16 4 8 2 14 4 1 2 9 4 17 13 18  6
1 6 16 4 11 6 16 4 5 6 16 4 5 2 15 4 8 6 10 4 13 2 14 4 13 6 12 4 1 2 15 4 8 2 3 4 17 11 18  2
13 2 9 4 8 2 15 4 13 6 10 4 1 6 7 4 5 6 7 4 8 6 16 4 11 6 10 4 11 2 9 4 1 2 3 4 17 5 18  12
13 6 10 4 8 6 12 4 11 6 10 4 1 2 9 4 11 2 9 4 5 6 12 4 1 6 10 4 13 2 9 4 5 2 3 4 17 8 18  12
11 6 16 4 8 2 14 4 1 6 10 4 13 6 10 4 11 2 3 4 5 6 7 4 1 2 9 4 5 2 14 4 8 6 7 4 17 13 18  6
5 2 15 4 11 6 12 4 1 6 16 4 8 2 9 4 5 6 7 4 8 6 12 4 11 2 9 4 1 2 3 4 13 6 7 4 17 13 18  2
11 2 15 4 1 6 10 4 8 2 9 4 11 6 16 4 8 6 12 4 1 2 14 4 13 2 14 4 5 6 16 4 13 6 10 4 17 5 18  2
13 6 12 4 5 6 16 4 13 2 14 4 1 6 16 4 8 2 9 4 11 6 16 4 1 2 9 4 8 6 16 4 11 2 9 4 17 5 18  6
8 6 16 4 13 6 16 4 13 2 14 4 5 6 12 4 1 6 16 4 1 2 14 4 8 2 14 4 11 6 12 4 11 2 9 4 17 5 18  6
8 6 10 4 8 2 14 4 1 6 7 4 11 6 10 4 13 6 7 4 5 6 16 4 11 2 14 4 1 2 3 4 5 2 9 4 17 13 18  12
11 6 12 4 1 2 15 4 5 6 10 4 1 6 10 4 13 6 12 4 5 2 15 4 8 6 12 4 8 2 3 4 11 2 3 4 17 13 18  12
8 2 15 4 13 6 10 4 8 6 10 4 5 6 7 4 11 6 7 4 5 2 3 4 1 2 14 4 11 2 3 4 1 6 16 4 17 13 18  2
5 6 7 4 11 6 12 4 8 6 12 4 1 2 15 4 13 6 7 4 13 2 15 4 11 2 9 4 1 6 7 4 5 2 15 4 17 8 18  6
8 2 9 4 13 6 12 4 13 2 14 4 8 6 7 4 11 6 12 4 11 2 14 4 1 6 12 4 5 6 16 4 5 2 15 4 17 1 18  9
8 6 7 4 13 2 14 4 5 2 9 4 1 6 10 4 11 6 7 4 13 6 10 4 11 2 9 4 5 6 7 4 8 2 9 4 17 1 18  9
1 2 3 4 13 6 7 4 11 6 7 4 5 2 3 4 8 2 9 4 8 6 7 4 11 2 9 4 1 6 12 4 5 6 12 4 17 13 18  6
1 2 3 4 8 6 7 4 5 6 16 4 11 2 15 4 11 6 7 4 1 6 12 4 13 6 16 4 13 2 9 4 5 2 9 4 17 8 18  2
8 6 12 4 13 2 14 4 11 6 7 4 5 6 10 4 11 2 3 4 8 2 9 4 5 2 15 4 13 6 16 4 1 6 12 4 17 1 18  6
11 6 12 4 1 6 12 4 8 6 12 4 11 2 15 4 5 6 10 4 1 2 15 4 8 2 15 4 13 6 10 4 13 2 9 4 17 5 18  6
13 6 16 4 5 2 9 4 1 6 16 4 8 6 7 4 5 6 16 4 8 2 14 4 11 6 7 4 13 2 9 4 11 2 14 4 17 1 18  6
13 2 9 4 11 2 9 4 5 6 12 4 11 6 7 4 1 6 12 4 1 2 3 4 13 6 7 4 8 6 12 4 5 2 3 4 17 8 18  12
5 2 3 4 13 6 12 4 13 2 14 4 8 6 7 4 11 6 16 4 11 2 9 4 1 6 12 4 5 6 7 4 1 2 14 4 17 8 18  12
1 2 14 4 13 6 10 4 5 6 10 4 5 2 9 4 1 6 16 4 8 2 3 4 13 2 9 4 8 6 7 4 11 6 16 4 17 11 18  9
8 6 10 4 1 2 3 4 8 2 14 4 5 2 15 4 13 6 10 4 11 2 15 4 11 6 12 4 5 6 12 4 1 6 7 4 17 13 18  9
13 6 16 4 8 2 3 4 1 6 10 4 13 2 9 4 1 2 15 4 5 6 16 4 5 2 9 4 11 6 16 4 8 6 7 4 17 11 18  6
1 6 10 4 13 6 16 4 5 6 12 4 5 2 9 4 8 2 15 4 11 6 10 4 13 2 15 4 8 6 16 4 11 2 3 4 17 1 18  12
8 6 10 4 8 2 9 4 11 6 12 4 1 6 12 4 1 2 14 4 5 2 3 4 5 6 7 4 11 2 14 4 13 6 10 4 17 13 18  6
8 6 16 4 1 2 9 4 13 6 16 4 1 6 7 4 11 6 10 4 8 2 14 4 5 6 16 4 11 2 3 4 13 2 14 4 17 5 18  9
13 6 12 4 8 2 9 4 8 6 12 4 13 2 9 4 11 2 15 4 1 6 12 4 11 6 16 4 5 6 12 4 1 2 9 4 17 5 18  6
1 6 7 4 13 6 10 4 11 6 10 4 11 2 9 4 5 2 14 4 5 6 12 4 13 2 9 4 1 2 3 4 8 6 7 4 17 8 18  12
13 6 12 4 5 2 15 4 1 6 7 4 11 2 15 4 8 2 14 4 5 6 7 4 13 2 3 4 8 6 10 4 11 6 7 4 17 1 18  2
8 2 3 4 1 6 7 4 1 2 3 4 5 6 7 4 11 6 12 4 8 6 7 4 11 2 15 4 13 6 10 4 13 2 9 4 17 5 18  12
5 6 7 4 11 6 7 4 13 2 3 4 1 2 14 4 8 2 14 4 1 6 7 4 13 6 10 4 8 6 7 4 5 2 14 4 17 11 18  9
5 6 7 4 11 6 7 4 1 6 10 4 8 2 3 4 13 2 15 4 1 2 9 4 13 6 12 4 5 2 3 4 8 6 7 4 17 11 18  12
11 2 3 4 1 2 15 4 1 6 12 4 5 6 10 4 8 6 10 4 13 2 3 4 11 6 16 4 5 2 9 4 13 6 16 4 17 8 18  6
13 6 10 4 11 6 16 4 1 6 7 4 8 6 10 4 13 2 9 4 1 2 15 4 8 2 9 4 11 2 14 4 5 6 10 4 17 5 18  6
5 6 16 4 13 2 9 4 8 6 12 4 11 6 7 4 11 2 15 4 13 6 12 4 5 2 3 4 1 6 12 4 8 2 9 4 17 1 18  6
13 6 7 4 11 6 10 4 1 6 10 4 8 2 3 4 8 6 16 4 11 2 9 4 5 6 10 4 5 2 9 4 13 2 14 4 17 1 18  6
11 6 7 4 13 6 16 4 5 6 10 4 1 6 16 4 8 2 3 4 11 2 9 4 1 2 3 4 5 2 15 4 8 6 16 4 17 13 18  12
11 2 14 4 1 6 10 4 8 2 15 4 13 6 7 4 8 6 16 4 1 2 9 4 5 6 12 4 11 6 12 4 13 2 3 4 17 5 18  9
13 6 16 4 1 6 7 4 13 2 9 4 8 2 9 4 11 6 7 4 5 2 14 4 8 6 16 4 5 6 7 4 11 2 14 4 17 1 18  9
5 2 9 4 1 6 16 4 11 6 16 4 1 2 15 4 13 2 15 4 13 6 16 4 8 6 7 4 8 2 14 4 5 6 12 4 17 11 18  2
1 6 12 4 11 6 16 4 5 6 16 4 8 6 10 4 11 2 15 4 8 2 14 4 1 2 3 4 13 6 16 4 5 2 15 4 17 13 18  2
5 6 10 4 1 6 12 4 11 6 10 4 11 2 9 4 1 2 3 4 8 2 15 4 13 2 3 4 8 6 7 4 13 6 12 4 17 5 18  6
8 6 10 4 1 2 3 4 11 6 12 4 13 6 10 4 1 6 12 4 5 6 12 4 13 2 14 4 5 2 3 4 11 2 3 4 17 8 18  9
1 2 9 4 1 6 10 4 11 6 12 4 13 2 9 4 8 6 7 4 5 6 12 4 13 6 10 4 8 2 3 4 5 2 15 4 17 11 18  2
5 2 3 4 13 6 12 4 1 6 7 4 5 6 7 4 11 6 16 4 11 2 14 4 1 2 3 4 8 2 9 4 8 6 12 4 17 13 18  6
13 2 15 4 5 6 12 4 8 6 7 4 11 6 12 4 8 2 3 4 1 2 14 4 13 6 12 4 1 6 10 4 5 2 15 4 17 11 18  2
13 2 14 4 13 6 16 4 5 2 9 4 1 6 16 4 5 6 10 4 11 6 16 4 8 2 9 4 8 6 10 4 1 2 14 4 17 11 18  9
11 6 10 4 1 6 16 4 8 6 16 4 5 2 9 4 5 6 10 4 13 6 10 4 1 2 3 4 8 2 3 4 13 2 9 4 17 11 18  6
5 6 12 4 11 2 9 4 8 2 15 4 13 6 16 4 11 6 7 4 1 6 16 4 5 2 15 4 1 2 3 4 8 6 12 4 17 13 18  12
11 2 3 4 13 6 7 4 8 2 9 4 11 6 16 4 13 2 14 4 8 6 10 4 5 2 14 4 1 6 16 4 5 6 7 4 17 1 18  12
13 6 10 4 1 2 3 4 8 6 10 4 11 6 12 4 1 6 16 4 5 6 12 4 11 2 14 4 13 2 15 4 8 2 15 4 17 5 18  9
5 2 3 4 11 6 10 4 1 6 7 4 8 2 14 4 5 6 12 4 8 6 10 4 13 2 14 4 13 6 10 4 1 2 15 4 17 11 18  9
13 6 7 4 11 2 3 4 8 6 16 4 13 2 3 4 1 2 14 4 11 6 7 4 5 2 15 4 1 6 12 4 5 6 16 4 17 8 18  2
1 2 9 4 13 2 15 4 8 6 10 4 5 2 15 4 5 6 12 4 1 6 16 4 13 6 12 4 11 6 10 4 11 2 14 4 17 8 18  9
5 2 14 4 11 6 16 4 13 2 15 4 5 6 12 4 13 6 7 4 1 2 3 4 8 6 7 4 1 6 16 4 8 2 15 4 17 11 18  12
8 6 7 4 5 6 16 4 8 2 14 4 1 6 10 4 11 2 9 4 5 2 9 4 11 6 16 4 13 6 7 4 1 2 15 4 17 13 18  9
11 6 7 4 13 6 16 4 8 2 15 4 5 2 9 4 5 6 16 4 1 2 9 4 1 6 16 4 8 6 7 4 13 2 9 4 17 11 18  2
13 6 10 4 5 2 15 4 13 2 3 4 8 6 7 4 8 2 9 4 1 2 15 4 1 6 16 4 5 6 16 4 11 6 16 4 17 11 18  2
11 6 12 4 5 6 16 4 8 6 7 4 5 2 15 4 13 2 15 4 11 2 9 4 1 6 16 4 13 6 16 4 8 2 3 4 17 1 18  2
5 6 12 4 1 6 10 4 8 6 12 4 5 2 9 4 1 2 15 4 8 2 9 4 13 6 7 4 11 6 7 4 13 2 14 4 17 11 18  9
1 6 16 4 13 6 16 4 13 2 3 4 11 6 10 4 11 2 15 4 5 6 16 4 8 6 10 4 5 2 3 4 8 2 15 4 17 1 18  12
13 6 16 4 13 2 9 4 8 6 10 4 11 2 9 4 8 2 14 4 5 6 16 4 1 6 16 4 11 6 16 4 5 2 9 4 17 1 18  6
5 6 12 4 11 2 3 4 5 2 9 4 11 6 16 4 13 6 12 4 13 2 9 4 1 6 10 4 8 6 16 4 1 2 15 4 17 8 18  12
8 6 10 4 8 2 3 4 1 6 10 4 13 2 15 4 11 6 7 4 5 6 7 4 11 2 14 4 13 6 16 4 1 2 3 4 17 5 18  9
11 2 15 4 11 6 16 4 8 2 3 4 5 6 12 4 8 6 10 4 1 2 14 4 13 6 16 4 1 6 12 4 13 2 15 4 17 5 18  9
1 2 9 4 13 2 9 4 13 6 12 4 8 6 7 4 1 6 12 4 11 2 9 4 8 2 14 4 5 6 12 4 11 6 12 4 17 5 18  6
13 2 9 4 13 6 12 4 1 2 9 4 8 6 16 4 5 6 16 4 1 6 12 4 11 6 16 4 5 2 14 4 8 2 14 4 17 11 18  9
13 6 12 4 13 2 14 4 1 2 3 4 11 6 10 4 5 2 9 4 1 6 10 4 5 6 7 4 11 2 3 4 8 6 12 4 17 8 18  9
13 2 3 4 8 2 15 4 13 6 12 4 5 2 9 4 1 6 7 4 11 6 16 4 5 6 16 4 1 2 14 4 8 6 10 4 17 11 18  6
5 2 15 4 1 2 14 4 13 6 7 4 5 6 7 4 1 6 12 4 8 2 15 4 8 6 7 4 11 6 12 4 13 2 15 4 17 11 18  9
11 2 15 4 5 6 7 4 11 6 16 4 8 2 14 4 1 6 7 4 13 6 16 4 5 2 3 4 13 2 15 4 8 6 10 4 17 1 18  12
5 6 10 4 5 2 3 4 13 6 7 4 1 2 14 4 1 6 7 4 8 2 15 4 11 2 3 4 8 6 12 4 11 6 10 4 17 13 18  9
13 6 10 4 8 2 14 4 1 6 10 4 5 6 7 4 1 2 9 4 8 6 7 4 11 2 14 4 11 6 7 4 13 2 9 4 17 5 18  9
5 2 15 4 1 6 16 4 8 2 14 4 5 6 10 4 13 2 9 4 8 6 7 4 1 2 3 4 13 6 12 4 11 6 12 4 17 11 18  6
11 2 14 4 8 2 9 4 1 6 16 4 5 2 14 4 13 2 15 4 5 6 10 4 8 6 16 4 13 6 12 4 11 6 10 4 17 1 18  6
5 6 10 4 11 6 7 4 13 6 12 4 13 2 3 4 1 2 9 4 11 2 14 4 8 6 7 4 1 6 16 4 5 2 15 4 17 8 18  9
5 6 7 4 13 2 9 4 11 6 10 4 8 2 14 4 5 2 15 4 13 6 16 4 8 6 10 4 11 2 14 4 1 6 16 4 17 1 18  6
11 6 10 4 5 6 12 4 8 2 15 4 5 2 9 4 11 2 14 4 13 6 16 4 13 2 3 4 1 6 16 4 8 6 7 4 17 1 18  12
11 2 15 4 1 6 12 4 5 2 3 4 13 6 12 4 5 6 16 4 13 2 14 4 8 6 7 4 11 6 7 4 8 2 15 4 17 1 18  9
1 6 16 4 8 6 12 4 13 2 15 4 11 2 14 4 5 6 7 4 8 2 9 4 1 2 15 4 13 6 16 4 11 6 7 4 17 5 18  9
13 2 15 4 11 6 7 4 5 6 10 4 8 6 7 4 11 2 3 4 8 2 3 4 5 2 15 4 13 6 10 4 1 6 10 4 17 1 18  2
13 6 16 4 8 6 12 4 1 2 3 4 1 6 12 4 5 6 16 4 5 2 15 4 11 2 14 4 8 2 3 4 11 6 10 4 17 13 18  2
8 2 9 4 11 2 9 4 11 6 10 4 13 2 9 4 1 6 10 4 5 6 10 4 13 6 10 4 8 6 10 4 1 2 9 4 17 5 18  6
1 6 10 4 8 2 14 4 8 6 7 4 1 2 15 4 13 6 10 4 5 6 7 4 13 2 15 4 11 6 12 4 11 2 9 4 17 5 18  9
5 6 16 4 5 2 14 4 11 2 14 4 8 6 10 4 11 6 16 4 8 2 9 4 1 6 10 4 13 2 14 4 13 6 16 4 17 1 18  6
5 6 10 4 5 2 3 4 8 6 7 4 11 2 14 4 11 6 7 4 1 6 12 4 8 2 14 4 1 2 15 4 13 6 10 4 17 13 18  12
5 2 14 4 8 2 15 4 8 6 10 4 1 2 3 4 5 6 7 4 13 6 12 4 1 6 12 4 11 2 15 4 11 6 10 4 17 13 18  12
5 2 15 4 11 2 3 4 13 6 10 4 8 2 9 4 5 6 7 4 11 6 12 4 8 6 10 4 13 2 9 4 1 6 10 4 17 1 18  6
13 6 16 4 1 2 3 4 5 2 3 4 13 2 14 4 11 6 7 4 11 2 9 4 5 6 10 4 8 6 7 4 1 6 10 4 17 8 18  6
5 2 9 4 11 2 14 4 8 6 10 4 1 2 15 4 1 6 7 4 13 6 10 4 8 2 14 4 5 6 12 4 11 6 10 4 17 13 18  9
1 2 3 4 8 6 12 4 8 2 9 4 13 6 7 4 1 6 10 4 11 6 7 4 13 2 15 4 11 2 15 4 5 6 12 4 17 5 18  6
1 2 9 4 11 6 7 4 11 2 3 4 8 2 3 4 1 6 12 4 5 6 10 4 13 6 10 4 5 2 14 4 8 6 7 4 17 13 18  9
8 6 12 4 13 6 7 4 1 6 7 4 11 2 14 4 1 2 9 4 8 2 15 4 5 6 10 4 5 2 14 4 11 6 10 4 17 13 18  6
8 6 12 4 13 6 7 4 1 2 3 4 5 2 9 4 11 6 16 4 8 2 3 4 13 2 15 4 1 6 12 4 5 6 16 4 17 11 18  6
5 6 12 4 11 6 12 4 8 6 12 4 11 2 3 4 8 2 3 4 1 6 7 4 13 2 3 4 13 6 12 4 1 2 9 4 17 5 18  12
11 2 9 4 11 6 16 4 1 2 15 4 8 6 16 4 13 2 9 4 1 6 12 4 5 2 15 4 5 6 12 4 13 6 16 4 17 8 18  6
8 6 7 4 13 6 7 4 5 6 16 4 1 6 16 4 5 2 15 4 1 2 15 4 8 2 3 4 11 6 7 4 13 2 3 4 17 11 18  12
13 6 16 4 1 2 15 4 5 2 15 4 8 6 7 4 1 6 12 4 5 6 12 4 8 2 3 4 13 2 9 4 11 6 16 4 17 11 18  6
5 2 9 4 13 2 3 4 8 6 16 4 11 6 7 4 8 2 15 4 1 2 15 4 1 6 16 4 13 6 7 4 5 6 12 4 17 11 18  12
5 2 9 4 13 6 10 4 11 6 10 4 8 2 14 4 1 6 10 4 11 2 14 4 5 6 7 4 13 2 14 4 8 6 10 4 17 1 18  9
1 6 12 4 11 2 9 4 1 2 9 4 5 2 15 4 11 6 12 4 8 6 16 4 13 2 14 4 13 6 16 4 5 6 7 4 17 8 18  9
5 6 12 4 1 2 14 4 8 6 10 4 1 6 16 4 8 2 9 4 13 2 15 4 5 2 15 4 13 6 12 4 11 6 12 4 17 11 18  2
8 6 12 4 1 2 9 4 11 6 12 4 1 6 12 4 11 2 9 4 13 6 12 4 13 2 9 4 5 2 9 4 5 6 12 4 17 8 18  6
11 6 7 4 1 6 16 4 8 6 16 4 5 2 3 4 5 6 7 4 13 6 16 4 11 2 3 4 13 2 15 4 8 2 15 4 17 1 18  2
5 2 15 4 8 6 12 4 8 2 3 4 11 6 7 4 1 2 3 4 5 6 16 4 1 6 12 4 13 6 16 4 11 2 14 4 17 13 18  2
13 2 14 4 8 6 10 4 11 2 14 4 5 6 16 4 1 6 16 4 11 6 12 4 8 2 9 4 13 6 12 4 1 2 3 4 17 5 18  12
13 2 15 4 13 6 12 4 1 6 16 4 1 2 14 4 5 6 7 4 8 2 14 4 5 2 9 4 11 6 7 4 8 6 16 4 17 11 18  6
13 6 16 4 11 2 14 4 1 2 9 4 5 6 10 4 8 6 10 4 13 2 14 4 1 6 10 4 11 6 16 4 8 2 9 4 17 5 18  6
5 6 10 4 11 6 12 4 5 2 9 4 8 2 14 4 8 6 12 4 1 6 7 4 13 2 14 4 1 2 15 4 13 6 12 4 17 11 18  9
1 2 9 4 8 6 16 4 11 6 7 4 5 6 7 4 13 2 14 4 8 2 15 4 11 2 9 4 1 6 7 4 13 6 12 4 17 5 18  6
13 2 14 4 8 2 3 4 11 6 12 4 5 6 10 4 13 6 16 4 1 2 14 4 11 2 9 4 8 6 10 4 1 6 16 4 17 5 18  12
8 6 7 4 13 6 10 4 5 6 16 4 5 2 14 4 8 2 15 4 11 6 16 4 1 2 9 4 1 6 10 4 13 2 9 4 17 11 18  9
1 2 3 4 11 2 15 4 8 2 15 4 11 6 10 4 13 6 12 4 5 6 16 4 8 6 10 4 1 6 12 4 5 2 9 4 17 13 18  12
11 6 7 4 1 2 14 4 5 2 14 4 1 6 10 4 13 2 14 4 5 6 10 4 8 2 15 4 13 6 10 4 8 6 7 4 17 11 18  2
1 6 12 4 8 2 9 4 5 6 7 4 1 2 3 4 11 2 3 4 5 2 9 4 8 6 7 4 13 6 12 4 11 6 12 4 17 13 18  12
11 2 9 4 13 6 10 4 1 6 16 4 8 6 7 4 11 6 7 4 13 2 14 4 5 2 3 4 5 6 16 4 1 2 3 4 17 8 18  6
8 6 12 4 13 6 16 4 1 6 12 4 11 2 15 4 5 6 12 4 8 2 9 4 1 2 9 4 11 6 16 4 13 2 15 4 17 5 18  6
13 6 7 4 11 2 14 4 8 2 14 4 13 2 15 4 11 6 16 4 1 2 9 4 5 6 16 4 1 6 12 4 8 6 16 4 17 5 18  9
1 6 16 4 8 6 12 4 1 2 15 4 13 2 3 4 11 6 7 4 11 2 14 4 13 6 12 4 5 2 14 4 5 6 7 4 17 8 18  12
8 2 3 4 1 2 9 4 5 6 10 4 13 6 10 4 1 6 7 4 5 2 3 4 11 2 15 4 8 6 10 4 11 6 16 4 17 13 18  12
1 6 10 4 13 2 3 4 8 6 12 4 11 2 3 4 13 6 12 4 5 6 10 4 11 6 12 4 1 2 15 4 8 2 3 4 17 5 18  2
11 6 12 4 1 6 12 4 8 2 9 4 5 6 12 4 8 6 12 4 5 2 9 4 13 6 7 4 11 2 9 4 13 2 15 4 17 1 18  6
1 2 9 4 1 6 7 4 13 6 10 4 8 2 3 4 11 2 14 4 5 6 16 4 11 6 16 4 13 2 15 4 8 6 12 4 17 5 18  9
8 2 14 4 13 2 15 4 1 6 10 4 5 6 10 4 13 6 7 4 11 2 14 4 11 6 12 4 8 6 12 4 1 2 9 4 17 5 18  6
1 6 12 4 13 2 9 4 11 6 12 4 5 6 7 4 1 2 14 4 8 2 15 4 11 2 14 4 8 6 7 4 13 6 10 4 17 5 18  2
5 6 12 4 8 2 9 4 1 6 7 4 8 6 7 4 13 2 15 4 1 2 9 4 11 2 9 4 13 6 12 4 11 6 7 4 17 5 18  2
5 6 10 4 1 6 16 4 1 2 14 4 13 2 15 4 13 6 10 4 8 2 15 4 8 6 10 4 11 6 12 4 11 2 9 4 17 5 18  2
11 6 12 4 11 2 15 4 13 2 3 4 13 6 7 4 1 6 12 4 8 2 9 4 8 6 10 4 5 6 12 4 5 2 15 4 17 1 18  2
1 6 12 4 8 6 12 4 13 2 15 4 11 2 3 4 13 6 12 4 8 2 15 4 5 2 15 4 11 6 16 4 5 6 12 4 17 1 18  2
11 6 16 4 5 2 9 4 8 6 10 4 1 2 3 4 13 6 10 4 13 2 9 4 1 6 12 4 5 6 10 4 11 2 15 4 17 8 18  6
11 6 12 4 13 6 16 4 8 6 12 4 8 2 15 4 5 2 9 4 1 2 3 4 1 6 7 4 13 2 14 4 5 6 10 4 17 11 18  2
11 2 3 4 8 2 9 4 13 2 9 4 11 6 12 4 13 6 10 4 1 6 12 4 8 6 10 4 5 6 12 4 1 2 3 4 17 5 18  12
8 2 3 4 1 2 3 4 13 2 3 4 1 6 12 4 8 6 12 4 13 6 12 4 5 6 12 4 11 6 7 4 11 2 15 4 17 5 18  12
5 6 12 4 11 6 12 4 8 6 7 4 13 6 12 4 1 6 10 4 1 2 15 4 11 2 9 4 13 2 9 4 8 2 14 4 17 5 18  6
13 2 3 4 11 6 16 4 5 2 9 4 13 6 12 4 11 2 15 4 8 6 12 4 1 2 9 4 5 6 10 4 1 6 10 4 17 8 18  12
13 6 12 4 11 2 3 4 8 6 10 4 11 6 7 4 5 2 9 4 13 2 15 4 1 6 10 4 8 2 9 4 5 6 10 4 17 1 18  6
13 2 3 4 11 2 14 4 8 6 16 4 13 6 7 4 1 2 9 4 5 2 15 4 1 6 12 4 11 6 16 4 5 6 10 4 17 8 18  9
5 6 16 4 5 2 3 4 11 6 7 4 1 2 15 4 1 6 12 4 8 6 7 4 13 6 7 4 11 2 9 4 8 2 9 4 17 13 18  6
8 2 15 4 1 2 3 4 13 2 15 4 11 6 12 4 11 2 9 4 1 6 7 4 5 6 12 4 13 6 16 4 8 6 16 4 17 5 18  6
8 2 15 4 11 6 7 4 1 2 14 4 8 6 10 4 1 6 7 4 13 6 10 4 5 2 9 4 5 6 16 4 13 2 15 4 17 11 18  9
8 2 15 4 8 6 16 4 1 6 12 4 13 6 10 4 13 2 9 4 5 2 3 4 11 6 7 4 1 2 14 4 5 6 7 4 17 11 18  12
1 2 3 4 13 6 10 4 8 6 16 4 5 2 15 4 11 6 10 4 1 6 16 4 5 6 7 4 13 2 9 4 8 2 3 4 17 11 18  6
11 6 7 4 5 6 12 4 13 6 16 4 11 2 9 4 5 2 15 4 1 6 16 4 13 2 14 4 8 2 14 4 8 6 16 4 17 1 18  9
8 2 3 4 11 6 10 4 8 6 16 4 5 2 15 4 1 6 12 4 5 6 7 4 13 2 14 4 13 6 10 4 1 2 9 4 17 11 18  9
1 6 16 4 13 6 12 4 11 2 9 4 13 2 15 4 1 2 3 4 8 6 7 4 11 6 7 4 5 6 12 4 8 2 9 4 17 5 18  2
8 6 10 4 1 2 14 4 13 6 7 4 8 2 15 4 11 6 10 4 5 2 14 4 5 6 7 4 13 2 14 4 1 6 7 4 17 11 18  2
11 6 16 4 8 6 7 4 8 2 3 4 13 2 15 4 5 6 16 4 13 6 10 4 11 2 14 4 5 2 14 4 1 6 16 4 17 1 18  9
13 6 12 4 8 2 14 4 11 6 12 4 1 6 10 4 5 6 7 4 8 6 10 4 1 2 14 4 13 2 3 4 5 2 9 4 17 11 18  12
13 6 7 4 11 2 3 4 1 6 16 4 8 6 10 4 1 2 14 4 5 2 15 4 13 2 15 4 5 6 7 4 11 6 10 4 17 8 18  12
11 2 15 4 8 6 12 4 1 6 7 4 5 6 10 4 1 2 15 4 13 2 14 4 11 6 7 4 13 6 10 4 8 2 3 4 17 5 18  9
13 2 14 4 1 6 12 4 11 6 16 4 13 6 7 4 5 6 12 4 8 6 7 4 11 2 3 4 1 2 9 4 5 2 9 4 17 8 18  9
5 2 3 4 8 2 9 4 1 6 16 4 5 6 16 4 13 6 12 4 1 2 3 4 11 6 16 4 8 6 7 4 13 2 15 4 17 11 18  12
1 6 10 4 13 2 9 4 13 6 16 4 11 6 10 4 8 6 16 4 8 2 9 4 5 6 16 4 11 2 15 4 5 2 9 4 17 1 18  2
11 2 9 4 1 6 12 4 8 2 3 4 13 6 16 4 8 6 7 4 13 2 9 4 5 6 12 4 1 2 14 4 11 6 16 4 17 5 18  9
11 2 9 4 5 6 12 4 1 2 15 4 8 6 16 4 13 2 14 4 8 2 14 4 1 6 7 4 13 6 16 4 11 6 12 4 17 5 18  6
5 6 7 4 8 2 14 4 11 6 12 4 8 6 10 4 5 2 3 4 13 2 15 4 13 6 12 4 1 6 10 4 1 2 14 4 17 11 18  2
8 6 10 4 11 6 10 4 1 6 12 4 13 2 3 4 1 2 15 4 8 2 3 4 5 6 12 4 5 2 15 4 13 6 10 4 17 11 18  12
8 2 14 4 8 6 10 4 5 6 12 4 1 6 12 4 13 2 15 4 11 2 9 4 11 6 12 4 13 6 16 4 5 2 9 4 17 1 18  6
11 6 16 4 8 6 10 4 13 6 10 4 11 2 14 4 1 6 10 4 5 6 7 4 5 2 15 4 1 2 9 4 8 2 9 4 17 13 18  6
13 6 7 4 1 6 7 4 8 6 10 4 5 2 9 4 11 6 12 4 11 2 3 4 5 6 10 4 13 2 15 4 1 2 15 4 17 8 18  6
1 6 7 4 13 6 16 4 8 6 12 4 8 2 15 4 11 2 14 4 5 2 3 4 1 2 9 4 11 6 10 4 5 6 16 4 17 13 18  12
1 2 15 4 13 2 14 4 5 6 16 4 8 6 7 4 11 6 10 4 13 6 7 4 1 6 10 4 5 2 3 4 11 2 15 4 17 8 18  9
11 2 15 4 8 6 16 4 5 2 9 4 13 2 3 4 1 2 15 4 13 6 10 4 1 6 16 4 5 6 12 4 11 6 16 4 17 8 18  2
11 6 7 4 13 6 16 4 1 6 16 4 13 2 14 4 5 2 14 4 11 2 15 4 8 2 3 4 8 6 12 4 5 6 16 4 17 1 18  9
5 2 14 4 13 2 15 4 5 6 10 4 11 6 12 4 13 6 12 4 8 2 15 4 1 2 3 4 1 6 16 4 8 6 12 4 17 11 18  2
1 6 10 4 1 2 3 4 8 2 3 4 13 6 16 4 8 6 10 4 5 6 12 4 11 6 12 4 11 2 14 4 13 2 15 4 17 5 18  9
8 6 16 4 1 6 7 4 8 2 9 4 11 6 16 4 11 2 9 4 13 2 3 4 5 6 12 4 1 2 15 4 13 6 12 4 17 5 18  12
11 6 7 4 1 6 12 4 1 2 9 4 8 2 14 4 13 6 7 4 8 6 10 4 5 6 16 4 5 2 3 4 11 2 15 4 17 13 18  2
1 2 3 4 11 6 10 4 5 2 15 4 13 2 15 4 5 6 12 4 13 6 12 4 8 6 10 4 11 2 3 4 1 6 10 4 17 8 18  12
13 6 10 4 11 2 9 4 8 6 7 4 11 6 7 4 13 2 15 4 8 2 9 4 1 6 10 4 5 6 10 4 5 2 15 4 17 1 18  2
11 6 12 4 13 6 7 4 8 6 12 4 5 2 3 4 1 6 7 4 1 2 9 4 11 2 15 4 13 2 9 4 5 6 10 4 17 8 18  2
11 2 15 4 11 6 10 4 1 2 9 4 13 6 10 4 8 6 12 4 1 6 12 4 8 2 9 4 5 6 12 4 13 2 15 4 17 5 18  6
13 2 14 4 5 6 7 4 1 2 14 4 5 2 15 4 8 2 9 4 1 6 10 4 13 6 10 4 8 6 16 4 11 6 16 4 17 11 18  6
8 6 7 4 5 2 14 4 13 2 9 4 13 6 7 4 5 6 16 4 1 6 16 4 11 6 16 4 11 2 14 4 8 2 9 4 17 1 18  9
11 6 7 4 13 2 9 4 8 6 16 4 8 2 15 4 1 2 9 4 1 6 7 4 5 6 7 4 13 6 7 4 11 2 9 4 17 5 18  6
11 6 10 4 13 6 7 4 1 6 10 4 1 2 3 4 11 2 3 4 5 2 3 4 13 2 15 4 8 6 10 4 5 6 10 4 17 8 18  12
11 2 3 4 13 6 12 4 5 6 12 4 1 6 7 4 1 2 3 4 8 6 12 4 8 2 15 4 11 6 7 4 5 2 15 4 17 13 18  2
5 6 10 4 5 2 9 4 1 6 12 4 1 2 3 4 8 2 9 4 11 6 7 4 8 6 10 4 13 6 7 4 11 2 14 4 17 13 18  9
11 2 3 4 8 2 15 4 13 2 14 4 13 6 16 4 5 2 15 4 8 6 12 4 5 6 12 4 11 6 7 4 1 6 7 4 17 1 18  12
8 6 10 4 13 6 12 4 11 6 7 4 13 2 3 4 5 6 12 4 5 2 3 4 1 6 12 4 8 2 15 4 11 2 14 4 17 1 18  12
5 6 7 4 8 6 10 4 13 2 3 4 11 6 7 4 1 2 14 4 8 2 14 4 11 2 3 4 1 6 10 4 13 6 7 4 17 5 18  12
5 6 7 4 11 2 9 4 11 6 16 4 1 6 16 4 5 2 15 4 8 2 9 4 13 6 12 4 8 6 16 4 13 2 3 4 17 1 18  6
8 2 14 4 8 6 16 4 5 6 10 4 5 2 3 4 11 2 15 4 1 2 3 4 1 6 10 4 13 6 7 4 11 6 7 4 17 13 18  2
11 6 12 4 1 6 10 4 8 2 15 4 5 6 7 4 13 6 12 4 5 2 14 4 8 6 16 4 1 2 9 4 11 2 3 4 17 13 18  12
11 2 3 4 8 6 10 4 5 6 16 4 8 2 9 4 11 6 7 4 13 6 7 4 13 2 3 4 1 6 16 4 1 2 14 4 17 5 18  9
11 6 7 4 13 6 10 4 11 2 3 4 8 6 7 4 1 2 3 4 13 2 14 4 1 6 7 4 5 2 3 4 5 6 7 4 17 8 18  12
5 2 3 4 8 6 12 4 11 2 9 4 1 6 7 4 11 6 12 4 8 2 9 4 1 2 3 4 5 6 7 4 13 6 12 4 17 13 18  6
5 2 3 4 1 2 3 4 11 6 10 4 13 2 9 4 8 6 10 4 13 6 16 4 1 6 10 4 5 6 10 4 8 2 3 4 17 11 18  12
5 6 10 4 13 2 15 4 5 2 15 4 8 6 10 4 13 6 10 4 1 2 3 4 11 2 3 4 1 6 7 4 11 6 7 4 17 8 18  2
11 6 12 4 5 6 16 4 11 2 9 4 8 6 7 4 13 6 12 4 1 2 15 4 5 2 15 4 1 6 16 4 8 2 14 4 17 13 18  6
5 6 16 4 1 6 16 4 11 6 7 4 1 2 9 4 11 2 14 4 8 6 7 4 13 2 15 4 13 6 12 4 5 2 9 4 17 8 18  9
11 2 9 4 5 6 7 4 5 2 15 4 1 6 10 4 1 2 9 4 8 6 10 4 11 6 10 4 13 6 16 4 13 2 14 4 17 8 18  6
11 6 7 4 11 2 3 4 13 6 7 4 8 6 7 4 1 6 16 4 5 2 9 4 8 2 3 4 5 6 16 4 1 2 9 4 17 13 18  12
11 2 3 4 1 2 9 4 1 6 7 4 8 2 14 4 5 2 3 4 5 6 16 4 8 6 10 4 11 6 16 4 13 6 7 4 17 13 18  6
1 6 16 4 8 6 7 4 13 6 7 4 5 2 3 4 8 2 9 4 11 2 3 4 5 6 16 4 13 2 9 4 11 6 16 4 17 1 18  12
1 2 14 4 5 6 16 4 1 6 10 4 8 6 16 4 11 2 3 4 11 6 16 4 8 2 3 4 13 6 7 4 13 2 9 4 17 5 18  12
11 6 7 4 5 6 7 4 8 6 7 4 1 6 7 4 5 2 3 4 11 2 3 4 8 2 3 4 13 2 3 4 13 6 7 4 17 1 18  12
11 2 15 4 1 6 7 4 8 6 7 4 13 2 15 4 11 6 10 4 13 6 10 4 8 2 3 4 5 6 16 4 5 2 9 4 17 1 18  12
13 6 10 4 8 6 16 4 1 2 15 4 8 2 9 4 1 6 7 4 5 6 7 4 5 2 15 4 11 2 14 4 11 6 10 4 17 13 18  9
11 2 9 4 1 6 16 4 8 2 14 4 11 6 16 4 13 6 16 4 5 2 14 4 5 6 12 4 8 6 12 4 13 2 9 4 17 1 18  6
8 6 16 4 13 2 14 4 11 6 10 4 11 2 15 4 1 2 15 4 1 6 10 4 8 2 3 4 13 6 7 4 5 6 10 4 17 5 18  2
1 6 12 4 11 6 10 4 8 6 7 4 5 6 12 4 8 2 9 4 13 6 10 4 5 2 3 4 11 2 15 4 13 2 15 4 17 1 18  12
11 2 9 4 8 6 7 4 13 2 3 4 5 6 7 4 11 6 12 4 1 2 9 4 13 6 16 4 1 6 12 4 5 2 15 4 17 8 18  2
1 6 7 4 13 6 12 4 13 2 14 4 11 2 9 4 5 2 3 4 8 2 9 4 5 6 7 4 8 6 10 4 11 6 10 4 17 1 18  12
11 6 10 4 1 2 3 4 8 2 9 4 5 6 7 4 13 2 15 4 13 6 12 4 1 6 10 4 8 6 7 4 11 2 3 4 17 5 18  6
13 2 3 4 5 6 12 4 13 6 7 4 1 6 7 4 5 2 9 4 11 2 15 4 11 6 16 4 1 2 3 4 8 6 12 4 17 8 18  6
13 2 14 4 8 2 15 4 5 2 14 4 1 2 15 4 13 6 10 4 8 6 12 4 5 6 10 4 11 6 10 4 1 6 12 4 17 11 18  9
13 6 10 4 1 6 10 4 11 6 7 4 8 2 9 4 1 2 15 4 5 2 9 4 5 6 12 4 8 6 12 4 11 2 14 4 17 13 18  2
11 6 12 4 13 2 15 4 1 2 3 4 5 6 16 4 11 2 3 4 13 6 16 4 1 6 12 4 8 2 3 4 8 6 12 4 17 5 18  2
11 6 7 4 1 6 7 4 11 2 14 4 1 2 14 4 5 2 9 4 13 6 7 4 8 2 3 4 5 6 10 4 8 6 12 4 17 13 18  9
11 6 10 4 1 2 14 4 5 6 7 4 11 2 15 4 1 6 12 4 13 6 12 4 13 2 14 4 8 2 9 4 8 6 7 4 17 5 18  6
1 6 16 4 5 6 16 4 1 2 14 4 11 2 14 4 13 2 14 4 11 6 16 4 13 6 16 4 8 6 16 4 8 2 14 4 17 5 18  9
8 6 12 4 5 6 16 4 8 2 14 4 1 6 10 4 13 6 10 4 1 2 9 4 5 2 15 4 11 2 9 4 11 6 10 4 17 13 18  6
11 6 16 4 13 6 7 4 13 2 9 4 1 2 9 4 8 6 7 4 11 2 15 4 1 6 7 4 8 2 9 4 5 6 16 4 17 5 18  2
1 6 10 4 1 2 14 4 13 6 7 4 5 6 16 4 11 2 9 4 11 6 7 4 8 6 10 4 13 2 9 4 5 2 15 4 17 8 18  9
5 6 7 4 11 2 15 4 13 6 12 4 1 6 12 4 1 2 3 4 8 6 12 4 11 6 7 4 13 2 3 4 8 2 3 4 17 5 18  2
8 2 3 4 13 2 14 4 13 6 10 4 11 2 9 4 5 6 12 4 1 6 12 4 11 6 12 4 1 2 9 4 8 6 7 4 17 5 18  6
13 2 14 4 5 6 7 4 8 6 16 4 11 2 15 4 1 6 7 4 8 2 14 4 13 6 16 4 11 6 12 4 5 2 9 4 17 1 18  6
11 2 15 4 8 6 16 4 13 6 7 4 1 2 3 4 13 2 3 4 5 6 16 4 11 6 16 4 1 6 7 4 5 2 15 4 17 8 18  2
5 6 10 4 1 6 16 4 1 2 14 4 5 2 3 4 11 2 9 4 11 6 7 4 13 6 16 4 13 2 14 4 8 6 10 4 17 8 18  12
1 2 3 4 13 6 16 4 5 6 16 4 8 6 16 4 13 2 9 4 11 2 15 4 11 6 10 4 5 2 9 4 1 6 7 4 17 8 18  6
11 6 16 4 13 6 10 4 13 2 15 4 1 2 9 4 11 2 9 4 1 6 16 4 8 2 15 4 8 6 10 4 5 6 10 4 17 5 18  2
5 6 12 4 11 6 16 4 13 6 12 4 8 2 9 4 1 2 3 4 5 2 15 4 1 6 10 4 13 2 15 4 8 6 16 4 17 11 18  6
5 6 10 4 8 2 14 4 13 6 10 4 11 6 10 4 8 6 12 4 1 2 15 4 1 6 7 4 11 2 3 4 13 2 3 4 17 5 18  12
5 2 15 4 5 6 16 4 11 6 16 4 13 6 16 4 8 2 3 4 1 6 7 4 13 2 15 4 8 6 10 4 1 2 9 4 17 11 18  2
1 2 3 4 5 6 16 4 1 6 10 4 5 2 14 4 13 2 14 4 8 6 7 4 13 6 16 4 11 2 9 4 11 6 7 4 17 8 18  6
13 2 14 4 11 2 9 4 11 6 10 4 5 6 10 4 8 2 3 4 13 6 16 4 1 6 10 4 8 6 12 4 1 2 9 4 17 5 18  6
11 6 16 4 13 6 16 4 1 6 7 4 8 6 7 4 5 6 12 4 5 2 15 4 1 2 9 4 13 2 3 4 8 2 9 4 17 11 18  12
13 6 10 4 5 2 14 4 8 2 14 4 1 2 9 4 5 6 7 4 1 6 10 4 11 2 14 4 11 6 7 4 8 6 7 4 17 13 18  6
11 6 10 4 8 6 16 4 5 2 15 4 1 2 9 4 1 6 10 4 5 6 12 4 13 6 12 4 8 2 3 4 13 2 15 4 17 11 18  6
8 6 16 4 11 6 10 4 5 6 16 4 5 2 9 4 13 2 14 4 1 2 9 4 8 2 9 4 13 6 10 4 1 6 16 4 17 11 18  9
1 2 9 4 8 2 15 4 11 2 3 4 13 6 12 4 11 6 10 4 1 6 12 4 13 2 9 4 8 6 7 4 5 6 10 4 17 5 18  12
5 6 7 4 13 6 12 4 8 2 3 4 13 2 14 4 1 6 16 4 11 6 7 4 8 6 16 4 1 2 3 4 11 2 15 4 17 5 18  2
11 2 3 4 13 6 16 4 11 6 16 4 5 2 9 4 1 2 3 4 8 2 3 4 5 6 12 4 8 6 16 4 1 6 16 4 17 13 18  12
11 6 7 4 8 6 16 4 1 2 3 4 8 2 9 4 13 2 15 4 13 6 10 4 11 2 14 4 5 6 12 4 1 6 12 4 17 5 18  12
13 6 10 4 5 6 10 4 5 2 3 4 11 2 3 4 11 6 10 4 8 2 9 4 1 6 7 4 8 6 7 4 1 2 9 4 17 13 18  12
13 6 16 4 1 6 16 4 5 6 10 4 8 2 14 4 11 2 15 4 8 6 12 4 11 6 16 4 5 2 9 4 1 2 15 4 17 13 18  2
5 2 3 4 1 6 16 4 13 6 12 4 8 2 15 4 11 2 9 4 8 6 12 4 11 6 16 4 5 6 7 4 13 2 15 4 17 1 18  6
5 6 10 4 11 2 3 4 1 6 10 4 11 6 7 4 8 6 7 4 1 2 9 4 13 2 9 4 13 6 10 4 5 2 9 4 17 8 18  12
11 6 16 4 13 6 16 4 5 2 3 4 1 2 14 4 1 6 16 4 8 6 16 4 13 2 14 4 5 6 10 4 11 2 14 4 17 8 18  9
8 2 9 4 8 6 7 4 5 2 3 4 1 6 12 4 5 6 10 4 13 2 14 4 13 6 12 4 11 2 3 4 11 6 10 4 17 1 18  9
5 2 15 4 11 6 10 4 1 2 3 4 5 6 7 4 8 2 9 4 13 6 16 4 1 6 16 4 11 2 9 4 8 6 10 4 17 13 18  12
1 6 12 4 8 2 15 4 1 2 9 4 11 2 9 4 13 2 15 4 5 6 12 4 11 6 12 4 13 6 10 4 8 6 10 4 17 5 18  6
8 6 10 4 5 2 9 4 13 6 10 4 11 6 10 4 11 2 15 4 1 2 15 4 13 2 15 4 1 6 10 4 5 6 16 4 17 8 18  2
1 6 7 4 13 6 10 4 5 2 3 4 5 6 7 4 1 2 3 4 11 6 7 4 8 2 15 4 13 2 14 4 8 6 16 4 17 11 18  12
8 6 12 4 1 2 15 4 1 6 10 4 11 6 10 4 5 2 9 4 5 6 16 4 8 2 14 4 13 2 9 4 13 6 16 4 17 11 18  2
8 6 16 4 13 6 16 4 1 6 16 4 11 2 9 4 11 6 12 4 5 6 10 4 5 2 15 4 1 2 14 4 13 2 14 4 17 8 18  9
1 2 15 4 11 6 10 4 8 2 15 4 1 6 7 4 11 2 3 4 5 6 12 4 8 6 7 4 13 6 7 4 5 2 14 4 17 13 18  2
8 6 10 4 13 2 3 4 8 2 15 4 1 6 12 4 5 6 10 4 5 2 15 4 11 6 10 4 13 6 12 4 1 2 3 4 17 11 18  2
11 6 10 4 8 6 10 4 5 6 12 4 8 2 15 4 1 2 15 4 11 2 15 4 1 6 10 4 13 6 10 4 5 2 3 4 17 13 18  2
5 6 16 4 11 6 10 4 1 6 12 4 8 2 15 4 1 2 14 4 8 6 10 4 5 2 3 4 11 2 15 4 13 6 10 4 17 13 18  2
11 2 14 4 5 6 10 4 1 6 16 4 11 6 7 4 8 6 16 4 1 2 15 4 8 2 15 4 5 2 3 4 13 6 10 4 17 13 18  12
8 6 10 4 5 2 9 4 13 2 9 4 1 6 10 4 11 2 15 4 1 2 9 4 13 6 10 4 11 6 12 4 5 6 10 4 17 8 18  6
8 2 15 4 5 6 7 4 11 6 16 4 13 2 3 4 11 2 15 4 1 2 3 4 13 6 7 4 8 6 16 4 1 6 7 4 17 5 18  12
11 6 10 4 11 2 14 4 5 6 12 4 8 6 10 4 13 6 10 4 1 2 9 4 1 6 16 4 5 2 15 4 13 2 14 4 17 8 18  9
5 6 12 4 11 6 16 4 13 6 12 4 5 2 9 4 1 6 12 4 1 2 9 4 13 2 9 4 8 6 16 4 8 2 14 4 17 11 18  9
1 2 15 4 1 6 7 4 13 2 14 4 11 2 3 4 8 6 12 4 11 6 10 4 5 6 12 4 5 2 14 4 13 6 12 4 17 8 18  9
5 6 16 4 1 6 7 4 13 2 3 4 8 6 16 4 11 2 3 4 5 2 14 4 11 6 7 4 1 2 3 4 13 6 7 4 17 8 18  9
8 6 12 4 1 2 3 4 1 6 10 4 11 2 9 4 8 2 14 4 5 6 10 4 11 6 16 4 13 6 10 4 13 2 3 4 17 5 18  12
8 2 9 4 11 2 3 4 13 2 14 4 8 6 16 4 1 6 12 4 5 6 12 4 11 6 7 4 13 6 10 4 1 2 15 4 17 5 18  2
11 2 3 4 5 6 10 4 5 2 15 4 13 2 14 4 1 2 15 4 13 6 7 4 8 6 10 4 11 6 12 4 1 6 10 4 17 8 18  2
1 2 3 4 8 6 7 4 5 6 7 4 11 6 12 4 11 2 14 4 13 6 16 4 5 2 3 4 1 6 7 4 13 2 9 4 17 8 18  12
11 2 9 4 5 6 12 4 1 6 7 4 8 2 14 4 11 6 10 4 13 6 16 4 8 6 16 4 5 2 3 4 1 2 15 4 17 13 18  9
1 6 16 4 8 2 3 4 11 2 9 4 13 2 9 4 5 2 9 4 11 6 16 4 8 6 7 4 5 6 16 4 13 6 16 4 17 1 18  6
13 2 3 4 11 6 12 4 1 2 9 4 5 2 9 4 5 6 7 4 1 6 7 4 8 2 3 4 8 6 12 4 13 6 12 4 17 11 18  12
8 2 15 4 8 6 16 4 5 2 15 4 13 6 7 4 13 2 14 4 11 2 9 4 5 6 16 4 1 6 7 4 11 6 10 4 17 1 18  9
8 6 12 4 1 6 12 4 5 2 14 4 8 2 15 4 13 6 12 4 11 2 14 4 11 6 10 4 5 6 10 4 1 2 15 4 17 13 18  2
13 2 15 4 5 6 16 4 1 6 12 4 13 6 10 4 8 2 14 4 8 6 12 4 11 6 12 4 11 2 14 4 5 2 3 4 17 1 18  9
1 6 12 4 1 2 15 4 8 6 16 4 11 2 9 4 11 6 16 4 13 6 10 4 5 6 12 4 13 2 3 4 8 2 9 4 17 5 18  2
1 6 12 4 8 2 14 4 11 2 3 4 11 6 10 4 13 6 12 4 5 6 12 4 13 2 14 4 8 6 12 4 5 2 14 4 17 1 18  9
13 6 16 4 13 2 14 4 1 6 7 4 8 2 14 4 8 6 16 4 11 2 9 4 11 6 7 4 1 2 9 4 5 6 16 4 17 5 18  9
11 6 7 4 13 6 12 4 11 2 9 4 5 2 9 4 1 6 16 4 1 2 14 4 8 2 3 4 5 6 7 4 8 6 12 4 17 13 18  12
8 2 14 4 8 6 7 4 5 2 9 4 1 6 10 4 13 2 15 4 5 6 10 4 1 2 9 4 11 6 10 4 13 6 16 4 17 11 18  6
11 2 15 4 5 2 9 4 11 6 12 4 1 6 10 4 13 6 16 4 8 2 15 4 8 6 12 4 5 6 16 4 1 2 14 4 17 13 18  6
1 2 15 4 5 6 7 4 1 6 16 4 8 6 12 4 5 2 14 4 8 2 3 4 13 6 16 4 11 6 7 4 13 2 15 4 17 11 18  9
1 6 10 4 1 2 9 4 13 6 16 4 11 6 12 4 13 2 15 4 5 2 9 4 11 2 3 4 5 6 10 4 8 6 12 4 17 8 18  12
13 2 3 4 1 6 16 4 8 2 15 4 13 6 12 4 11 6 10 4 5 6 10 4 8 6 10 4 11 2 15 4 1 2 14 4 17 5 18  2
1 2 3 4 8 6 10 4 5 2 15 4 5 6 16 4 13 6 10 4 8 2 9 4 1 6 7 4 11 2 3 4 11 6 7 4 17 13 18  6
8 2 15 4 13 6 7 4 5 6 16 4 8 6 10 4 1 2 3 4 1 6 16 4 11 6 7 4 5 2 3 4 13 2 14 4 17 11 18  9
5 6 16 4 5 2 14 4 11 2 3 4 8 2 9 4 1 2 3 4 1 6 12 4 8 6 7 4 13 6 16 4 11 6 12 4 17 13 18  9
8 2 3 4 11 2 15 4 1 6 10 4 8 6 10 4 13 6 7 4 11 6 12 4 5 6 12 4 1 2 3 4 13 2 9 4 17 5 18  2
13 6 16 4 11 2 14 4 5 2 3 4 8 2 3 4 13 2 3 4 1 6 12 4 11 6 12 4 8 6 16 4 5 6 16 4 17 1 18  9
1 2 3 4 13 2 3 4 11 2 15 4 8 6 7 4 11 6 7 4 13 6 12 4 1 6 12 4 8 2 15 4 5 6 7 4 17 5 18  2
13 2 3 4 5 2 15 4 13 6 7 4 8 2 15 4 5 6 12 4 11 2 14 4 8 6 12 4 1 6 7 4 11 6 10 4 17 1 18  12
1 6 7 4 11 6 16 4 13 2 15 4 8 6 7 4 1 2 9 4 5 6 16 4 13 6 16 4 11 2 15 4 5 2 15 4 17 8 18  6
13 6 10 4 8 2 3 4 1 6 7 4 13 2 14 4 11 6 16 4 5 6 7 4 11 2 9 4 8 6 7 4 1 2 3 4 17 5 18  12
8 2 15 4 5 6 16 4 8 6 12 4 1 6 7 4 11 6 16 4 5 2 9 4 11 2 9 4 13 6 7 4 13 2 14 4 17 1 18  9
1 2 15 4 13 2 3 4 1 6 10 4 8 2 14 4 11 6 12 4 8 6 12 4 13 6 7 4 11 2 14 4 5 6 7 4 17 5 18  12
8 2 15 4 1 6 7 4 5 2 9 4 5 6 12 4 13 6 16 4 13 2 14 4 11 6 7 4 8 6 7 4 1 2 15 4 17 11 18  2
11 2 15 4 5 6 12 4 1 6 10 4 11 6 10 4 1 2 15 4 13 6 12 4 5 2 3 4 13 2 3 4 8 6 12 4 17 8 18  12
13 6 7 4 1 6 10 4 11 6 12 4 5 2 9 4 13 2 14 4 11 2 15 4 1 2 9 4 8 6 12 4 5 6 10 4 17 8 18  2
8 6 10 4 1 6 7 4 13 2 15 4 11 6 10 4 5 6 16 4 13 6 10 4 1 2 14 4 5 2 3 4 8 2 15 4 17 11 18  2
11 2 15 4 1 6 10 4 5 6 7 4 1 2 14 4 13 2 3 4 11 6 7 4 8 2 15 4 8 6 7 4 13 6 12 4 17 5 18  2
1 6 16 4 13 6 16 4 13 2 9 4 5 2 3 4 1 2 9 4 8 6 12 4 11 2 3 4 11 6 12 4 5 6 12 4 17 8 18  12
8 6 12 4 1 6 10 4 8 2 9 4 1 2 14 4 13 6 7 4 11 2 9 4 5 6 10 4 11 6 12 4 13 2 15 4 17 5 18  9
1 2 3 4 1 6 10 4 8 6 7 4 8 2 9 4 11 6 7 4 5 2 3 4 13 2 3 4 13 6 10 4 5 6 10 4 17 11 18  6
5 2 3 4 8 6 16 4 13 6 10 4 11 2 3 4 13 2 3 4 1 2 9 4 1 6 16 4 11 6 10 4 5 6 10 4 17 8 18  6
8 2 14 4 13 2 3 4 1 2 9 4 13 6 12 4 1 6 7 4 8 6 10 4 11 6 10 4 5 2 15 4 5 6 16 4 17 11 18  9
1 2 14 4 13 2 14 4 13 6 16 4 5 2 14 4 5 6 16 4 1 6 16 4 8 6 10 4 8 2 9 4 11 6 16 4 17 11 18  9
1 6 16 4 13 2 14 4 11 2 14 4 5 6 12 4 8 2 15 4 13 6 12 4 8 6 7 4 11 6 12 4 1 2 9 4 17 5 18  9
1 6 16 4 13 2 3 4 11 2 14 4 11 6 16 4 5 6 16 4 8 2 3 4 5 2 14 4 8 6 12 4 13 6 12 4 17 1 18  9
13 6 7 4 1 6 7 4 8 2 15 4 5 6 7 4 8 6 16 4 11 6 7 4 11 2 9 4 1 2 9 4 13 2 9 4 17 5 18  6
8 6 10 4 1 6 7 4 5 2 9 4 8 2 14 4 5 6 12 4 13 6 7 4 11 6 7 4 11 2 3 4 1 2 3 4 17 13 18  12
11 6 16 4 1 2 14 4 11 2 3 4 8 6 10 4 5 6 16 4 8 2 14 4 5 2 3 4 13 6 16 4 1 6 10 4 17 13 18  12
1 2 14 4 8 2 3 4 11 2 14 4 11 6 10 4 5 2 9 4 8 6 12 4 13 6 7 4 5 6 7 4 1 6 10 4 17 13 18  6
11 2 3 4 1 2 15 4 13 2 15 4 8 6 7 4 5 2 9 4 1 6 12 4 5 6 10 4 13 6 12 4 11 6 7 4 17 8 18  12
5 2 14 4 8 2 9 4 13 6 7 4 11 6 7 4 5 6 12 4 1 2 14 4 13 2 9 4 8 6 7 4 1 6 12 4 17 11 18  6
5 6 16 4 13 2 3 4 1 2 3 4 13 6 16 4 11 2 3 4 11 6 16 4 1 6 16 4 8 6 16 4 5 2 3 4 17 8 18  12
8 6 7 4 13 6 10 4 1 2 14 4 13 2 3 4 11 6 7 4 5 2 15 4 8 2 15 4 5 6 7 4 1 6 12 4 17 11 18  2
1 6 10 4 13 6 12 4 1 2 3 4 11 2 14 4 5 2 3 4 11 6 12 4 5 6 10 4 8 2 9 4 8 6 16 4 17 13 18  9
1 6 16 4 5 6 12 4 5 2 9 4 11 2 9 4 8 6 12 4 11 6 12 4 13 6 16 4 1 2 15 4 8 2 9 4 17 13 18  2
13 6 16 4 8 6 7 4 11 6 16 4 13 2 14 4 11 2 14 4 8 2 15 4 1 6 10 4 5 6 10 4 5 2 3 4 17 1 18  12
5 6 16 4 5 2 9 4 1 2 14 4 8 6 7 4 1 6 12 4 8 2 3 4 11 6 12 4 13 6 12 4 13 2 14 4 17 11 18  9
5 2 15 4 5 6 10 4 13 2 9 4 11 6 7 4 1 2 15 4 8 6 7 4 8 2 9 4 1 6 10 4 13 6 7 4 17 11 18  6
11 6 16 4 5 6 7 4 5 2 14 4 1 2 9 4 8 2 14 4 13 6 16 4 1 6 10 4 13 2 15 4 8 6 7 4 17 11 18  2
5 6 12 4 5 2 14 4 13 6 12 4 1 6 7 4 11 6 12 4 8 6 12 4 8 2 14 4 13 2 14 4 1 2 15 4 17 11 18  9
8 2 15 4 13 2 3 4 13 6 12 4 1 6 7 4 11 6 16 4 11 2 9 4 1 2 15 4 8 6 7 4 5 6 7 4 17 5 18  2
13 2 9 4 1 6 10 4 5 2 14 4 5 6 10 4 11 2 3 4 8 6 16 4 11 6 16 4 13 6 7 4 1 2 14 4 17 8 18  12
13 6 10 4 8 6 10 4 13 2 9 4 1 6 12 4 11 6 16 4 8 2 9 4 1 2 14 4 5 6 10 4 11 2 3 4 17 5 18  6
5 2 9 4 13 6 10 4 1 6 16 4 8 2 3 4 11 2 15 4 13 2 14 4 8 6 16 4 11 6 12 4 5 6 7 4 17 1 18  12
1 2 3 4 11 2 3 4 13 2 9 4 5 6 16 4 8 2 14 4 1 6 16 4 13 6 10 4 11 6 16 4 8 6 12 4 17 5 18  12
1 6 12 4 5 6 12 4 13 6 16 4 8 6 7 4 11 2 3 4 8 2 14 4 5 2 3 4 11 6 12 4 13 2 9 4 17 1 18  12
1 2 14 4 5 2 14 4 11 6 10 4 8 2 9 4 1 6 16 4 8 6 10 4 13 6 7 4 5 6 16 4 13 2 3 4 17 11 18  6
8 6 10 4 1 6 7 4 13 2 9 4 8 2 15 4 11 6 12 4 13 6 7 4 5 6 10 4 1 2 9 4 11 2 3 4 17 5 18  2
11 6 12 4 11 2 14 4 5 2 9 4 8 2 14 4 5 6 16 4 13 2 14 4 8 6 12 4 1 6 16 4 13 6 12 4 17 1 18  6
13 2 3 4 1 2 9 4 11 2 3 4 13 6 10 4 11 6 10 4 8 6 10 4 5 6 16 4 1 6 16 4 8 2 3 4 17 5 18  6
11 6 16 4 5 2 14 4 8 6 16 4 5 6 10 4 8 2 3 4 1 2 15 4 13 6 16 4 1 6 12 4 11 2 3 4 17 13 18  12
5 6 10 4 5 2 15 4 13 6 16 4 1 6 10 4 8 6 10 4 11 2 3 4 1 2 15 4 13 2 3 4 11 6 16 4 17 8 18  2
8 2 9 4 5 2 15 4 13 6 16 4 1 2 14 4 5 6 10 4 8 6 12 4 1 6 16 4 11 2 9 4 11 6 12 4 17 13 18  9
11 6 12 4 13 6 12 4 5 6 7 4 13 2 9 4 11 2 9 4 1 2 3 4 5 2 14 4 1 6 10 4 8 6 7 4 17 8 18  9
11 2 3 4 13 2 15 4 1 6 7 4 8 2 3 4 5 2 3 4 5 6 10 4 8 6 10 4 13 6 7 4 11 6 10 4 17 1 18  2
5 6 12 4 1 2 14 4 8 6 16 4 11 6 7 4 11 2 3 4 13 6 7 4 13 2 3 4 1 6 16 4 5 2 9 4 17 8 18  9
1 2 9 4 8 6 16 4 11 2 3 4 11 6 12 4 8 2 9 4 13 6 7 4 5 6 7 4 1 6 16 4 13 2 14 4 17 5 18  9
5 6 16 4 13 2 15 4 13 6 12 4 5 2 3 4 1 6 10 4 1 2 9 4 8 6 10 4 11 6 10 4 8 2 9 4 17 11 18  6
13 6 12 4 1 6 10 4 13 2 14 4 8 6 10 4 5 6 12 4 1 2 9 4 8 2 9 4 11 6 10 4 5 2 14 4 17 11 18  6
1 2 14 4 11 2 14 4 5 6 10 4 8 6 10 4 5 2 15 4 1 6 16 4 13 6 12 4 13 2 9 4 11 6 16 4 17 8 18  2
13 2 3 4 11 2 9 4 5 2 14 4 1 2 15 4 8 6 10 4 1 6 10 4 11 6 16 4 5 6 7 4 13 6 12 4 17 8 18  2
13 6 10 4 1 2 3 4 13 2 15 4 5 6 12 4 8 2 15 4 1 6 12 4 11 6 10 4 8 6 10 4 5 2 3 4 17 11 18  2
11 6 7 4 1 6 7 4 13 2 3 4 5 2 9 4 8 6 7 4 13 6 7 4 11 2 3 4 5 6 12 4 1 2 3 4 17 8 18  12
5 2 14 4 1 2 14 4 13 6 12 4 1 6 12 4 11 2 3 4 5 6 12 4 11 6 7 4 8 6 10 4 8 2 9 4 17 13 18  9
8 6 7 4 13 6 12 4 1 6 7 4 11 2 14 4 11 6 12 4 13 2 14 4 5 2 15 4 8 2 3 4 5 6 10 4 17 1 18  12
5 6 12 4 11 6 7 4 8 2 3 4 13 6 7 4 1 2 15 4 5 2 15 4 1 6 12 4 8 6 16 4 13 2 9 4 17 11 18  6
5 6 12 4 8 6 16 4 1 2 3 4 11 2 15 4 13 2 9 4 11 6 16 4 1 6 12 4 13 6 7 4 8 2 15 4 17 5 18  12
13 2 9 4 1 6 7 4 5 2 3 4 11 2 9 4 1 2 15 4 8 6 10 4 11 6 12 4 13 6 12 4 5 6 10 4 17 8 18  12
5 2 15 4 11 2 9 4 13 6 16 4 8 2 3 4 5 6 10 4 11 6 7 4 1 2 14 4 1 6 16 4 8 6 12 4 17 13 18  9
13 6 10 4 8 6 12 4 1 6 10 4 8 2 3 4 11 2 9 4 13 2 15 4 11 6 7 4 5 2 3 4 5 6 12 4 17 1 18  2
11 2 9 4 13 2 9 4 1 6 7 4 11 6 7 4 5 2 3 4 13 6 7 4 8 6 16 4 5 6 12 4 8 2 15 4 17 1 18  6
5 6 12 4 1 6 12 4 8 6 16 4 13 2 3 4 8 2 14 4 13 6 12 4 11 6 12 4 1 2 3 4 11 2 3 4 17 5 18  12
13 6 16 4 8 2 14 4 11 6 16 4 13 2 9 4 1 2 9 4 8 6 12 4 5 6 16 4 1 6 16 4 5 2 9 4 17 11 18  6
13 6 7 4 11 6 10 4 8 6 10 4 11 2 9 4 5 2 3 4 1 2 14 4 1 6 7 4 5 6 12 4 13 2 14 4 17 8 18  6
13 6 10 4 8 2 14 4 5 6 7 4 8 6 16 4 11 2 15 4 1 6 12 4 13 2 9 4 1 2 3 4 11 6 7 4 17 5 18  2
13 6 16 4 11 2 3 4 5 6 10 4 1 6 16 4 11 6 7 4 8 6 10 4 1 2 14 4 5 2 9 4 8 2 9 4 17 13 18  9
13 2 14 4 13 6 7 4 1 2 15 4 1 6 16 4 8 6 10 4 11 2 3 4 11 6 10 4 5 6 10 4 8 2 3 4 17 5 18  12
1 2 3 4 11 2 3 4 1 6 7 4 5 6 12 4 11 6 7 4 13 2 14 4 5 2 9 4 8 6 7 4 13 6 10 4 17 8 18  12
1 6 16 4 8 6 16 4 11 2 3 4 11 6 12 4 5 6 16 4 5 2 9 4 13 6 16 4 8 2 9 4 1 2 9 4 17 13 18  6
5 6 7 4 5 2 14 4 1 2 15 4 1 6 12 4 11 6 7 4 11 2 14 4 8 6 16 4 13 6 12 4 8 2 3 4 17 13 18  2
5 6 7 4 8 6 12 4 11 2 14 4 8 2 14 4 13 6 7 4 11 6 12 4 1 6 16 4 13 2 9 4 1 2 3 4 17 5 18  6
5 2 15 4 5 6 10 4 13 6 10 4 11 6 7 4 8 2 9 4 1 2 3 4 1 6 12 4 13 2 15 4 8 6 7 4 17 11 18  6
13 6 16 4 5 2 14 4 8 6 12 4 8 2 15 4 5 6 10 4 1 6 7 4 11 6 16 4 1 2 3 4 13 2 9 4 17 11 18  6
1 2 9 4 13 2 15 4 11 6 10 4 5 6 16 4 1 6 7 4 5 2 3 4 13 6 12 4 8 6 12 4 11 2 14 4 17 8 18  2
11 2 15 4 5 2 15 4 11 6 12 4 13 6 7 4 1 6 7 4 8 6 7 4 1 2 14 4 8 2 14 4 5 6 12 4 17 13 18  9
5 2 14 4 11 2 3 4 11 6 16 4 5 6 10 4 1 2 3 4 8 2 15 4 13 6 7 4 8 6 7 4 1 6 16 4 17 13 18  2
8 6 12 4 13 6 16 4 8 2 3 4 5 6 10 4 1 2 9 4 1 6 7 4 13 2 15 4 5 2 14 4 11 6 10 4 17 11 18  9
8 6 12 4 11 6 16 4 5 6 7 4 8 2 15 4 11 2 9 4 5 2 14 4 1 2 3 4 13 6 16 4 1 6 10 4 17 13 18  6
1 6 16 4 11 2 15 4 13 6 16 4 1 2 15 4 8 6 12 4 5 6 7 4 11 6 16 4 8 2 9 4 5 2 14 4 17 13 18  2
8 2 14 4 1 6 10 4 8 6 10 4 13 2 9 4 11 2 9 4 11 6 12 4 13 6 12 4 5 6 10 4 1 2 14 4 17 5 18  9
8 6 12 4 13 6 12 4 11 6 12 4 5 6 7 4 13 2 9 4 1 6 7 4 8 2 9 4 11 2 9 4 5 2 15 4 17 1 18  2
1 6 12 4 8 6 7 4 13 2 14 4 13 6 16 4 1 2 3 4 11 6 7 4 8 2 15 4 5 6 10 4 5 2 9 4 17 11 18  2
1 2 15 4 5 6 16 4 8 2 3 4 5 2 14 4 8 6 12 4 11 6 10 4 1 6 10 4 13 6 10 4 13 2 15 4 17 11 18  2
1 2 15 4 8 2 15 4 13 6 16 4 1 6 10 4 8 6 10 4 11 6 7 4 13 2 9 4 11 2 14 4 5 6 7 4 17 5 18  9
13 6 16 4 1 6 7 4 5 2 15 4 8 2 15 4 5 6 16 4 8 6 16 4 1 2 14 4 11 6 16 4 11 2 15 4 17 13 18  2
5 6 16 4 8 6 12 4 13 2 9 4 1 2 15 4 8 2 9 4 11 6 7 4 11 2 3 4 1 6 16 4 13 6 12 4 17 5 18  2
11 6 10 4 13 2 9 4 8 6 16 4 5 6 10 4 1 6 16 4 13 6 10 4 1 2 3 4 11 2 9 4 8 2 3 4 17 5 18  6
11 2 9 4 1 6 10 4 11 6 12 4 5 6 7 4 13 6 12 4 1 2 3 4 8 6 12 4 8 2 9 4 5 2 14 4 17 13 18  6
8 6 7 4 1 6 7 4 13 2 3 4 13 6 10 4 5 2 9 4 8 2 9 4 11 2 3 4 5 6 7 4 11 6 10 4 17 1 18  6
1 6 7 4 5 2 15 4 11 2 3 4 8 6 7 4 11 6 12 4 8 2 9 4 13 6 10 4 13 2 15 4 5 6 10 4 17 1 18  6
1 2 9 4 8 2 15 4 5 2 14 4 8 6 7 4 1 6 12 4 5 6 10 4 11 6 12 4 13 2 15 4 13 6 7 4 17 11 18  6
13 6 16 4 8 2 9 4 8 6 7 4 1 6 7 4 1 2 9 4 5 6 16 4 5 2 3 4 11 6 16 4 11 2 3 4 17 13 18  12
11 6 16 4 8 2 3 4 13 2 9 4 1 2 14 4 8 6 10 4 5 2 3 4 13 6 16 4 5 6 10 4 1 6 7 4 17 11 18  6
1 2 15 4 13 6 16 4 11 2 9 4 5 6 16 4 5 2 3 4 8 6 7 4 11 6 7 4 1 6 10 4 13 2 3 4 17 8 18  6
1 6 10 4 8 6 7 4 11 2 9 4 5 6 7 4 11 6 7 4 13 2 9 4 1 2 3 4 5 2 9 4 13 6 7 4 17 8 18  6
5 6 16 4 8 2 14 4 11 6 10 4 13 2 3 4 11 2 14 4 13 6 7 4 5 2 9 4 1 6 10 4 8 6 10 4 17 1 18  9
11 6 16 4 13 2 9 4 1 2 14 4 1 6 12 4 5 6 12 4 5 2 14 4 8 6 16 4 11 2 3 4 13 6 10 4 17 8 18  12
1 2 9 4 1 6 12 4 8 6 7 4 11 6 7 4 8 2 3 4 13 6 10 4 11 2 3 4 13 2 15 4 5 6 12 4 17 5 18  6
1 6 10 4 11 6 12 4 5 2 15 4 8 2 9 4 13 6 12 4 1 2 15 4 5 6 10 4 11 2 9 4 8 6 12 4 17 13 18  6
8 6 10 4 11 6 16 4 5 2 15 4 11 2 15 4 8 2 14 4 13 2 14 4 5 6 16 4 1 6 16 4 13 6 10 4 17 1 18  2
11 6 12 4 5 2 15 4 13 6 12 4 1 6 16 4 8 6 12 4 1 2 14 4 5 6 12 4 13 2 15 4 8 2 15 4 17 11 18  2
13 2 15 4 8 2 15 4 13 6 7 4 1 6 10 4 8 6 7 4 11 6 10 4 5 6 10 4 5 2 9 4 1 2 9 4 17 11 18  6
13 6 12 4 11 6 16 4 13 2 14 4 5 6 16 4 5 2 9 4 8 6 7 4 1 2 15 4 1 6 10 4 8 2 3 4 17 11 18  6
8 6 16 4 13 2 14 4 1 2 3 4 11 6 12 4 5 6 12 4 1 6 7 4 5 2 15 4 11 2 15 4 13 6 16 4 17 8 18  9
8 2 3 4 1 2 3 4 11 6 10 4 8 6 12 4 5 2 14 4 5 6 10 4 13 6 12 4 11 2 14 4 1 6 12 4 17 13 18  12
11 6 10 4 11 2 15 4 1 2 3 4 1 6 16 4 13 6 7 4 8 6 12 4 13 2 14 4 5 6 12 4 5 2 9 4 17 8 18  6
11 2 9 4 11 6 10 4 8 2 15 4 1 2 3 4 1 6 7 4 13 6 16 4 8 6 16 4 5 6 10 4 5 2 9 4 17 13 18  2
13 6 16 4 11 2 9 4 5 6 7 4 8 6 12 4 8 2 15 4 11 6 10 4 1 6 12 4 13 2 3 4 5 2 14 4 17 1 18  2
1 6 7 4 5 2 3 4 8 6 12 4 5 6 7 4 13 6 7 4 11 6 12 4 13 2 3 4 1 2 3 4 11 2 15 4 17 8 18  2
8 6 7 4 11 6 16 4 5 6 16 4 1 2 3 4 8 2 15 4 13 2 15 4 11 2 3 4 13 6 7 4 1 6 16 4 17 5 18  12
5 6 7 4 11 2 14 4 11 6 16 4 13 6 10 4 1 2 15 4 13 2 15 4 1 6 10 4 8 6 10 4 5 2 9 4 17 8 18  2
11 6 12 4 1 6 16 4 5 6 16 4 11 2 3 4 1 2 9 4 13 6 16 4 8 2 3 4 8 6 12 4 5 2 9 4 17 13 18  6
13 2 15 4 1 6 12 4 8 6 16 4 5 2 15 4 1 2 15 4 8 2 9 4 13 6 12 4 11 6 12 4 5 6 12 4 17 11 18  2
8 2 3 4 8 6 7 4 13 6 10 4 11 2 9 4 1 6 10 4 11 6 16 4 5 2 15 4 13 2 14 4 5 6 12 4 17 1 18  9
1 2 3 4 5 6 10 4 11 2 9 4 11 6 16 4 13 6 10 4 8 6 10 4 13 2 3 4 5 2 3 4 1 6 10 4 17 8 18  12
1 6 16 4 8 6 16 4 13 2 15 4 13 6 7 4 5 6 7 4 1 2 14 4 8 2 14 4 11 2 14 4 11 6 16 4 17 5 18  2
13 2 3 4 11 2 15 4 11 6 16 4 5 6 16 4 5 2 15 4 8 2 14 4 8 6 7 4 1 6 16 4 13 6 10 4 17 1 18  2
13 2 15 4 11 6 10 4 8 6 16 4 5 6 10 4 5 2 15 4 8 2 3 4 13 6 10 4 1 6 10 4 1 2 15 4 17 11 18  2
13 2 15 4 8 6 10 4 13 6 12 4 11 2 15 4 5 2 9 4 1 6 12 4 5 6 16 4 11 6 12 4 8 2 14 4 17 1 18  2
11 2 9 4 11 6 10 4 8 6 10 4 1 2 9 4 8 2 9 4 1 6 10 4 13 6 10 4 5 6 12 4 5 2 15 4 17 13 18  6
1 6 7 4 8 2 9 4 8 6 10 4 11 6 7 4 5 2 15 4 5 6 7 4 13 2 14 4 13 6 12 4 1 2 15 4 17 11 18  2
5 2 14 4 11 6 12 4 11 2 14 4 13 2 3 4 5 6 12 4 8 2 14 4 13 6 10 4 1 6 12 4 8 6 12 4 17 1 18  9
1 6 16 4 13 2 15 4 11 6 10 4 5 2 15 4 5 6 10 4 11 2 15 4 1 2 14 4 13 6 10 4 8 6 16 4 17 8 18  9
5 6 7 4 8 6 16 4 13 6 12 4 13 2 3 4 11 2 14 4 5 2 9 4 1 2 3 4 1 6 12 4 11 6 16 4 17 8 18  9
11 6 7 4 11 2 3 4 13 2 14 4 5 6 12 4 13 6 16 4 8 2 14 4 5 2 9 4 1 6 16 4 8 6 16 4 17 1 18  9
1 6 10 4 5 6 16 4 8 2 3 4 11 6 10 4 1 2 3 4 8 6 10 4 5 2 14 4 13 6 16 4 11 2 3 4 17 13 18  9
11 2 9 4 5 2 9 4 8 6 10 4 13 6 7 4 5 6 10 4 13 2 3 4 1 6 7 4 1 2 3 4 11 6 10 4 17 8 18  6
5 6 12 4 1 6 10 4 13 2 14 4 13 6 10 4 11 2 3 4 8 6 16 4 8 2 3 4 11 6 16 4 5 2 9 4 17 1 18  9
1 2 14 4 11 6 10 4 5 2 14 4 1 6 10 4 8 6 10 4 5 6 10 4 13 2 14 4 13 6 10 4 8 2 14 4 17 11 18  9
13 2 9 4 8 6 16 4 8 2 14 4 11 6 7 4 13 6 7 4 1 2 15 4 11 2 9 4 5 6 12 4 1 6 12 4 17 5 18  2
8 6 12 4 1 6 12 4 13 2 15 4 5 2 3 4 11 2 15 4 13 6 16 4 1 2 9 4 11 6 16 4 5 6 7 4 17 8 18  6
1 6 7 4 13 2 3 4 11 6 10 4 8 6 7 4 5 6 10 4 8 2 3 4 5 2 9 4 13 6 7 4 11 2 9 4 17 1 18  12
5 6 10 4 5 2 15 4 8 6 16 4 13 6 16 4 1 6 16 4 11 2 9 4 11 6 16 4 8 2 9 4 13 2 9 4 17 1 18  6
11 6 12 4 8 6 12 4 1 6 7 4 5 2 15 4 1 2 3 4 5 6 16 4 13 6 7 4 13 2 3 4 11 2 9 4 17 8 18  6
11 6 16 4 13 6 12 4 11 2 3 4 1 2 3 4 8 6 12 4 5 2 14 4 8 2 9 4 5 6 10 4 1 6 16 4 17 13 18  6
5 2 3 4 8 2 9 4 1 6 7 4 5 6 12 4 13 6 7 4 11 6 10 4 11 2 14 4 8 6 16 4 13 2 15 4 17 1 18  2
8 6 7 4 1 6 16 4 13 6 12 4 5 2 14 4 11 6 12 4 8 2 14 4 5 6 7 4 13 2 9 4 1 2 3 4 17 11 18  6
8 6 7 4 5 2 14 4 13 6 7 4 1 6 12 4 11 2 3 4 13 2 15 4 1 2 9 4 5 6 10 4 11 6 16 4 17 8 18  2
1 2 9 4 11 6 12 4 11 2 3 4 1 6 7 4 8 6 7 4 5 6 7 4 8 2 9 4 13 6 12 4 13 2 3 4 17 5 18  6
5 6 12 4 13 2 14 4 5 2 14 4 8 2 9 4 11 6 16 4 13 6 12 4 8 6 7 4 11 2 15 4 1 6 16 4 17 1 18  2
5 2 9 4 8 6 7 4 8 2 14 4 5 6 16 4 13 2 3 4 13 6 10 4 11 6 16 4 11 2 9 4 1 6 7 4 17 1 18  9
5 6 16 4 1 2 15 4 1 6 12 4 8 6 12 4 8 2 15 4 13 2 9 4 13 6 16 4 11 6 16 4 5 2 9 4 17 11 18  6
8 6 10 4 1 6 7 4 11 6 12 4 13 6 10 4 5 2 14 4 11 2 15 4 1 2 14 4 5 6 7 4 8 2 9 4 17 13 18  6
5 2 15 4 8 2 14 4 5 6 7 4 11 6 7 4 13 2 15 4 13 6 7 4 8 6 12 4 1 6 12 4 1 2 14 4 17 11 18  2
5 2 15 4 11 2 9 4 1 6 12 4 5 6 10 4 11 6 16 4 8 2 3 4 1 2 3 4 8 6 12 4 13 6 10 4 17 13 18  2
13 2 9 4 11 2 9 4 5 2 3 4 1 6 10 4 11 6 16 4 8 2 14 4 13 6 16 4 5 6 10 4 8 6 12 4 17 1 18  12
1 2 14 4 8 6 10 4 11 2 3 4 11 6 7 4 1 6 16 4 13 6 16 4 5 6 16 4 8 2 9 4 13 2 14 4 17 5 18  9
1 2 9 4 11 6 7 4 5 2 3 4 13 6 16 4 8 6 7 4 13 2 3 4 1 6 7 4 5 6 16 4 8 2 9 4 17 11 18  6
5 2 15 4 13 6 7 4 8 6 10 4 13 2 3 4 5 6 10 4 11 6 16 4 8 2 15 4 1 6 16 4 1 2 14 4 17 11 18  9
5 6 10 4 1 6 10 4 11 2 15 4 5 2 9 4 11 6 12 4 8 6 12 4 13 2 15 4 8 2 15 4 13 6 12 4 17 1 18  6
13 6 12 4 8 2 15 4 1 6 12 4 1 2 14 4 11 6 16 4 11 2 3 4 8 6 10 4 13 2 14 4 5 6 10 4 17 5 18  2
1 6 16 4 1 2 15 4 11 6 16 4 5 6 16 4 8 6 16 4 13 6 10 4 8 2 15 4 11 2 15 4 13 2 9 4 17 5 18  2
