1 2 3 4 5 6 7 4 8 6 9 4 10 2 3 4 5 2 11 4 10 6 9 4 1 6 9 4 12 2 13 4 12 6 14 4 15 8 16  2
10 2 17 4 12 2 11 4 5 6 18 4 1 6 18 4 8 2 17 4 10 6 9 4 5 2 11 4 8 6 9 4 12 6 18 4 15 1 16  5
8 6 18 4 5 2 3 4 1 2 17 4 5 6 7 4 12 6 14 4 1 6 18 4 8 2 17 4 10 6 14 4 10 2 11 4 15 12 16  5
12 6 18 4 8 2 3 4 5 6 14 4 10 6 14 4 12 2 13 4 8 6 9 4 5 2 11 4 1 6 14 4 10 2 11 4 15 1 16  5
5 6 7 4 1 2 13 4 10 6 18 4 1 6 14 4 5 2 3 4 12 6 14 4 12 2 13 4 8 6 7 4 10 2 11 4 15 8 16  2
12 2 17 4 10 6 9 4 10 2 11 4 8 2 13 4 12 6 14 4 1 2 3 4 1 6 7 4 8 6 18 4 5 6 18 4 15 5 16  12
1 2 3 4 5 6 9 4 12 6 9 4 1 6 18 4 12 2 13 4 5 2 13 4 8 6 14 4 8 2 11 4 10 6 9 4 15 10 16  12
8 2 17 4 10 6 7 4 12 2 17 4 10 2 3 4 12 6 18 4 1 6 14 4 1 2 11 4 8 6 18 4 5 6 7 4 15 5 16  2
8 2 17 4 1 6 7 4 12 2 3 4 10 6 9 4 1 2 13 4 12 6 14 4 5 6 7 4 8 6 9 4 10 2 17 4 15 5 16  12
8 6 18 4 5 6 14 4 1 6 9 4 10 6 18 4 12 6 14 4 1 2 17 4 10 2 13 4 8 2 13 4 12 2 11 4 15 5 16  5
1 2 11 4 10 2 11 4 10 6 18 4 1 6 18 4 8 6 9 4 5 6 18 4 12 6 18 4 8 2 17 4 12 2 11 4 15 5 16  5
5 6 7 4 10 2 17 4 8 6 18 4 5 2 13 4 1 6 14 4 12 6 18 4 10 6 18 4 8 2 17 4 1 2 3 4 15 12 16  7
5 2 13 4 10 6 7 4 8 6 18 4 5 6 18 4 12 2 13 4 12 6 18 4 1 2 3 4 1 6 7 4 10 2 3 4 15 8 16  12
8 6 7 4 5 6 7 4 10 6 7 4 5 2 17 4 12 6 9 4 1 6 7 4 8 2 17 4 12 2 11 4 10 2 17 4 15 1 16  7
1 6 9 4 8 6 7 4 5 2 17 4 5 6 7 4 10 2 3 4 12 6 9 4 12 2 3 4 10 6 9 4 8 2 17 4 15 1 16  2
5 2 3 4 5 6 14 4 12 2 11 4 8 2 13 4 8 6 7 4 1 6 7 4 1 2 13 4 12 6 9 4 10 6 9 4 15 10 16  5
12 2 13 4 5 6 14 4 10 6 14 4 8 2 3 4 1 2 3 4 8 6 18 4 1 6 18 4 12 6 7 4 10 2 11 4 15 5 16  5
8 6 9 4 5 6 7 4 12 2 11 4 1 2 11 4 8 2 11 4 1 6 9 4 12 6 9 4 10 6 7 4 5 2 13 4 15 10 16  12
12 6 7 4 8 2 3 4 10 6 18 4 1 6 7 4 12 2 11 4 5 6 7 4 8 6 18 4 5 2 11 4 10 2 3 4 15 1 16  5
1 6 7 4 5 2 3 4 12 6 14 4 1 2 11 4 10 6 7 4 12 2 3 4 5 6 14 4 8 6 14 4 8 2 3 4 15 10 16  5
1 6 9 4 5 6 14 4 12 2 17 4 10 6 14 4 8 6 18 4 10 2 13 4 1 2 3 4 8 2 11 4 12 6 7 4 15 5 16  12
12 2 11 4 8 2 17 4 8 6 14 4 12 6 9 4 10 6 18 4 1 2 17 4 1 6 14 4 5 6 18 4 10 2 3 4 15 5 16  2
8 6 14 4 1 2 17 4 10 6 14 4 5 6 18 4 1 6 14 4 12 2 11 4 12 6 18 4 8 2 17 4 5 2 11 4 15 10 16  7
10 2 17 4 1 6 9 4 5 6 14 4 8 2 17 4 5 2 17 4 12 6 14 4 8 6 14 4 10 6 14 4 1 2 3 4 15 12 16  7
12 6 18 4 12 2 17 4 10 6 9 4 1 6 18 4 5 2 11 4 10 2 11 4 5 6 9 4 8 2 11 4 8 6 9 4 15 1 16  7
10 2 13 4 1 2 3 4 10 6 9 4 1 6 18 4 5 2 3 4 8 2 11 4 12 6 7 4 8 6 7 4 5 6 18 4 15 12 16  5
8 2 17 4 5 2 17 4 10 6 7 4 12 2 3 4 8 6 18 4 12 6 14 4 5 6 18 4 1 2 13 4 1 6 7 4 15 10 16  12
1 2 17 4 8 6 18 4 5 6 7 4 8 2 17 4 5 2 3 4 1 6 18 4 12 6 7 4 10 6 18 4 12 2 3 4 15 10 16  7
10 2 13 4 8 2 11 4 10 6 9 4 12 6 18 4 1 6 18 4 12 2 11 4 5 6 18 4 8 6 18 4 5 2 11 4 15 1 16  5
5 6 14 4 12 6 14 4 1 2 13 4 10 6 18 4 8 6 7 4 1 6 18 4 8 2 11 4 12 2 3 4 10 2 13 4 15 5 16  2
5 6 7 4 12 6 18 4 1 6 14 4 10 6 14 4 5 2 13 4 12 2 3 4 8 6 9 4 8 2 17 4 10 2 11 4 15 1 16  5
8 2 13 4 10 2 11 4 12 6 18 4 1 2 17 4 5 6 9 4 8 6 18 4 10 6 14 4 12 2 13 4 1 6 9 4 15 5 16  7
1 2 11 4 5 2 17 4 1 6 18 4 5 6 14 4 8 2 3 4 12 6 7 4 10 2 13 4 10 6 7 4 8 6 9 4 15 12 16  12
1 6 14 4 5 2 17 4 8 6 7 4 10 6 9 4 8 2 17 4 12 6 14 4 12 2 3 4 5 6 7 4 10 2 11 4 15 1 16  2
12 6 18 4 10 2 11 4 8 2 3 4 1 6 18 4 5 6 14 4 5 2 11 4 8 6 18 4 10 6 14 4 12 2 3 4 15 1 16  2
1 2 17 4 12 6 18 4 5 6 18 4 8 2 3 4 1 6 18 4 5 2 17 4 10 6 14 4 8 6 7 4 10 2 13 4 15 12 16  7
12 6 18 4 5 6 14 4 1 6 14 4 10 2 17 4 8 2 11 4 5 2 13 4 8 6 7 4 10 6 18 4 1 2 13 4 15 12 16  7
12 6 14 4 5 6 18 4 5 2 17 4 1 6 14 4 10 6 7 4 8 2 11 4 8 6 9 4 1 2 3 4 10 2 13 4 15 12 16  2
1 6 18 4 10 6 9 4 5 2 3 4 8 2 11 4 10 2 11 4 5 6 18 4 12 6 18 4 8 6 9 4 12 2 3 4 15 1 16  2
5 6 7 4 12 2 3 4 5 2 11 4 12 6 14 4 8 2 17 4 1 6 18 4 1 2 17 4 10 6 18 4 8 6 18 4 15 10 16  7
10 2 13 4 10 6 7 4 12 2 3 4 12 6 9 4 5 6 9 4 1 6 14 4 5 2 3 4 1 2 11 4 8 6 7 4 15 8 16  12
12 2 17 4 1 6 7 4 1 2 11 4 10 6 14 4 10 2 13 4 5 6 7 4 5 2 11 4 12 6 9 4 8 6 7 4 15 8 16  5
5 2 13 4 8 2 11 4 8 6 18 4 12 2 11 4 10 2 13 4 5 6 9 4 12 6 18 4 1 6 9 4 10 6 9 4 15 1 16  12
1 6 14 4 1 2 17 4 10 2 3 4 5 6 9 4 5 2 13 4 8 6 7 4 12 6 7 4 12 2 11 4 10 6 18 4 15 8 16  5
12 2 3 4 8 6 9 4 1 6 9 4 10 6 7 4 10 2 3 4 12 6 7 4 5 2 3 4 1 2 13 4 5 6 7 4 15 8 16  12
12 6 7 4 12 2 17 4 5 2 3 4 5 6 18 4 8 2 17 4 10 6 18 4 8 6 7 4 1 6 7 4 1 2 17 4 15 10 16  2
8 6 18 4 10 6 7 4 10 2 13 4 1 2 13 4 5 2 3 4 12 6 18 4 12 2 11 4 1 6 7 4 5 6 14 4 15 8 16  5
5 2 3 4 12 6 14 4 1 6 14 4 8 6 7 4 10 2 3 4 5 6 18 4 8 2 13 4 10 6 18 4 12 2 11 4 15 1 16  5
1 6 18 4 10 2 11 4 8 6 9 4 8 2 17 4 10 6 7 4 1 2 3 4 5 2 3 4 5 6 18 4 12 6 18 4 15 12 16  2
1 2 11 4 1 6 18 4 12 2 11 4 12 6 18 4 10 2 17 4 5 6 14 4 8 2 11 4 8 6 18 4 10 6 14 4 15 5 16  7
12 2 17 4 1 6 18 4 8 6 7 4 8 2 17 4 12 6 7 4 10 2 17 4 5 6 18 4 5 2 13 4 10 6 7 4 15 1 16  12
5 2 11 4 5 6 9 4 1 2 17 4 1 6 18 4 10 6 9 4 8 2 11 4 10 2 11 4 12 6 18 4 8 6 9 4 15 12 16  7
12 6 7 4 5 6 7 4 8 6 18 4 12 2 11 4 1 6 18 4 10 6 7 4 1 2 3 4 5 2 11 4 8 2 3 4 15 10 16  5
5 6 9 4 12 6 7 4 10 6 14 4 12 2 17 4 8 2 3 4 8 6 9 4 10 2 11 4 1 6 9 4 5 2 3 4 15 1 16  2
1 6 7 4 8 2 3 4 1 2 11 4 10 6 7 4 5 2 11 4 12 6 7 4 5 6 7 4 8 6 14 4 10 2 11 4 15 12 16  5
5 2 17 4 12 2 3 4 1 2 13 4 1 6 9 4 12 6 14 4 8 6 9 4 10 6 14 4 5 6 7 4 8 2 13 4 15 10 16  2
5 2 3 4 1 6 18 4 12 6 7 4 10 6 14 4 1 2 11 4 5 6 7 4 12 2 3 4 8 6 14 4 8 2 13 4 15 10 16  12
10 6 14 4 5 6 9 4 12 6 14 4 8 6 7 4 12 2 13 4 1 6 9 4 5 2 17 4 10 2 13 4 8 2 3 4 15 1 16  7
8 6 7 4 1 6 7 4 8 2 11 4 1 2 11 4 5 2 11 4 5 6 7 4 10 2 11 4 10 6 7 4 12 6 7 4 15 12 16  5
5 6 14 4 5 2 13 4 12 6 18 4 1 6 7 4 1 2 17 4 8 6 18 4 10 2 13 4 8 2 3 4 10 6 14 4 15 12 16  2
10 6 9 4 12 2 13 4 10 2 11 4 5 2 13 4 8 6 9 4 1 6 9 4 8 2 11 4 12 6 14 4 5 6 14 4 15 1 16  5
8 6 7 4 10 2 11 4 1 6 7 4 5 2 17 4 5 6 9 4 12 6 7 4 12 2 11 4 1 2 11 4 10 6 7 4 15 8 16  5
5 6 14 4 1 6 18 4 12 2 17 4 1 2 3 4 10 6 9 4 8 6 9 4 5 2 11 4 12 6 9 4 8 2 17 4 15 10 16  7
12 2 3 4 1 6 18 4 5 6 7 4 10 6 14 4 8 6 18 4 12 6 14 4 8 2 13 4 5 2 11 4 10 2 3 4 15 1 16  12
1 6 9 4 8 2 13 4 8 6 7 4 10 6 7 4 5 6 7 4 10 2 13 4 12 6 9 4 1 2 11 4 12 2 11 4 15 5 16  12
8 6 14 4 8 2 3 4 5 6 9 4 12 6 9 4 1 6 14 4 10 2 11 4 1 2 3 4 5 2 17 4 10 6 18 4 15 12 16  7
12 2 17 4 8 6 9 4 12 6 9 4 1 2 17 4 1 6 9 4 10 2 3 4 5 6 7 4 10 6 7 4 8 2 17 4 15 5 16  2
10 6 7 4 12 6 9 4 10 2 11 4 5 2 17 4 1 6 7 4 8 6 18 4 8 2 13 4 1 2 11 4 5 6 9 4 15 12 16  7
1 2 17 4 12 6 9 4 10 2 11 4 1 6 9 4 5 2 17 4 12 2 17 4 5 6 9 4 10 6 14 4 8 6 9 4 15 8 16  7
12 2 13 4 5 2 17 4 5 6 18 4 10 6 9 4 10 2 11 4 12 6 7 4 1 6 18 4 1 2 17 4 8 6 9 4 15 8 16  5
8 2 11 4 10 2 3 4 1 6 14 4 5 6 14 4 10 6 18 4 12 2 13 4 8 6 14 4 12 6 9 4 1 2 11 4 15 5 16  5
12 2 17 4 12 6 18 4 10 2 17 4 5 6 14 4 1 6 9 4 1 2 13 4 10 6 18 4 8 2 3 4 8 6 14 4 15 5 16  2
10 6 7 4 12 2 11 4 1 6 9 4 8 2 11 4 5 6 7 4 1 2 13 4 8 6 7 4 12 6 7 4 5 2 11 4 15 10 16  5
5 2 11 4 10 2 11 4 8 6 18 4 1 6 9 4 8 2 13 4 12 2 3 4 5 6 14 4 12 6 9 4 10 6 14 4 15 1 16  2
1 6 7 4 12 2 13 4 10 6 14 4 10 2 13 4 12 6 14 4 5 6 7 4 1 2 11 4 5 2 11 4 8 6 14 4 15 8 16  12
5 6 9 4 10 2 13 4 8 2 17 4 10 6 9 4 8 6 7 4 5 2 13 4 12 2 3 4 12 6 18 4 1 6 9 4 15 1 16  12
1 2 13 4 8 2 13 4 12 2 3 4 10 6 9 4 10 2 13 4 12 6 18 4 8 6 9 4 5 6 9 4 1 6 9 4 15 5 16  12
10 6 9 4 1 2 11 4 1 6 14 4 8 2 3 4 5 6 18 4 12 6 14 4 5 2 13 4 8 6 9 4 12 2 11 4 15 10 16  2
12 2 11 4 1 6 7 4 10 6 9 4 5 2 3 4 12 6 7 4 5 6 9 4 8 2 3 4 8 6 9 4 1 2 11 4 15 10 16  2
8 6 9 4 1 2 17 4 5 6 9 4 5 2 13 4 12 6 9 4 12 2 13 4 10 6 9 4 1 6 18 4 10 2 13 4 15 8 16  12
1 6 7 4 8 2 13 4 5 2 13 4 8 6 14 4 12 2 3 4 5 6 14 4 12 6 9 4 10 6 9 4 1 2 11 4 15 10 16  2
8 6 7 4 8 2 13 4 10 6 14 4 10 2 3 4 12 6 18 4 1 2 13 4 12 2 17 4 5 6 18 4 1 6 7 4 15 5 16  7
12 6 7 4 5 6 9 4 8 2 17 4 1 2 11 4 10 6 18 4 5 2 17 4 10 2 3 4 8 6 9 4 1 6 7 4 15 12 16  5
8 2 17 4 1 6 7 4 10 6 18 4 10 2 3 4 12 6 14 4 1 2 13 4 12 2 11 4 8 6 9 4 5 6 7 4 15 5 16  12
8 2 17 4 10 2 11 4 1 2 13 4 10 6 9 4 12 2 17 4 8 6 7 4 1 6 14 4 12 6 7 4 5 6 14 4 15 5 16  12
1 2 13 4 10 2 17 4 12 2 3 4 1 6 9 4 5 6 7 4 8 2 11 4 8 6 18 4 10 6 7 4 12 6 14 4 15 5 16  7
8 6 14 4 8 2 13 4 5 2 17 4 12 6 7 4 10 2 11 4 5 6 18 4 1 2 3 4 10 6 9 4 1 6 7 4 15 12 16  2
1 6 18 4 5 6 18 4 1 2 11 4 8 6 14 4 5 2 11 4 10 2 17 4 8 2 17 4 10 6 14 4 12 6 18 4 15 12 16  5
5 6 7 4 12 6 7 4 1 2 11 4 1 6 18 4 12 2 17 4 10 2 11 4 10 6 18 4 8 6 9 4 8 2 3 4 15 5 16  7
8 6 14 4 12 2 13 4 1 6 18 4 12 6 9 4 5 2 17 4 10 2 3 4 5 6 14 4 1 2 11 4 10 6 7 4 15 8 16  7
10 6 9 4 12 6 9 4 5 2 11 4 5 6 14 4 10 2 17 4 1 2 3 4 8 2 17 4 1 6 7 4 8 6 9 4 15 12 16  7
8 2 3 4 5 2 11 4 10 2 11 4 12 2 17 4 5 6 9 4 12 6 14 4 10 6 9 4 8 6 7 4 1 6 9 4 15 1 16  5
12 6 7 4 8 2 17 4 5 6 9 4 12 2 17 4 8 6 7 4 1 2 3 4 10 6 9 4 5 2 11 4 1 6 14 4 15 10 16  5
1 6 7 4 8 2 13 4 8 6 14 4 5 2 13 4 5 6 14 4 10 6 7 4 1 2 17 4 12 2 13 4 12 6 14 4 15 10 16  7
1 2 11 4 1 6 9 4 12 2 17 4 5 6 9 4 8 2 13 4 8 6 18 4 10 6 14 4 10 2 17 4 12 6 14 4 15 5 16  5
8 2 3 4 8 6 14 4 10 6 18 4 12 6 18 4 5 2 3 4 5 6 14 4 1 2 13 4 12 2 11 4 1 6 9 4 15 10 16  5
12 6 7 4 8 6 9 4 5 6 9 4 10 2 3 4 1 6 18 4 12 2 17 4 10 6 18 4 5 2 11 4 8 2 11 4 15 1 16  2
5 2 11 4 10 2 11 4 12 6 18 4 1 6 14 4 10 6 18 4 5 6 18 4 1 2 3 4 8 6 9 4 8 2 13 4 15 12 16  5
1 6 18 4 8 6 18 4 12 2 13 4 12 6 9 4 1 2 3 4 5 2 3 4 10 2 13 4 5 6 18 4 10 6 9 4 15 8 16  2
12 6 7 4 10 2 13 4 5 6 14 4 8 6 18 4 10 6 7 4 1 6 14 4 1 2 11 4 5 2 11 4 8 2 17 4 15 12 16  12
5 6 9 4 12 2 17 4 10 6 9 4 8 6 18 4 1 2 3 4 1 6 14 4 8 2 17 4 12 6 18 4 5 2 13 4 15 10 16  12
10 2 13 4 10 6 7 4 12 6 9 4 1 6 7 4 8 6 9 4 5 2 17 4 12 2 11 4 8 2 11 4 5 6 18 4 15 1 16  12
8 6 7 4 12 6 18 4 1 6 9 4 10 2 13 4 10 6 14 4 12 2 17 4 8 2 11 4 1 2 3 4 5 6 7 4 15 5 16  5
12 6 14 4 1 6 7 4 5 6 14 4 1 2 13 4 12 2 3 4 8 6 14 4 10 2 11 4 8 2 3 4 10 6 9 4 15 5 16  2
5 6 9 4 10 6 18 4 8 6 7 4 10 2 11 4 8 2 3 4 1 6 14 4 5 2 13 4 1 2 17 4 12 6 9 4 15 12 16  12
1 2 17 4 5 2 17 4 8 2 3 4 1 6 9 4 10 6 18 4 12 6 18 4 10 2 3 4 8 6 18 4 5 6 9 4 15 12 16  2
5 2 11 4 10 2 17 4 1 2 11 4 10 6 14 4 8 6 18 4 8 2 3 4 5 6 9 4 1 6 9 4 12 6 14 4 15 12 16  7
8 6 14 4 1 2 17 4 1 6 14 4 12 2 17 4 8 2 17 4 5 2 13 4 5 6 9 4 10 6 14 4 12 6 14 4 15 10 16  7
1 6 9 4 1 2 17 4 12 2 3 4 8 2 3 4 5 2 17 4 12 6 18 4 5 6 9 4 8 6 18 4 10 6 18 4 15 10 16  2
5 6 14 4 10 6 18 4 12 6 18 4 8 2 17 4 5 2 3 4 10 2 17 4 8 6 18 4 12 2 17 4 1 6 18 4 15 1 16  7
10 2 13 4 1 2 13 4 5 2 3 4 10 6 18 4 1 6 18 4 5 6 14 4 8 6 18 4 8 2 13 4 12 6 18 4 15 12 16  12
10 6 7 4 5 2 3 4 1 2 11 4 12 6 7 4 12 2 11 4 1 6 7 4 8 6 7 4 8 2 11 4 5 6 14 4 15 10 16  5
8 6 14 4 5 6 7 4 5 2 17 4 10 2 13 4 10 6 9 4 8 2 11 4 1 6 7 4 12 6 14 4 1 2 17 4 15 12 16  5
12 2 3 4 12 6 7 4 5 6 9 4 5 2 11 4 8 6 9 4 10 2 17 4 1 2 3 4 1 6 7 4 10 6 18 4 15 8 16  5
10 2 17 4 5 2 17 4 8 2 17 4 10 6 14 4 5 6 14 4 12 6 9 4 1 6 14 4 8 6 14 4 12 2 3 4 15 1 16  7
10 6 14 4 1 2 13 4 5 6 14 4 8 6 9 4 10 2 11 4 12 2 17 4 8 2 13 4 1 6 9 4 12 6 7 4 15 5 16  5
10 2 17 4 5 6 18 4 8 2 11 4 12 6 9 4 1 2 17 4 8 6 18 4 5 2 11 4 1 6 9 4 10 6 9 4 15 12 16  7
5 6 18 4 10 2 11 4 5 2 3 4 1 6 14 4 1 2 17 4 8 2 13 4 8 6 9 4 10 6 7 4 12 6 14 4 15 12 16  7
1 6 14 4 10 6 9 4 10 2 17 4 5 2 11 4 8 6 7 4 5 6 18 4 1 2 3 4 12 6 7 4 12 2 13 4 15 8 16  12
1 6 9 4 10 6 14 4 10 2 3 4 8 6 7 4 8 2 13 4 5 6 9 4 12 6 14 4 12 2 3 4 1 2 17 4 15 5 16  7
1 6 14 4 10 6 14 4 5 2 17 4 12 6 18 4 12 2 11 4 1 2 3 4 8 6 7 4 5 6 9 4 8 2 13 4 15 10 16  2
12 6 18 4 10 6 7 4 10 2 17 4 8 6 9 4 12 2 13 4 1 6 9 4 8 2 3 4 5 6 9 4 1 2 3 4 15 5 16  2
5 6 14 4 5 2 3 4 10 6 7 4 1 6 7 4 12 6 9 4 8 6 9 4 12 2 11 4 1 2 17 4 10 2 17 4 15 8 16  5
10 2 17 4 1 6 14 4 12 2 3 4 8 6 14 4 5 2 3 4 12 6 7 4 5 6 7 4 10 6 14 4 8 2 17 4 15 1 16  7
8 6 14 4 10 2 13 4 12 6 14 4 10 6 18 4 12 2 3 4 5 6 9 4 5 2 17 4 1 6 18 4 8 2 3 4 15 1 16  12
12 6 7 4 1 2 3 4 5 6 7 4 1 6 9 4 8 2 13 4 12 2 17 4 5 2 17 4 8 6 18 4 10 6 9 4 15 10 16  2
1 6 9 4 12 6 7 4 8 6 7 4 1 2 13 4 8 2 17 4 10 2 3 4 10 6 18 4 5 2 3 4 5 6 18 4 15 12 16  7
5 2 3 4 10 6 7 4 10 2 17 4 1 6 7 4 12 6 18 4 8 6 18 4 1 2 17 4 8 2 11 4 5 6 14 4 15 12 16  5
8 6 7 4 12 6 7 4 1 6 14 4 8 2 13 4 1 2 17 4 5 2 13 4 12 2 13 4 5 6 7 4 10 6 14 4 15 10 16  7
12 6 14 4 5 2 17 4 10 6 9 4 8 2 17 4 5 6 18 4 10 2 13 4 1 6 14 4 8 6 18 4 1 2 3 4 15 12 16  2
12 2 11 4 1 6 14 4 12 6 14 4 10 6 9 4 5 6 9 4 8 6 18 4 10 2 13 4 8 2 17 4 5 2 13 4 15 1 16  5
12 6 9 4 8 6 14 4 12 2 11 4 5 6 9 4 10 6 14 4 1 6 7 4 1 2 13 4 8 2 17 4 10 2 17 4 15 5 16  5
8 2 11 4 1 2 13 4 5 2 11 4 10 2 17 4 12 6 7 4 1 6 7 4 10 6 9 4 5 6 14 4 8 6 14 4 15 12 16  12
10 2 11 4 8 6 9 4 5 2 13 4 12 2 11 4 12 6 18 4 1 2 13 4 10 6 18 4 5 6 9 4 1 6 9 4 15 8 16  12
8 6 9 4 1 6 9 4 5 2 17 4 5 6 18 4 10 6 18 4 8 2 13 4 10 2 17 4 12 6 9 4 12 2 13 4 15 1 16  12
1 2 11 4 1 6 14 4 12 2 3 4 5 2 17 4 12 6 9 4 5 6 7 4 10 2 17 4 10 6 7 4 8 6 14 4 15 8 16  5
8 6 9 4 10 2 13 4 12 2 3 4 1 2 17 4 5 6 18 4 8 2 17 4 1 6 9 4 12 6 18 4 10 6 14 4 15 5 16  2
1 6 9 4 10 2 11 4 5 6 9 4 8 6 9 4 5 2 11 4 12 6 9 4 8 2 11 4 12 2 11 4 10 6 9 4 15 1 16  5
12 6 7 4 8 6 9 4 8 2 11 4 10 6 9 4 1 6 7 4 5 6 9 4 1 2 17 4 12 2 17 4 10 2 11 4 15 5 16  5
8 6 14 4 12 6 14 4 8 2 17 4 5 6 18 4 10 6 7 4 5 2 3 4 1 2 17 4 10 2 11 4 1 6 14 4 15 12 16  7
5 6 7 4 1 2 11 4 12 2 3 4 8 2 11 4 8 6 9 4 10 6 14 4 10 2 13 4 1 6 9 4 12 6 7 4 15 5 16  2
1 6 14 4 12 6 9 4 10 6 18 4 1 2 3 4 5 6 9 4 5 2 11 4 8 6 9 4 10 2 13 4 8 2 11 4 15 12 16  5
10 2 3 4 12 6 18 4 10 6 14 4 1 2 3 4 12 2 13 4 8 2 17 4 8 6 9 4 1 6 14 4 5 6 9 4 15 5 16  7
8 6 18 4 12 6 14 4 1 6 14 4 5 2 3 4 10 6 18 4 1 2 13 4 10 2 11 4 12 2 13 4 5 6 7 4 15 8 16  5
12 6 14 4 12 2 3 4 1 6 18 4 1 2 17 4 5 6 9 4 10 6 7 4 8 6 9 4 10 2 11 4 8 2 13 4 15 5 16  12
10 2 13 4 8 2 17 4 5 2 3 4 12 6 7 4 5 6 9 4 8 6 18 4 12 2 11 4 10 6 14 4 1 6 9 4 15 1 16  2
1 6 9 4 5 6 18 4 8 2 13 4 10 6 14 4 12 2 17 4 1 2 17 4 8 6 14 4 12 6 9 4 5 2 3 4 15 10 16  12
5 6 7 4 1 6 7 4 10 2 17 4 8 2 11 4 10 6 14 4 1 2 3 4 8 6 18 4 12 2 13 4 12 6 9 4 15 5 16  2
5 6 7 4 8 2 11 4 1 6 7 4 10 6 14 4 1 2 3 4 8 6 9 4 5 2 3 4 12 6 14 4 10 2 13 4 15 12 16  12
1 6 9 4 8 2 13 4 8 6 18 4 10 6 9 4 5 6 9 4 1 2 17 4 5 2 17 4 12 6 18 4 12 2 13 4 15 10 16  7
5 6 9 4 1 2 13 4 10 2 17 4 8 6 14 4 12 2 17 4 12 6 7 4 5 2 3 4 10 6 7 4 1 6 14 4 15 8 16  12
5 6 7 4 10 6 9 4 8 6 14 4 12 6 18 4 1 2 17 4 1 6 9 4 12 2 11 4 5 2 3 4 8 2 13 4 15 10 16  7
12 6 14 4 10 6 14 4 5 6 18 4 5 2 3 4 1 2 13 4 1 6 7 4 8 6 7 4 12 2 17 4 10 2 17 4 15 8 16  12
1 6 14 4 8 2 17 4 12 6 7 4 10 6 7 4 5 6 18 4 1 2 3 4 5 2 17 4 8 6 18 4 10 2 13 4 15 12 16  12
10 6 9 4 12 6 9 4 10 2 17 4 12 2 17 4 1 2 3 4 1 6 18 4 8 6 18 4 5 2 13 4 5 6 7 4 15 8 16  2
12 6 14 4 12 2 17 4 1 2 3 4 8 6 7 4 10 2 17 4 10 6 14 4 1 6 7 4 8 2 3 4 5 6 14 4 15 5 16  7
1 2 11 4 8 6 9 4 1 6 14 4 10 2 11 4 5 2 17 4 5 6 9 4 12 6 14 4 10 6 14 4 12 2 11 4 15 8 16  7
12 2 11 4 5 6 9 4 1 6 7 4 5 2 13 4 8 6 14 4 10 6 7 4 8 2 17 4 12 6 7 4 10 2 11 4 15 1 16  5
8 2 3 4 10 6 9 4 8 6 9 4 10 2 3 4 1 6 9 4 12 6 9 4 12 2 3 4 5 6 14 4 5 2 13 4 15 1 16  2
5 6 14 4 12 2 17 4 1 6 14 4 12 6 9 4 5 2 11 4 8 2 3 4 8 6 7 4 1 2 11 4 10 6 9 4 15 10 16  7
1 6 9 4 12 6 9 4 8 6 9 4 10 2 3 4 5 2 11 4 1 2 17 4 12 2 17 4 5 6 7 4 10 6 14 4 15 8 16  7
8 2 17 4 8 6 18 4 12 6 7 4 5 2 3 4 10 6 7 4 5 6 9 4 1 2 3 4 10 2 13 4 1 6 9 4 15 12 16  12
12 2 11 4 10 6 9 4 1 6 14 4 12 6 18 4 1 2 13 4 5 6 7 4 8 6 9 4 5 2 17 4 8 2 3 4 15 10 16  2
10 2 13 4 8 6 18 4 10 6 9 4 1 6 18 4 8 2 11 4 12 6 7 4 5 6 18 4 5 2 11 4 12 2 3 4 15 1 16  5
5 6 18 4 1 2 11 4 10 6 14 4 5 2 3 4 1 6 9 4 10 2 13 4 8 6 14 4 12 6 18 4 12 2 3 4 15 8 16  12
12 6 14 4 8 2 11 4 10 6 9 4 5 2 17 4 8 6 9 4 10 2 11 4 12 2 3 4 1 6 18 4 5 6 18 4 15 1 16  7
1 2 17 4 10 2 11 4 12 6 14 4 8 2 17 4 8 6 7 4 10 6 14 4 12 2 11 4 1 6 7 4 5 6 14 4 15 5 16  5
10 6 9 4 8 6 18 4 12 2 17 4 1 2 17 4 5 2 17 4 5 6 9 4 1 6 9 4 8 2 11 4 12 6 9 4 15 10 16  7
8 2 11 4 1 2 3 4 10 6 14 4 5 2 11 4 12 2 11 4 8 6 14 4 12 6 14 4 1 6 18 4 5 6 14 4 15 10 16  5
12 6 14 4 1 6 7 4 5 6 14 4 5 2 17 4 10 6 9 4 1 2 3 4 12 2 17 4 8 2 11 4 8 6 9 4 15 10 16  5
1 2 11 4 12 6 18 4 12 2 13 4 8 2 3 4 10 6 14 4 5 6 14 4 1 6 14 4 10 2 11 4 8 6 7 4 15 5 16  5
5 6 7 4 12 6 9 4 8 6 9 4 10 2 3 4 8 2 17 4 5 2 13 4 1 6 7 4 1 2 13 4 10 6 18 4 15 12 16  7
5 6 14 4 10 2 11 4 1 2 13 4 12 6 18 4 1 6 18 4 10 6 7 4 8 2 11 4 8 6 7 4 5 2 3 4 15 12 16  12
1 2 11 4 10 2 17 4 8 2 3 4 8 6 18 4 12 2 17 4 12 6 9 4 5 6 18 4 10 6 9 4 1 6 14 4 15 5 16  2
10 6 14 4 12 6 7 4 1 6 7 4 8 6 9 4 12 2 17 4 8 2 3 4 5 6 14 4 10 2 11 4 5 2 11 4 15 1 16  7
5 6 18 4 10 2 17 4 10 6 7 4 8 2 11 4 12 2 3 4 12 6 9 4 5 2 13 4 8 6 14 4 1 6 7 4 15 1 16  7
1 2 17 4 1 6 14 4 5 2 11 4 8 6 14 4 10 2 11 4 10 6 18 4 12 6 7 4 12 2 3 4 5 6 18 4 15 8 16  7
10 6 7 4 1 6 18 4 5 6 18 4 8 2 13 4 5 2 3 4 12 6 7 4 10 2 11 4 12 2 11 4 8 6 9 4 15 1 16  2
8 2 3 4 10 6 9 4 5 6 18 4 8 6 18 4 10 2 13 4 1 6 7 4 12 2 13 4 12 6 9 4 1 2 11 4 15 5 16  2
8 2 13 4 12 2 3 4 1 6 7 4 8 6 14 4 1 2 17 4 10 6 18 4 5 6 18 4 10 2 11 4 12 6 9 4 15 5 16  5
8 2 13 4 5 2 13 4 1 6 14 4 5 6 14 4 10 6 9 4 1 2 13 4 8 6 14 4 10 2 17 4 12 6 14 4 15 12 16  12
8 6 7 4 5 2 13 4 10 2 13 4 5 6 14 4 12 6 7 4 1 2 11 4 10 6 14 4 8 2 11 4 1 6 7 4 15 12 16  5
5 6 7 4 8 6 18 4 5 2 3 4 10 6 9 4 10 2 11 4 12 6 18 4 1 6 18 4 1 2 13 4 8 2 13 4 15 12 16  12
12 2 3 4 12 6 14 4 5 6 14 4 10 2 13 4 1 6 18 4 8 6 9 4 1 2 13 4 8 2 17 4 10 6 18 4 15 5 16  2
8 6 9 4 12 6 7 4 8 2 17 4 10 6 9 4 5 2 17 4 5 6 9 4 10 2 17 4 12 2 11 4 1 6 9 4 15 1 16  7
1 6 9 4 5 6 9 4 5 2 3 4 10 2 3 4 8 6 18 4 10 6 9 4 1 2 3 4 12 6 18 4 12 2 13 4 15 8 16  12
1 6 14 4 10 2 17 4 8 2 3 4 8 6 14 4 5 6 14 4 10 6 9 4 1 2 3 4 12 6 18 4 12 2 11 4 15 5 16  2
10 2 11 4 12 2 17 4 1 6 14 4 12 6 14 4 5 2 13 4 10 6 7 4 8 6 14 4 1 2 17 4 5 6 9 4 15 8 16  7
8 6 14 4 1 2 17 4 12 2 3 4 1 6 9 4 5 6 14 4 5 2 3 4 12 6 14 4 10 2 3 4 10 6 14 4 15 8 16  2
5 6 14 4 1 6 14 4 10 6 9 4 12 6 14 4 12 2 3 4 10 2 17 4 8 6 14 4 8 2 3 4 5 2 3 4 15 1 16  2
8 2 3 4 10 2 13 4 12 6 14 4 5 6 18 4 1 2 3 4 10 6 14 4 8 6 7 4 1 6 7 4 5 2 11 4 15 12 16  12
12 6 18 4 12 2 13 4 5 6 14 4 10 6 18 4 8 6 14 4 1 2 17 4 1 6 9 4 5 2 3 4 8 2 3 4 15 10 16  12
1 2 3 4 1 6 7 4 10 2 11 4 12 2 17 4 8 6 9 4 10 6 9 4 5 2 17 4 12 6 18 4 5 6 18 4 15 8 16  5
1 2 17 4 12 6 9 4 8 6 9 4 12 2 3 4 10 6 9 4 10 2 3 4 1 6 14 4 5 6 9 4 8 2 3 4 15 5 16  2
12 2 13 4 1 2 13 4 5 6 9 4 10 6 14 4 5 2 17 4 1 6 14 4 12 6 14 4 8 6 9 4 8 2 17 4 15 10 16  12
8 6 18 4 10 6 9 4 8 2 13 4 5 6 18 4 12 2 13 4 5 2 13 4 12 6 18 4 10 2 17 4 1 6 9 4 15 1 16  7
10 6 9 4 8 2 11 4 1 2 17 4 10 2 11 4 1 6 18 4 12 2 3 4 12 6 14 4 8 6 9 4 5 6 14 4 15 5 16  2
1 6 14 4 5 2 3 4 5 6 7 4 8 6 18 4 10 2 13 4 12 6 14 4 12 2 13 4 8 2 17 4 10 6 14 4 15 1 16  12
1 2 3 4 8 6 9 4 10 2 13 4 10 6 14 4 12 6 14 4 1 6 7 4 5 6 9 4 12 2 13 4 8 2 17 4 15 5 16  7
1 2 17 4 8 6 14 4 5 6 9 4 8 2 11 4 10 6 14 4 5 2 3 4 12 2 17 4 1 6 18 4 12 6 18 4 15 10 16  5
8 6 14 4 5 6 18 4 5 2 17 4 1 2 3 4 10 2 13 4 12 2 13 4 10 6 9 4 1 6 14 4 12 6 9 4 15 8 16  2
8 6 9 4 1 2 11 4 12 2 11 4 1 6 14 4 10 6 9 4 12 6 14 4 5 2 13 4 5 6 18 4 8 2 17 4 15 10 16  7
8 2 3 4 5 2 17 4 1 2 3 4 10 2 11 4 10 6 9 4 1 6 7 4 8 6 7 4 5 6 14 4 12 6 7 4 15 12 16  2
5 6 9 4 12 2 13 4 1 6 7 4 8 2 17 4 12 6 18 4 8 6 7 4 1 2 17 4 10 2 3 4 10 6 9 4 15 5 16  2
5 6 9 4 12 2 13 4 5 2 3 4 10 6 14 4 12 6 18 4 8 6 9 4 1 2 17 4 10 2 17 4 1 6 14 4 15 8 16  2
12 6 14 4 10 6 7 4 5 6 9 4 12 2 11 4 8 2 17 4 8 6 7 4 10 2 17 4 1 6 9 4 1 2 3 4 15 5 16  2
8 6 18 4 1 6 9 4 5 2 13 4 1 2 3 4 12 2 13 4 5 6 14 4 10 6 14 4 12 6 14 4 8 2 11 4 15 10 16  12
10 2 13 4 8 2 3 4 8 6 18 4 5 6 9 4 1 6 9 4 12 2 13 4 12 6 9 4 10 6 9 4 5 2 13 4 15 1 16  12
10 6 9 4 12 6 9 4 10 2 11 4 5 6 14 4 5 2 13 4 8 2 3 4 8 6 18 4 1 6 7 4 1 2 17 4 15 12 16  5
1 2 13 4 10 6 18 4 8 6 18 4 5 2 11 4 5 6 18 4 1 6 7 4 8 2 11 4 12 6 7 4 12 2 13 4 15 10 16  5
1 2 11 4 5 6 9 4 12 2 3 4 12 6 9 4 10 6 14 4 10 2 17 4 8 2 3 4 8 6 9 4 1 6 18 4 15 5 16  2
8 6 14 4 10 6 9 4 1 2 17 4 12 2 17 4 12 6 14 4 8 2 17 4 5 6 14 4 1 6 14 4 10 2 11 4 15 5 16  7
12 2 3 4 8 2 13 4 1 6 18 4 8 6 7 4 1 2 17 4 12 6 14 4 5 6 9 4 5 2 11 4 10 6 14 4 15 10 16  2
8 2 17 4 10 2 11 4 5 2 3 4 10 6 18 4 5 6 9 4 12 6 7 4 8 6 14 4 1 2 13 4 1 6 7 4 15 12 16  12
1 2 11 4 8 2 13 4 10 2 3 4 1 6 14 4 5 6 9 4 12 2 3 4 10 6 9 4 8 6 18 4 12 6 9 4 15 5 16  2
8 6 14 4 10 2 13 4 8 2 3 4 5 6 18 4 1 6 7 4 5 2 13 4 1 2 17 4 12 6 14 4 10 6 18 4 15 12 16  2
8 6 14 4 5 2 3 4 8 2 17 4 12 2 11 4 1 6 18 4 5 6 9 4 1 2 11 4 10 6 14 4 12 6 18 4 15 10 16  7
1 6 18 4 12 6 18 4 5 2 17 4 8 2 11 4 1 2 17 4 8 6 14 4 10 6 18 4 5 6 18 4 12 2 17 4 15 10 16  7
5 6 9 4 8 6 9 4 10 6 9 4 12 2 3 4 8 2 11 4 1 2 11 4 10 2 11 4 1 6 9 4 12 6 7 4 15 5 16  5
10 2 3 4 5 6 14 4 8 6 9 4 1 2 11 4 12 6 18 4 5 2 13 4 1 6 9 4 10 6 7 4 12 2 17 4 15 8 16  5
12 6 7 4 1 6 7 4 8 6 18 4 10 6 14 4 10 2 3 4 5 6 14 4 8 2 11 4 1 2 17 4 12 2 17 4 15 5 16  2
8 2 11 4 12 2 17 4 5 6 18 4 10 2 11 4 8 6 18 4 1 6 9 4 10 6 18 4 12 6 14 4 1 2 3 4 15 5 16  5
8 6 7 4 10 2 3 4 12 6 9 4 5 6 9 4 10 6 14 4 12 2 11 4 5 2 11 4 1 6 7 4 1 2 17 4 15 8 16  7
10 6 18 4 5 6 7 4 5 2 11 4 1 2 17 4 8 2 11 4 12 6 18 4 8 6 7 4 12 2 3 4 1 6 9 4 15 10 16  2
10 6 18 4 8 2 13 4 10 2 17 4 8 6 7 4 1 6 18 4 12 6 14 4 5 2 13 4 5 6 7 4 12 2 3 4 15 1 16  7
1 6 18 4 12 6 9 4 10 2 3 4 1 2 3 4 5 2 3 4 8 2 17 4 8 6 9 4 10 6 18 4 5 6 18 4 15 12 16  7
12 6 9 4 12 2 13 4 1 2 3 4 10 2 13 4 1 6 7 4 5 6 9 4 8 6 7 4 5 2 13 4 10 6 9 4 15 8 16  2
12 2 11 4 12 6 14 4 5 6 14 4 8 6 9 4 8 2 3 4 1 2 17 4 10 2 11 4 1 6 18 4 10 6 14 4 15 5 16  5
1 6 14 4 5 6 7 4 12 2 17 4 1 2 3 4 5 2 13 4 8 6 7 4 10 2 3 4 10 6 14 4 12 6 18 4 15 8 16  12
1 6 7 4 12 2 3 4 8 2 13 4 12 6 18 4 10 2 13 4 5 6 14 4 8 6 14 4 1 2 11 4 10 6 14 4 15 5 16  12
1 2 3 4 1 6 14 4 8 2 13 4 10 2 13 4 5 6 9 4 5 2 17 4 8 6 18 4 10 6 18 4 12 6 9 4 15 12 16  7
5 2 13 4 1 2 11 4 12 6 14 4 8 6 14 4 5 6 9 4 12 2 11 4 10 2 13 4 10 6 9 4 1 6 14 4 15 8 16  5
10 2 17 4 1 2 3 4 8 6 14 4 5 6 7 4 10 6 7 4 12 6 7 4 12 2 17 4 8 2 13 4 1 6 18 4 15 5 16  7
5 6 9 4 10 2 13 4 12 2 3 4 12 6 18 4 10 6 9 4 1 6 18 4 8 2 13 4 1 2 3 4 8 6 9 4 15 5 16  12
10 6 9 4 10 2 3 4 1 6 9 4 5 6 18 4 12 6 18 4 1 2 3 4 8 2 11 4 8 6 18 4 5 2 11 4 15 12 16  5
5 6 7 4 10 2 3 4 10 6 7 4 12 2 17 4 8 6 7 4 1 6 7 4 8 2 3 4 12 6 9 4 1 2 3 4 15 5 16  2
1 2 13 4 8 6 18 4 5 6 14 4 12 6 18 4 12 2 11 4 10 2 17 4 1 6 7 4 10 6 14 4 5 2 17 4 15 8 16  5
1 6 18 4 5 6 7 4 8 2 17 4 1 2 11 4 12 2 11 4 8 6 14 4 10 6 7 4 12 6 18 4 5 2 13 4 15 10 16  12
8 6 18 4 1 6 18 4 5 6 7 4 10 2 17 4 10 6 14 4 8 2 11 4 5 2 13 4 12 6 14 4 12 2 17 4 15 1 16  5
1 6 9 4 8 2 17 4 10 2 13 4 10 6 18 4 1 2 11 4 8 6 14 4 12 2 17 4 5 6 9 4 12 6 14 4 15 5 16  5
5 2 13 4 1 2 13 4 5 6 9 4 1 6 9 4 8 2 3 4 8 6 14 4 12 2 13 4 10 6 9 4 12 6 9 4 15 10 16  12
8 6 7 4 5 6 14 4 12 2 3 4 1 2 11 4 12 6 14 4 8 2 11 4 10 6 14 4 5 2 3 4 1 6 7 4 15 10 16  2
5 2 3 4 1 6 18 4 8 2 3 4 10 6 18 4 10 2 13 4 8 6 7 4 12 6 7 4 5 6 7 4 12 2 3 4 15 1 16  12
5 6 7 4 12 2 17 4 8 2 13 4 12 6 9 4 1 6 9 4 1 2 17 4 8 6 7 4 10 6 9 4 5 2 13 4 15 10 16  7
5 6 7 4 12 2 17 4 10 6 7 4 12 6 14 4 8 2 11 4 1 6 18 4 8 6 7 4 5 2 11 4 1 2 3 4 15 10 16  5
8 6 9 4 12 6 9 4 5 6 18 4 8 2 17 4 1 2 17 4 12 2 17 4 10 2 3 4 1 6 9 4 10 6 18 4 15 5 16  2
12 6 18 4 8 2 13 4 10 2 13 4 1 2 3 4 5 6 18 4 5 2 3 4 10 6 9 4 8 6 9 4 1 6 18 4 15 12 16  2
5 6 18 4 12 2 11 4 12 6 14 4 1 6 7 4 1 2 13 4 8 6 14 4 10 6 9 4 10 2 17 4 5 2 3 4 15 8 16  5
10 6 7 4 1 6 18 4 10 2 3 4 8 2 11 4 1 2 17 4 8 6 14 4 5 6 18 4 12 6 18 4 5 2 17 4 15 12 16  7
12 2 17 4 10 2 13 4 5 2 13 4 12 6 9 4 5 6 14 4 1 6 14 4 8 6 9 4 1 2 13 4 10 6 14 4 15 8 16  7
5 6 7 4 12 6 9 4 8 6 18 4 1 6 9 4 5 2 3 4 1 2 11 4 12 2 11 4 10 6 7 4 8 2 13 4 15 10 16  2
8 6 18 4 12 6 18 4 10 6 9 4 10 2 11 4 5 6 7 4 8 2 13 4 5 2 17 4 1 6 14 4 1 2 3 4 15 12 16  12
12 6 9 4 1 6 9 4 8 2 11 4 8 6 14 4 12 2 17 4 5 2 17 4 5 6 9 4 10 6 7 4 10 2 3 4 15 1 16  7
8 6 9 4 12 2 11 4 10 2 11 4 1 2 11 4 10 6 14 4 12 6 14 4 1 6 14 4 5 2 13 4 5 6 9 4 15 8 16  12
10 6 9 4 5 6 14 4 5 2 17 4 1 2 13 4 8 6 14 4 12 6 9 4 10 2 13 4 12 2 13 4 1 6 9 4 15 8 16  7
8 2 3 4 5 2 11 4 12 2 13 4 10 6 9 4 12 6 7 4 1 6 18 4 5 6 9 4 1 2 17 4 8 6 14 4 15 10 16  5
1 2 13 4 10 6 7 4 5 6 18 4 5 2 3 4 1 6 14 4 8 6 7 4 12 2 11 4 10 2 17 4 12 6 9 4 15 8 16  7
5 6 14 4 1 6 14 4 12 2 3 4 10 2 13 4 8 6 14 4 8 2 11 4 10 6 9 4 12 6 18 4 1 2 11 4 15 5 16  5
8 2 11 4 12 6 7 4 12 2 13 4 5 6 14 4 10 6 7 4 1 6 7 4 8 6 9 4 5 2 3 4 1 2 13 4 15 10 16  12
12 6 18 4 10 6 14 4 12 2 11 4 10 2 13 4 5 2 11 4 1 6 18 4 8 6 14 4 1 2 11 4 5 6 18 4 15 8 16  12
5 6 7 4 1 6 14 4 1 2 3 4 10 6 14 4 8 6 9 4 8 2 13 4 5 2 11 4 12 6 9 4 12 2 13 4 15 10 16  2
8 6 9 4 1 6 14 4 12 6 18 4 5 2 13 4 8 2 11 4 5 6 18 4 10 6 14 4 1 2 17 4 10 2 17 4 15 12 16  12
1 6 7 4 10 6 14 4 1 2 13 4 10 2 3 4 5 6 14 4 12 2 17 4 12 6 9 4 8 6 18 4 8 2 11 4 15 5 16  2
10 6 14 4 5 6 14 4 10 2 17 4 1 6 7 4 12 6 18 4 8 6 18 4 12 2 11 4 1 2 13 4 8 2 11 4 15 5 16  7
5 6 7 4 1 2 13 4 1 6 9 4 8 6 9 4 10 2 17 4 12 6 14 4 12 2 11 4 5 2 17 4 10 6 7 4 15 8 16  12
5 2 13 4 1 6 18 4 10 6 18 4 1 2 11 4 10 2 11 4 8 6 14 4 12 2 11 4 5 6 14 4 12 6 18 4 15 8 16  12
8 6 14 4 1 6 14 4 1 2 11 4 10 6 9 4 5 6 14 4 12 2 3 4 10 2 3 4 5 2 11 4 12 6 9 4 15 8 16  5
1 6 9 4 10 6 9 4 5 2 11 4 1 2 13 4 10 2 13 4 12 6 18 4 5 6 18 4 8 6 9 4 8 2 13 4 15 12 16  5
1 6 18 4 5 6 7 4 12 6 7 4 12 2 11 4 10 2 3 4 10 6 18 4 1 2 3 4 8 6 18 4 8 2 3 4 15 5 16  5
10 2 13 4 1 6 7 4 8 6 18 4 10 6 18 4 12 6 7 4 5 6 7 4 12 2 17 4 8 2 13 4 1 2 17 4 15 5 16  7
8 2 11 4 8 6 7 4 12 6 14 4 1 6 9 4 5 2 17 4 12 2 17 4 10 6 9 4 1 2 13 4 5 6 14 4 15 10 16  12
8 6 9 4 8 2 11 4 5 6 9 4 5 2 11 4 1 6 7 4 12 2 11 4 10 6 7 4 1 2 17 4 12 6 9 4 15 10 16  7
8 6 14 4 10 2 11 4 12 2 11 4 1 2 17 4 12 6 14 4 5 2 11 4 5 6 14 4 1 6 9 4 10 6 14 4 15 8 16  5
8 6 18 4 10 2 11 4 10 6 18 4 1 6 7 4 12 2 11 4 12 6 18 4 5 2 11 4 1 2 3 4 5 6 18 4 15 8 16  5
1 2 13 4 8 2 13 4 10 6 14 4 12 6 18 4 1 6 7 4 8 6 7 4 5 6 18 4 10 2 11 4 12 2 17 4 15 5 16  7
8 2 17 4 5 6 7 4 10 6 7 4 5 2 17 4 8 6 7 4 12 6 7 4 12 2 17 4 1 2 17 4 1 6 7 4 15 10 16  7
5 6 14 4 8 6 7 4 1 6 14 4 5 2 17 4 10 2 11 4 12 6 14 4 1 2 17 4 10 6 7 4 8 2 11 4 15 12 16  7
8 6 14 4 5 2 13 4 12 2 11 4 10 6 14 4 1 6 7 4 8 2 11 4 12 6 14 4 5 6 7 4 1 2 13 4 15 10 16  5
10 6 9 4 12 6 14 4 10 2 3 4 8 6 7 4 5 2 17 4 1 6 7 4 12 2 13 4 5 6 7 4 8 2 17 4 15 1 16  7
10 6 18 4 12 6 7 4 5 6 7 4 12 2 13 4 8 6 7 4 10 2 11 4 5 2 13 4 1 6 7 4 1 2 13 4 15 8 16  12
5 6 14 4 8 2 17 4 12 2 13 4 8 6 7 4 5 2 13 4 12 6 14 4 1 6 9 4 1 2 11 4 10 6 7 4 15 10 16  7
10 2 17 4 12 6 18 4 1 2 11 4 1 6 7 4 10 6 9 4 8 6 7 4 12 2 13 4 5 6 18 4 8 2 11 4 15 5 16  12
1 2 3 4 8 6 7 4 12 2 11 4 5 6 7 4 1 6 18 4 12 6 7 4 10 6 18 4 10 2 3 4 5 2 11 4 15 8 16  5
1 6 9 4 12 2 13 4 12 6 14 4 10 2 17 4 8 2 13 4 5 6 9 4 10 6 18 4 5 2 11 4 8 6 14 4 15 1 16  5
10 2 17 4 8 6 9 4 10 6 7 4 8 2 3 4 12 2 13 4 12 6 18 4 5 2 17 4 1 6 7 4 5 6 7 4 15 1 16  7
8 6 7 4 1 6 9 4 8 2 13 4 10 6 14 4 12 6 14 4 10 2 3 4 5 6 9 4 5 2 17 4 12 2 3 4 15 1 16  7
8 6 18 4 5 6 18 4 12 2 13 4 12 6 7 4 1 2 17 4 10 2 17 4 1 6 18 4 8 2 17 4 10 6 18 4 15 5 16  7
1 2 11 4 8 2 11 4 12 6 14 4 10 2 13 4 5 6 9 4 1 6 9 4 8 6 9 4 10 6 14 4 12 2 13 4 15 5 16  5
12 6 18 4 5 6 9 4 1 6 9 4 8 6 7 4 10 2 3 4 8 2 13 4 10 6 14 4 5 2 17 4 12 2 11 4 15 1 16  7
8 6 14 4 12 6 14 4 10 6 9 4 1 6 14 4 5 2 3 4 10 2 11 4 8 2 17 4 1 2 17 4 5 6 18 4 15 12 16  7
1 6 7 4 8 2 3 4 8 6 18 4 1 2 13 4 5 2 11 4 10 2 17 4 5 6 14 4 10 6 9 4 12 6 18 4 15 12 16  2
1 6 14 4 8 6 18 4 5 2 17 4 10 6 14 4 5 6 7 4 1 2 3 4 12 2 13 4 12 6 9 4 8 2 11 4 15 10 16  2
1 6 7 4 8 2 17 4 10 6 7 4 5 2 17 4 8 6 18 4 12 6 7 4 12 2 3 4 5 6 18 4 1 2 3 4 15 10 16  2
12 6 14 4 10 2 17 4 5 6 9 4 1 6 14 4 1 2 17 4 5 2 11 4 10 6 14 4 12 2 17 4 8 6 9 4 15 8 16  5
1 2 3 4 8 6 9 4 8 2 11 4 12 2 3 4 12 6 14 4 5 6 14 4 10 2 13 4 10 6 18 4 1 6 14 4 15 5 16  2
12 2 17 4 10 6 9 4 12 6 18 4 1 6 14 4 1 2 13 4 8 6 9 4 10 2 11 4 5 6 18 4 8 2 11 4 15 5 16  7
8 6 18 4 1 6 9 4 5 2 11 4 12 2 3 4 12 6 14 4 10 2 17 4 5 6 9 4 8 2 13 4 10 6 7 4 15 1 16  5
1 6 14 4 10 6 18 4 1 2 3 4 5 6 18 4 8 2 17 4 5 2 13 4 12 2 11 4 8 6 7 4 12 6 9 4 15 10 16  12
8 6 14 4 12 6 14 4 12 2 3 4 5 2 3 4 1 6 14 4 10 2 11 4 1 2 3 4 10 6 18 4 5 6 14 4 15 8 16  2
1 6 14 4 10 2 13 4 8 2 11 4 5 6 18 4 8 6 14 4 10 6 9 4 1 2 11 4 12 2 3 4 12 6 18 4 15 5 16  2
10 2 11 4 1 2 13 4 10 6 9 4 1 6 7 4 5 2 17 4 8 6 7 4 12 6 9 4 5 6 14 4 12 2 11 4 15 8 16  12
10 2 11 4 12 2 17 4 8 6 18 4 8 2 3 4 12 6 9 4 10 6 7 4 1 6 14 4 5 6 7 4 1 2 13 4 15 5 16  5
12 2 11 4 8 6 18 4 8 2 11 4 12 6 18 4 10 6 9 4 1 2 3 4 1 6 9 4 5 2 11 4 5 6 18 4 15 10 16  2
12 2 17 4 12 6 18 4 1 6 18 4 5 6 9 4 1 2 17 4 10 6 9 4 8 6 14 4 8 2 3 4 5 2 13 4 15 10 16  12
12 6 9 4 1 6 9 4 10 6 9 4 10 2 17 4 5 6 7 4 12 2 17 4 1 2 17 4 8 2 3 4 8 6 7 4 15 5 16  2
1 6 14 4 10 6 18 4 10 2 11 4 8 6 7 4 5 2 17 4 1 2 3 4 5 6 9 4 12 6 14 4 8 2 13 4 15 12 16  2
5 6 14 4 1 6 18 4 1 2 3 4 8 6 7 4 5 2 11 4 12 6 9 4 12 2 13 4 10 6 7 4 8 2 17 4 15 10 16  7
5 2 11 4 10 2 11 4 12 6 14 4 1 2 3 4 1 6 7 4 5 6 18 4 10 6 18 4 8 6 14 4 8 2 13 4 15 12 16  12
12 6 14 4 5 2 17 4 8 6 9 4 5 6 18 4 8 2 3 4 12 2 11 4 1 2 13 4 1 6 7 4 10 6 14 4 15 10 16  5
8 6 18 4 5 2 13 4 12 2 3 4 10 2 11 4 12 6 9 4 1 6 14 4 1 2 17 4 5 6 18 4 10 6 7 4 15 8 16  12
12 6 18 4 10 6 18 4 8 6 7 4 5 2 3 4 1 2 13 4 5 6 7 4 1 6 18 4 10 2 13 4 12 2 13 4 15 8 16  2
10 6 7 4 8 6 7 4 1 6 7 4 12 6 18 4 12 2 13 4 5 2 13 4 10 2 11 4 5 6 18 4 8 2 11 4 15 1 16  5
8 6 18 4 1 2 3 4 12 6 14 4 10 2 3 4 10 6 7 4 1 6 7 4 5 2 13 4 8 2 17 4 5 6 14 4 15 12 16  12
1 6 14 4 1 2 17 4 10 6 7 4 8 6 14 4 12 2 3 4 10 2 3 4 5 6 7 4 5 2 3 4 12 6 7 4 15 8 16  7
5 6 7 4 12 6 9 4 1 2 11 4 5 2 13 4 1 6 14 4 8 6 9 4 10 6 7 4 10 2 13 4 8 2 3 4 15 12 16  2
8 2 17 4 5 2 13 4 12 2 17 4 8 6 18 4 1 6 18 4 1 2 17 4 10 6 18 4 12 6 18 4 5 6 9 4 15 10 16  7
12 2 13 4 1 6 18 4 10 6 18 4 8 6 9 4 8 2 17 4 1 2 13 4 5 2 17 4 12 6 18 4 5 6 9 4 15 10 16  12
10 6 18 4 8 2 17 4 1 6 18 4 1 2 11 4 10 2 11 4 8 6 7 4 12 6 7 4 5 2 17 4 5 6 7 4 15 12 16  7
1 2 3 4 5 2 3 4 5 6 9 4 8 6 9 4 12 6 14 4 10 6 14 4 12 2 11 4 10 2 11 4 1 6 9 4 15 8 16  2
8 6 14 4 12 2 11 4 10 2 17 4 1 2 3 4 10 6 9 4 1 6 7 4 5 6 14 4 12 6 14 4 8 2 11 4 15 5 16  5
5 6 18 4 1 2 13 4 5 2 3 4 8 6 7 4 1 6 7 4 12 2 3 4 10 2 13 4 10 6 7 4 12 6 18 4 15 8 16  12
8 6 14 4 10 6 14 4 8 2 13 4 1 6 7 4 12 6 18 4 1 2 11 4 12 2 17 4 10 2 13 4 5 6 18 4 15 5 16  7
8 2 17 4 1 2 13 4 5 6 9 4 8 6 9 4 10 6 18 4 10 2 13 4 1 6 18 4 5 2 17 4 12 6 9 4 15 12 16  7
12 2 11 4 8 6 7 4 12 6 7 4 5 2 17 4 10 6 9 4 10 2 13 4 5 6 14 4 1 6 7 4 1 2 11 4 15 8 16  5
8 6 7 4 1 6 18 4 5 6 7 4 10 6 14 4 12 2 11 4 5 2 17 4 12 6 14 4 1 2 13 4 8 2 17 4 15 10 16  5
8 6 7 4 1 2 13 4 10 2 17 4 10 6 7 4 5 2 11 4 8 2 17 4 1 6 18 4 5 6 14 4 12 6 7 4 15 12 16  7
1 6 9 4 12 2 17 4 8 2 13 4 10 6 14 4 10 2 13 4 1 2 11 4 5 6 18 4 12 6 18 4 8 6 14 4 15 5 16  7
5 2 11 4 5 6 18 4 10 6 7 4 8 6 14 4 10 2 3 4 8 2 17 4 1 6 14 4 12 6 9 4 12 2 13 4 15 1 16  7
1 6 7 4 8 2 13 4 5 6 18 4 10 6 18 4 1 2 11 4 5 2 13 4 12 6 7 4 8 6 18 4 12 2 11 4 15 10 16  12
12 6 7 4 1 6 18 4 10 6 14 4 10 2 13 4 5 6 9 4 5 2 11 4 8 6 14 4 1 2 3 4 12 2 17 4 15 8 16  12
8 6 7 4 12 2 13 4 8 2 13 4 10 6 7 4 1 6 7 4 5 2 3 4 12 6 7 4 5 6 9 4 1 2 13 4 15 10 16  12
5 2 13 4 5 6 18 4 10 6 9 4 12 6 14 4 1 6 14 4 8 6 9 4 12 2 3 4 8 2 11 4 1 2 3 4 15 10 16  5
1 6 7 4 5 6 7 4 1 2 13 4 10 6 7 4 8 6 18 4 12 6 7 4 8 2 11 4 12 2 13 4 10 2 13 4 15 5 16  12
12 2 11 4 1 6 7 4 10 6 7 4 8 6 7 4 5 2 11 4 8 2 17 4 12 6 9 4 1 2 17 4 5 6 9 4 15 10 16  7
5 2 3 4 5 6 9 4 1 2 11 4 8 6 18 4 12 6 7 4 10 6 7 4 12 2 11 4 1 6 7 4 8 2 13 4 15 10 16  5
1 2 13 4 8 6 7 4 1 6 18 4 12 2 3 4 5 6 14 4 5 2 11 4 12 6 9 4 8 2 17 4 10 6 14 4 15 10 16  5
1 2 3 4 8 6 7 4 8 2 11 4 1 6 14 4 10 6 9 4 10 2 13 4 5 6 9 4 12 6 9 4 12 2 13 4 15 5 16  12
12 2 13 4 1 6 14 4 12 6 18 4 5 6 14 4 5 2 3 4 10 6 9 4 10 2 17 4 8 6 14 4 1 2 3 4 15 8 16  2
8 6 18 4 10 6 9 4 12 6 18 4 5 2 3 4 10 2 13 4 1 6 7 4 1 2 3 4 5 6 7 4 12 2 11 4 15 8 16  5
10 6 14 4 10 2 17 4 5 2 3 4 12 2 3 4 5 6 7 4 8 2 3 4 1 6 14 4 12 6 7 4 8 6 7 4 15 1 16  7
8 6 14 4 12 2 11 4 8 2 13 4 1 6 9 4 1 2 3 4 10 6 14 4 5 6 14 4 10 2 13 4 12 6 7 4 15 5 16  12
8 6 18 4 1 2 13 4 12 2 13 4 12 6 9 4 5 6 9 4 10 6 7 4 1 6 9 4 10 2 3 4 8 2 17 4 15 5 16  12
8 6 9 4 1 6 14 4 8 2 13 4 12 6 14 4 10 6 14 4 1 2 17 4 5 6 9 4 5 2 13 4 10 2 17 4 15 12 16  7
10 6 14 4 8 2 3 4 12 6 7 4 1 2 17 4 12 2 13 4 8 6 9 4 1 6 14 4 5 2 3 4 5 6 9 4 15 10 16  7
1 6 7 4 10 6 7 4 5 2 11 4 12 6 18 4 8 6 9 4 5 6 18 4 1 2 13 4 8 2 3 4 12 2 11 4 15 10 16  12
1 6 18 4 8 6 7 4 10 2 17 4 12 6 14 4 8 2 3 4 12 2 13 4 10 6 18 4 5 6 9 4 5 2 11 4 15 1 16  7
1 6 14 4 10 2 17 4 10 6 9 4 5 6 7 4 1 2 13 4 12 6 7 4 8 6 9 4 12 2 3 4 8 2 17 4 15 5 16  2
12 2 11 4 1 2 13 4 10 2 17 4 1 6 18 4 10 6 7 4 8 6 18 4 5 6 9 4 5 2 11 4 12 6 9 4 15 8 16  12
1 2 13 4 8 6 7 4 5 2 17 4 1 6 9 4 10 2 11 4 10 6 18 4 12 6 7 4 5 6 7 4 12 2 17 4 15 8 16  7
5 6 18 4 8 6 9 4 12 2 17 4 10 2 17 4 8 2 17 4 1 6 9 4 5 2 11 4 10 6 9 4 12 6 9 4 15 1 16  7
10 2 3 4 8 2 11 4 5 6 9 4 1 2 13 4 8 6 14 4 5 2 3 4 12 6 7 4 1 6 7 4 10 6 9 4 15 12 16  12
12 2 13 4 8 6 7 4 5 2 11 4 8 2 17 4 10 2 17 4 12 6 14 4 10 6 7 4 5 6 18 4 1 6 14 4 15 1 16  12
1 2 17 4 10 2 17 4 8 2 13 4 12 6 9 4 1 6 9 4 5 6 9 4 8 6 14 4 10 6 9 4 12 2 17 4 15 5 16  7
12 6 14 4 5 6 14 4 10 6 9 4 12 2 11 4 1 6 7 4 1 2 3 4 8 6 14 4 10 2 13 4 8 2 11 4 15 5 16  5
10 2 3 4 10 6 7 4 12 2 3 4 12 6 7 4 1 6 14 4 8 2 17 4 5 6 18 4 1 2 11 4 8 6 18 4 15 5 16  7
5 6 9 4 8 6 9 4 1 6 18 4 12 6 14 4 10 2 13 4 5 2 3 4 12 2 17 4 1 2 11 4 10 6 7 4 15 8 16  2
1 6 7 4 8 2 3 4 10 2 17 4 12 6 18 4 1 2 13 4 10 6 14 4 5 6 14 4 8 6 18 4 12 2 3 4 15 5 16  7
12 2 17 4 1 6 9 4 12 6 9 4 10 2 17 4 1 2 17 4 8 2 11 4 5 6 9 4 10 6 9 4 8 6 18 4 15 5 16  7
8 6 14 4 12 2 3 4 5 2 3 4 10 6 14 4 12 6 7 4 8 2 11 4 1 6 14 4 1 2 11 4 5 6 7 4 15 10 16  5
1 2 17 4 8 6 18 4 5 2 11 4 10 2 11 4 12 6 18 4 10 6 18 4 1 6 9 4 5 6 18 4 8 2 11 4 15 12 16  5
12 6 9 4 8 6 14 4 5 6 7 4 8 2 3 4 5 2 17 4 1 6 14 4 10 6 9 4 12 2 11 4 1 2 3 4 15 10 16  5
8 6 7 4 1 6 7 4 10 2 17 4 10 6 14 4 1 2 3 4 5 2 17 4 12 6 7 4 5 6 14 4 12 2 3 4 15 8 16  2
8 6 14 4 5 2 3 4 8 2 17 4 12 6 18 4 1 6 14 4 10 6 18 4 10 2 13 4 1 2 17 4 5 6 7 4 15 12 16  12
5 2 13 4 12 6 7 4 8 2 17 4 1 2 17 4 10 6 7 4 12 2 17 4 5 6 18 4 8 6 7 4 1 6 7 4 15 10 16  7
1 2 3 4 1 6 9 4 5 2 11 4 10 2 13 4 8 6 9 4 5 6 18 4 12 2 11 4 12 6 18 4 10 6 14 4 15 8 16  2
10 2 17 4 8 6 9 4 5 6 9 4 1 6 7 4 12 6 9 4 1 2 17 4 10 6 7 4 12 2 3 4 5 2 3 4 15 8 16  2
8 2 13 4 5 6 18 4 10 2 3 4 8 6 14 4 12 2 3 4 1 6 18 4 12 6 7 4 10 6 7 4 1 2 17 4 15 5 16  7
12 6 18 4 12 2 17 4 8 6 14 4 10 2 17 4 5 6 18 4 10 6 18 4 1 2 17 4 1 6 18 4 8 2 13 4 15 5 16  7
8 2 13 4 10 6 7 4 10 2 11 4 8 6 14 4 5 6 18 4 1 6 14 4 5 2 17 4 12 6 18 4 1 2 13 4 15 12 16  7
10 6 14 4 8 2 11 4 5 2 11 4 12 2 13 4 1 6 14 4 5 6 14 4 8 6 14 4 1 2 11 4 12 6 7 4 15 10 16  5
1 6 18 4 8 6 7 4 1 2 17 4 10 6 7 4 8 2 11 4 5 6 7 4 12 2 11 4 5 2 11 4 12 6 7 4 15 10 16  5
10 2 17 4 5 6 9 4 12 6 9 4 1 6 9 4 10 6 9 4 8 2 17 4 8 6 9 4 12 2 17 4 1 2 17 4 15 5 16  7
12 2 11 4 10 6 18 4 5 6 7 4 5 2 3 4 1 6 18 4 12 6 9 4 10 2 13 4 8 2 17 4 8 6 14 4 15 1 16  12
8 6 7 4 5 6 14 4 1 6 9 4 12 2 17 4 8 2 3 4 12 6 14 4 10 6 9 4 10 2 11 4 5 2 17 4 15 1 16  5
12 6 18 4 5 2 17 4 10 6 7 4 8 2 3 4 10 2 17 4 1 2 17 4 1 6 7 4 5 6 7 4 8 6 18 4 15 12 16  2
5 6 9 4 1 2 11 4 10 2 13 4 8 6 18 4 12 6 7 4 1 6 7 4 5 2 17 4 8 2 13 4 10 6 18 4 15 12 16  5
10 2 11 4 1 2 11 4 5 2 11 4 5 6 18 4 1 6 18 4 10 6 18 4 12 6 14 4 8 2 13 4 8 6 14 4 15 12 16  12
1 6 7 4 5 6 9 4 12 6 9 4 10 2 13 4 8 2 13 4 12 2 11 4 8 6 7 4 10 6 7 4 1 2 13 4 15 5 16  5
12 2 17 4 5 2 13 4 10 2 3 4 8 6 18 4 10 6 18 4 1 6 7 4 12 6 7 4 8 2 3 4 5 6 14 4 15 1 16  7
8 6 7 4 1 6 7 4 10 6 9 4 5 6 9 4 1 2 11 4 5 2 3 4 10 2 3 4 12 2 3 4 12 6 9 4 15 8 16  5
8 6 14 4 12 6 18 4 8 2 13 4 10 6 7 4 10 2 11 4 5 6 18 4 1 2 17 4 1 6 9 4 5 2 3 4 15 12 16  2
1 2 3 4 8 6 14 4 10 6 7 4 1 6 7 4 8 2 17 4 5 6 18 4 5 2 11 4 12 6 14 4 10 2 3 4 15 12 16  7
10 6 18 4 8 6 18 4 8 2 17 4 5 6 18 4 1 6 14 4 12 2 13 4 10 2 17 4 5 2 17 4 12 6 14 4 15 1 16  12
12 2 13 4 5 2 17 4 12 6 9 4 1 2 13 4 10 6 9 4 8 2 11 4 8 6 14 4 1 6 9 4 5 6 18 4 15 10 16  12
1 2 11 4 10 2 3 4 10 6 18 4 1 6 7 4 12 6 14 4 5 6 14 4 8 6 7 4 5 2 13 4 8 2 11 4 15 12 16  12
1 6 18 4 10 6 18 4 12 2 11 4 5 2 13 4 12 6 14 4 8 6 7 4 5 6 9 4 8 2 17 4 10 2 3 4 15 1 16  2
8 6 18 4 5 6 7 4 10 6 7 4 8 2 17 4 10 2 13 4 1 6 7 4 5 2 13 4 12 2 17 4 12 6 18 4 15 1 16  12
8 6 7 4 5 2 17 4 5 6 9 4 1 2 11 4 12 2 17 4 10 6 14 4 1 6 7 4 12 6 9 4 10 2 3 4 15 8 16  5
12 6 9 4 1 2 11 4 10 2 11 4 8 2 13 4 8 6 7 4 1 6 9 4 5 2 13 4 10 6 9 4 5 6 7 4 15 12 16  5
12 2 11 4 1 6 7 4 12 6 14 4 5 6 18 4 5 2 17 4 8 2 3 4 8 6 9 4 1 2 13 4 10 6 18 4 15 10 16  7
1 6 9 4 10 6 9 4 5 2 11 4 8 6 9 4 8 2 3 4 12 2 11 4 10 2 3 4 12 6 18 4 5 6 18 4 15 1 16  2
1 2 3 4 8 2 3 4 5 2 3 4 8 6 9 4 10 2 13 4 1 6 9 4 5 6 9 4 12 6 9 4 10 6 7 4 15 12 16  2
12 6 14 4 5 6 7 4 10 2 17 4 8 2 3 4 12 2 17 4 1 2 17 4 8 6 7 4 1 6 14 4 10 6 14 4 15 5 16  2
8 2 11 4 1 2 11 4 10 2 13 4 1 6 9 4 5 2 3 4 10 6 14 4 5 6 18 4 8 6 9 4 12 6 14 4 15 12 16  12
8 6 7 4 8 2 3 4 10 6 7 4 1 2 17 4 5 6 9 4 12 2 3 4 1 6 9 4 10 2 3 4 12 6 7 4 15 5 16  7
8 2 13 4 12 6 7 4 1 2 17 4 10 2 13 4 10 6 7 4 5 2 3 4 8 6 7 4 5 6 14 4 1 6 18 4 15 12 16  12
10 6 9 4 12 2 17 4 1 2 3 4 8 6 9 4 5 6 18 4 1 6 9 4 5 2 11 4 10 2 3 4 12 6 14 4 15 8 16  2
1 6 7 4 12 2 17 4 10 6 14 4 5 6 14 4 8 2 11 4 10 2 13 4 12 6 9 4 8 6 18 4 1 2 3 4 15 5 16  12
5 6 14 4 10 6 7 4 12 2 3 4 8 2 13 4 12 6 14 4 1 2 3 4 10 2 11 4 1 6 14 4 8 6 9 4 15 5 16  2
12 6 9 4 1 6 9 4 1 2 13 4 8 2 3 4 8 6 7 4 12 2 13 4 5 6 14 4 5 2 17 4 10 6 14 4 15 10 16  7
10 2 3 4 12 6 14 4 10 6 14 4 12 2 3 4 8 6 14 4 5 6 18 4 1 6 18 4 5 2 13 4 8 2 3 4 15 1 16  12
1 2 17 4 10 6 7 4 5 6 9 4 8 2 17 4 10 2 11 4 5 2 3 4 1 6 14 4 8 6 14 4 12 6 9 4 15 12 16  2
8 6 7 4 12 6 18 4 10 6 18 4 1 6 14 4 12 2 13 4 8 2 17 4 10 2 13 4 5 6 18 4 1 2 11 4 15 5 16  12
5 6 9 4 12 6 9 4 10 2 11 4 1 2 13 4 8 2 11 4 8 6 14 4 10 6 14 4 12 2 3 4 1 6 18 4 15 5 16  2
10 2 13 4 10 6 9 4 5 2 3 4 5 6 7 4 8 6 7 4 1 6 7 4 12 2 11 4 12 6 18 4 1 2 3 4 15 8 16  2
12 2 17 4 5 6 9 4 10 2 3 4 8 6 7 4 12 6 18 4 10 6 14 4 5 2 11 4 1 6 7 4 8 2 13 4 15 1 16  12
1 2 17 4 10 6 14 4 5 6 14 4 10 2 17 4 12 2 3 4 12 6 7 4 8 2 13 4 8 6 18 4 1 6 14 4 15 5 16  7
8 6 9 4 12 6 14 4 10 6 14 4 8 2 13 4 1 2 17 4 12 2 17 4 10 2 17 4 5 6 9 4 1 6 14 4 15 5 16  12
8 2 11 4 12 6 9 4 10 2 13 4 1 2 11 4 12 2 11 4 5 6 18 4 10 6 18 4 8 6 9 4 1 6 9 4 15 5 16  12
10 2 17 4 12 2 13 4 8 2 3 4 5 6 18 4 10 6 7 4 12 6 14 4 8 6 9 4 1 6 18 4 1 2 11 4 15 5 16  5
10 6 14 4 12 2 13 4 1 6 9 4 5 2 11 4 8 6 7 4 12 6 9 4 10 2 11 4 8 2 17 4 5 6 14 4 15 1 16  12
10 6 7 4 1 2 3 4 12 2 17 4 12 6 14 4 8 6 18 4 1 6 9 4 5 6 7 4 8 2 13 4 10 2 11 4 15 5 16  5
12 6 18 4 8 6 9 4 10 2 3 4 1 6 9 4 1 2 11 4 8 2 11 4 10 6 18 4 5 6 7 4 5 2 17 4 15 12 16  2
10 2 3 4 1 6 18 4 5 2 17 4 8 6 7 4 10 6 18 4 12 6 9 4 5 6 14 4 8 2 11 4 12 2 13 4 15 1 16  2
10 6 14 4 12 6 7 4 8 6 18 4 10 2 17 4 5 2 11 4 5 6 18 4 1 6 7 4 8 2 11 4 1 2 13 4 15 12 16  12
8 2 3 4 10 2 13 4 1 6 18 4 5 6 18 4 5 2 11 4 12 6 14 4 8 6 7 4 10 6 14 4 1 2 11 4 15 12 16  12
12 6 9 4 1 6 9 4 8 2 11 4 10 6 14 4 1 2 13 4 5 6 14 4 8 6 7 4 10 2 17 4 12 2 13 4 15 5 16  7
5 6 18 4 5 2 17 4 8 2 17 4 10 2 13 4 10 6 14 4 1 6 18 4 12 6 14 4 8 6 18 4 1 2 17 4 15 12 16  12
10 2 3 4 12 6 9 4 1 2 13 4 1 6 18 4 10 6 14 4 5 6 7 4 5 2 11 4 8 6 14 4 12 2 17 4 15 8 16  2
5 6 14 4 5 2 3 4 1 2 3 4 1 6 14 4 10 6 14 4 12 6 18 4 12 2 13 4 8 6 14 4 8 2 3 4 15 10 16  2
5 6 18 4 12 6 7 4 5 2 3 4 1 2 17 4 8 2 11 4 8 6 7 4 10 6 14 4 1 6 14 4 12 2 11 4 15 10 16  7
10 2 17 4 12 6 14 4 5 2 13 4 8 6 14 4 1 2 17 4 5 6 9 4 12 2 3 4 1 6 7 4 10 6 7 4 15 8 16  2
12 2 17 4 1 2 3 4 5 6 7 4 8 2 13 4 1 6 7 4 8 6 18 4 10 2 13 4 12 6 9 4 10 6 18 4 15 5 16  2
5 2 3 4 5 6 14 4 8 6 7 4 12 6 14 4 1 6 7 4 10 2 13 4 10 6 9 4 12 2 3 4 1 2 17 4 15 8 16  7
10 2 3 4 8 6 18 4 12 2 17 4 10 6 7 4 12 6 18 4 5 2 3 4 8 2 17 4 1 6 18 4 5 6 7 4 15 1 16  7
12 6 18 4 1 6 18 4 5 6 18 4 5 2 3 4 12 2 3 4 1 2 3 4 8 6 9 4 10 6 9 4 8 2 13 4 15 10 16  12
5 6 14 4 10 6 18 4 12 6 14 4 1 6 18 4 8 2 13 4 5 2 3 4 8 6 18 4 10 2 13 4 12 2 3 4 15 1 16  12
1 6 18 4 1 2 13 4 12 6 7 4 8 2 17 4 12 2 17 4 10 6 18 4 5 2 13 4 8 6 7 4 5 6 18 4 15 10 16  12
5 2 13 4 5 6 7 4 10 6 7 4 12 2 17 4 10 2 13 4 12 6 14 4 1 2 13 4 8 6 7 4 1 6 7 4 15 8 16  12
12 2 3 4 5 2 17 4 8 6 9 4 8 2 13 4 5 6 14 4 10 6 14 4 10 2 17 4 1 6 9 4 12 6 7 4 15 1 16  12
8 6 7 4 8 2 13 4 5 6 14 4 10 6 14 4 12 6 18 4 10 2 3 4 1 2 13 4 12 2 11 4 1 6 7 4 15 5 16  2
5 6 9 4 8 6 14 4 1 6 9 4 10 6 14 4 1 2 13 4 10 2 11 4 8 2 11 4 12 2 13 4 12 6 9 4 15 5 16  12
8 6 7 4 5 6 14 4 1 2 11 4 10 2 17 4 12 6 18 4 1 6 18 4 10 6 7 4 5 2 13 4 12 2 11 4 15 8 16  7
8 6 18 4 5 6 18 4 12 2 13 4 1 6 9 4 10 2 13 4 5 2 13 4 1 2 17 4 12 6 18 4 10 6 18 4 15 8 16  12
10 2 17 4 8 2 3 4 10 6 7 4 1 2 11 4 12 6 9 4 1 6 18 4 5 2 13 4 5 6 14 4 8 6 9 4 15 12 16  2
1 6 9 4 5 6 9 4 12 2 17 4 1 2 17 4 8 6 7 4 10 6 14 4 10 2 13 4 8 2 11 4 12 6 9 4 15 5 16  7
1 6 18 4 12 2 13 4 8 2 17 4 1 2 13 4 5 6 14 4 10 2 17 4 12 6 18 4 8 6 14 4 10 6 14 4 15 5 16  7
5 2 11 4 8 2 13 4 12 2 3 4 1 6 9 4 1 2 17 4 10 6 18 4 8 6 18 4 12 6 14 4 5 6 7 4 15 10 16  12
1 2 17 4 8 6 9 4 8 2 17 4 12 2 11 4 12 6 18 4 10 2 11 4 5 6 9 4 10 6 18 4 1 6 9 4 15 5 16  7
1 6 7 4 10 6 9 4 12 6 18 4 5 2 3 4 10 2 13 4 8 6 9 4 8 2 13 4 5 6 7 4 12 2 17 4 15 1 16  2
5 6 7 4 10 2 3 4 1 6 7 4 12 6 18 4 10 6 7 4 5 2 3 4 1 2 3 4 8 6 7 4 12 2 17 4 15 8 16  2
12 6 9 4 5 6 14 4 8 6 7 4 5 2 11 4 1 2 13 4 1 6 9 4 10 2 11 4 10 6 14 4 8 2 17 4 15 12 16  12
12 6 14 4 1 2 17 4 5 2 17 4 8 2 17 4 5 6 14 4 10 6 14 4 1 6 14 4 8 6 14 4 12 2 17 4 15 10 16  7
1 6 7 4 5 6 9 4 8 6 7 4 10 2 17 4 10 6 9 4 12 6 9 4 12 2 17 4 1 2 3 4 5 2 17 4 15 8 16  2
12 2 11 4 8 2 13 4 8 6 7 4 10 6 7 4 1 2 13 4 12 6 9 4 1 6 7 4 5 6 7 4 5 2 13 4 15 10 16  12
10 2 17 4 1 6 9 4 10 6 9 4 12 2 17 4 8 6 9 4 8 2 17 4 12 6 9 4 5 2 13 4 5 6 14 4 15 1 16  7
1 2 13 4 12 6 9 4 10 6 14 4 12 2 3 4 8 2 13 4 5 6 9 4 8 6 14 4 10 2 13 4 1 6 14 4 15 5 16  2
8 6 14 4 1 6 9 4 12 2 13 4 10 6 9 4 5 6 14 4 10 2 17 4 5 2 3 4 12 6 18 4 8 2 3 4 15 1 16  7
10 6 9 4 1 6 7 4 8 2 17 4 12 6 18 4 5 6 7 4 8 6 18 4 1 2 3 4 10 2 13 4 5 2 3 4 15 12 16  7
12 2 11 4 10 2 13 4 12 6 9 4 10 6 14 4 1 6 9 4 5 6 18 4 8 6 9 4 5 2 3 4 8 2 11 4 15 1 16  5
8 6 18 4 10 2 11 4 5 2 13 4 12 2 13 4 12 6 9 4 8 2 3 4 5 6 9 4 10 6 7 4 1 6 18 4 15 1 16  2
10 2 17 4 12 6 14 4 5 2 11 4 10 6 14 4 5 6 9 4 1 2 11 4 1 6 9 4 12 2 17 4 8 6 14 4 15 8 16  7
12 2 3 4 5 6 7 4 1 6 9 4 8 2 11 4 1 2 3 4 10 2 11 4 10 6 7 4 8 6 7 4 12 6 9 4 15 5 16  5
8 6 18 4 10 6 14 4 12 6 18 4 1 2 3 4 12 2 17 4 5 6 9 4 10 2 3 4 1 6 14 4 5 2 13 4 15 8 16  7
1 6 7 4 10 6 7 4 12 2 11 4 8 2 13 4 1 2 3 4 8 6 18 4 12 6 14 4 5 6 14 4 5 2 11 4 15 10 16  2
12 6 7 4 8 6 18 4 5 2 11 4 1 6 7 4 1 2 11 4 8 2 17 4 5 6 7 4 10 6 18 4 12 2 11 4 15 10 16  7
1 2 3 4 8 6 9 4 12 6 9 4 10 2 17 4 5 2 13 4 8 2 17 4 5 6 14 4 10 6 9 4 1 6 18 4 15 12 16  7
10 6 9 4 1 6 9 4 12 2 17 4 8 6 9 4 5 2 11 4 1 2 11 4 10 2 11 4 5 6 9 4 12 6 14 4 15 8 16  5
12 6 7 4 1 6 9 4 12 2 17 4 10 6 14 4 10 2 13 4 5 2 3 4 1 2 11 4 8 6 14 4 5 6 18 4 15 8 16  12
10 2 13 4 5 6 7 4 12 6 18 4 12 2 17 4 1 6 18 4 5 2 3 4 10 6 14 4 8 6 14 4 8 2 13 4 15 1 16  7
12 2 3 4 5 6 9 4 8 6 9 4 1 6 14 4 8 2 13 4 12 6 7 4 5 2 13 4 10 6 14 4 1 2 11 4 15 10 16  5
1 2 13 4 8 6 9 4 10 6 14 4 5 2 17 4 1 6 18 4 5 6 9 4 10 2 3 4 12 6 9 4 8 2 17 4 15 12 16  7
5 2 11 4 1 6 7 4 1 2 11 4 12 6 7 4 8 6 9 4 8 2 13 4 10 6 14 4 5 6 7 4 10 2 17 4 15 12 16  5
1 2 17 4 5 2 3 4 1 6 18 4 5 6 14 4 12 2 17 4 10 6 18 4 10 2 17 4 8 6 18 4 12 6 18 4 15 8 16  7
8 6 7 4 10 6 14 4 5 6 9 4 8 2 13 4 12 2 13 4 1 6 14 4 5 2 3 4 1 2 17 4 12 6 7 4 15 10 16  7
10 6 7 4 12 2 11 4 8 6 14 4 8 2 13 4 5 2 13 4 5 6 14 4 1 6 14 4 10 2 17 4 12 6 18 4 15 1 16  12
1 2 17 4 8 6 14 4 8 2 11 4 5 6 7 4 10 2 11 4 1 6 18 4 10 6 14 4 12 6 7 4 5 2 13 4 15 12 16  12
1 2 3 4 10 6 7 4 8 6 18 4 8 2 17 4 10 2 11 4 5 2 17 4 5 6 18 4 12 6 18 4 1 6 14 4 15 12 16  7
10 6 18 4 10 2 13 4 8 6 7 4 5 2 13 4 1 2 13 4 12 2 11 4 5 6 18 4 12 6 7 4 1 6 18 4 15 8 16  5
8 6 14 4 12 2 13 4 1 6 14 4 12 6 9 4 10 2 3 4 10 6 18 4 5 6 9 4 5 2 13 4 1 2 11 4 15 8 16  5
5 6 14 4 8 6 14 4 5 2 17 4 1 2 3 4 8 2 17 4 12 6 18 4 1 6 9 4 12 2 13 4 10 6 14 4 15 10 16  7
10 6 18 4 12 6 9 4 1 6 14 4 10 2 17 4 12 2 11 4 8 6 18 4 8 2 17 4 5 6 9 4 1 2 13 4 15 5 16  5
8 6 9 4 12 6 14 4 1 6 7 4 5 6 9 4 10 2 13 4 10 6 9 4 12 2 17 4 8 2 13 4 1 2 11 4 15 5 16  12
8 2 3 4 5 6 7 4 12 6 14 4 8 6 14 4 5 2 17 4 1 2 17 4 10 2 3 4 1 6 7 4 10 6 14 4 15 12 16  2
5 6 18 4 10 2 13 4 12 2 13 4 1 2 11 4 10 6 9 4 8 6 7 4 12 6 9 4 8 2 3 4 1 6 18 4 15 5 16  5
1 2 17 4 10 6 9 4 12 6 9 4 1 6 7 4 10 2 11 4 8 2 11 4 8 6 9 4 5 6 9 4 5 2 11 4 15 12 16  5
5 6 9 4 5 2 13 4 1 6 14 4 1 2 11 4 12 6 14 4 10 2 11 4 10 6 14 4 8 6 9 4 8 2 13 4 15 12 16  5
8 6 14 4 12 2 13 4 10 2 11 4 12 6 14 4 1 2 17 4 8 2 13 4 5 6 9 4 1 6 7 4 10 6 9 4 15 5 16  5
5 2 17 4 10 6 7 4 12 2 13 4 12 6 9 4 8 6 18 4 1 6 7 4 5 6 14 4 8 2 3 4 10 2 11 4 15 1 16  5
10 6 9 4 1 2 11 4 12 6 14 4 5 2 13 4 1 6 14 4 8 6 14 4 10 2 3 4 8 2 11 4 5 6 7 4 15 12 16  5
8 6 7 4 1 6 7 4 5 6 14 4 8 2 11 4 5 2 3 4 12 6 18 4 10 6 9 4 12 2 13 4 10 2 17 4 15 1 16  5
12 6 18 4 1 6 9 4 1 2 3 4 5 6 18 4 10 6 18 4 10 2 11 4 5 2 11 4 12 2 11 4 8 6 18 4 15 8 16  5
10 6 18 4 10 2 11 4 5 2 11 4 12 6 9 4 5 6 18 4 8 6 18 4 8 2 11 4 1 6 9 4 1 2 13 4 15 12 16  12
5 2 13 4 12 6 7 4 8 6 9 4 8 2 3 4 5 6 7 4 10 6 7 4 1 2 3 4 1 6 9 4 12 2 13 4 15 10 16  12
1 2 3 4 8 2 11 4 10 6 14 4 10 2 13 4 8 6 7 4 12 6 18 4 12 2 3 4 5 6 7 4 1 6 18 4 15 5 16  5
10 2 13 4 12 2 11 4 12 6 18 4 5 6 18 4 10 6 14 4 8 2 13 4 1 6 18 4 5 2 11 4 8 6 14 4 15 1 16  5
5 6 14 4 1 6 7 4 1 2 3 4 8 2 17 4 8 6 14 4 10 6 14 4 12 2 11 4 12 6 9 4 5 2 17 4 15 10 16  7
5 2 17 4 10 2 13 4 8 6 9 4 12 6 9 4 12 2 13 4 1 2 13 4 10 6 9 4 1 6 9 4 5 6 7 4 15 8 16  12
8 2 17 4 10 6 14 4 12 2 3 4 12 6 9 4 10 2 17 4 8 6 14 4 5 6 7 4 1 6 7 4 1 2 11 4 15 5 16  5
8 6 14 4 5 6 7 4 10 6 14 4 1 2 13 4 1 6 18 4 10 2 17 4 5 2 11 4 12 6 7 4 8 2 17 4 15 12 16  5
10 6 18 4 10 2 17 4 1 6 9 4 5 6 7 4 5 2 3 4 8 2 17 4 1 2 13 4 8 6 18 4 12 6 18 4 15 12 16  7
8 2 11 4 12 6 9 4 1 6 9 4 12 2 13 4 1 2 13 4 5 6 14 4 8 6 14 4 10 2 13 4 10 6 9 4 15 5 16  5
12 6 18 4 5 6 9 4 8 2 13 4 8 6 14 4 10 6 14 4 1 6 18 4 12 2 17 4 5 2 3 4 1 2 17 4 15 10 16  12
1 6 7 4 12 6 14 4 5 6 14 4 1 2 11 4 5 2 13 4 8 2 13 4 10 2 17 4 8 6 14 4 10 6 18 4 15 12 16  12
12 6 9 4 10 6 7 4 12 2 3 4 8 6 18 4 5 6 7 4 5 2 13 4 10 2 13 4 8 2 17 4 1 6 7 4 15 1 16  12
1 6 14 4 8 2 11 4 1 2 11 4 12 6 18 4 8 6 14 4 10 6 18 4 5 2 17 4 5 6 9 4 10 2 3 4 15 12 16  2
10 2 17 4 8 6 9 4 10 6 18 4 8 2 13 4 5 6 18 4 1 6 18 4 1 2 17 4 12 6 18 4 5 2 17 4 15 12 16  7
10 6 14 4 10 2 13 4 5 6 18 4 8 6 9 4 8 2 17 4 12 2 17 4 1 6 14 4 12 6 9 4 5 2 3 4 15 1 16  12
12 6 7 4 10 2 13 4 5 6 18 4 10 6 18 4 1 2 17 4 8 6 7 4 8 2 11 4 1 6 14 4 5 2 13 4 15 12 16  5
10 2 11 4 12 6 9 4 1 6 7 4 8 2 11 4 1 2 11 4 8 6 7 4 10 6 7 4 5 6 7 4 12 2 13 4 15 5 16  5
5 2 17 4 12 2 17 4 8 2 13 4 12 6 7 4 10 2 11 4 8 6 18 4 10 6 9 4 1 6 9 4 5 6 7 4 15 1 16  5
1 6 9 4 10 6 14 4 10 2 13 4 8 2 11 4 8 6 18 4 5 2 3 4 5 6 9 4 1 2 3 4 12 6 14 4 15 12 16  12
1 6 18 4 12 2 17 4 8 6 9 4 5 2 11 4 1 2 17 4 10 6 7 4 5 6 9 4 12 6 18 4 10 2 13 4 15 8 16  5
5 2 13 4 5 6 9 4 1 6 9 4 1 2 13 4 8 2 11 4 12 2 3 4 12 6 7 4 10 6 7 4 8 6 14 4 15 10 16  2
12 6 9 4 5 2 13 4 8 6 14 4 1 6 14 4 10 2 13 4 10 6 9 4 12 2 13 4 5 6 9 4 8 2 11 4 15 1 16  5
1 2 17 4 10 6 7 4 8 2 13 4 8 6 18 4 12 2 13 4 1 6 14 4 5 6 7 4 10 2 11 4 12 6 18 4 15 5 16  5
10 2 17 4 8 6 14 4 10 6 9 4 1 2 13 4 5 6 14 4 5 2 3 4 1 6 7 4 12 6 7 4 12 2 13 4 15 8 16  2
8 6 9 4 10 6 7 4 5 6 9 4 1 6 9 4 12 6 9 4 1 2 3 4 12 2 3 4 8 2 3 4 10 2 13 4 15 5 16  2
8 2 17 4 10 2 3 4 1 6 18 4 10 6 9 4 12 6 18 4 5 6 9 4 8 6 14 4 1 2 13 4 5 2 3 4 15 12 16  12
12 6 7 4 8 2 13 4 12 2 3 4 1 6 14 4 10 2 13 4 5 6 9 4 10 6 9 4 1 2 17 4 8 6 9 4 15 5 16  12
10 6 14 4 10 2 17 4 12 6 7 4 1 2 11 4 5 2 13 4 1 6 9 4 8 6 14 4 12 2 3 4 5 6 18 4 15 8 16  7
5 6 7 4 8 2 11 4 12 6 18 4 5 2 13 4 1 6 18 4 8 6 18 4 10 6 18 4 10 2 11 4 1 2 11 4 15 12 16  5
10 6 18 4 1 6 14 4 10 2 11 4 1 2 3 4 5 2 13 4 8 6 18 4 12 6 14 4 5 6 7 4 12 2 3 4 15 8 16  5
8 2 17 4 12 6 9 4 10 2 11 4 10 6 18 4 12 2 13 4 1 2 11 4 8 6 14 4 1 6 18 4 5 6 18 4 15 5 16  5
10 6 14 4 8 2 3 4 12 2 17 4 10 2 13 4 1 6 14 4 5 6 14 4 8 6 18 4 1 2 13 4 12 6 7 4 15 5 16  12
12 2 11 4 5 2 13 4 10 2 3 4 8 2 11 4 1 6 18 4 10 6 9 4 8 6 14 4 5 6 18 4 12 6 14 4 15 1 16  12
12 6 9 4 1 6 14 4 12 2 11 4 8 6 7 4 5 2 13 4 8 2 13 4 5 6 7 4 10 2 17 4 10 6 14 4 15 1 16  7
1 6 14 4 8 2 11 4 10 2 17 4 5 6 9 4 5 2 13 4 12 6 14 4 8 6 18 4 10 6 7 4 12 2 3 4 15 1 16  2
5 6 7 4 12 6 14 4 8 2 17 4 1 6 14 4 5 2 3 4 10 6 14 4 10 2 17 4 12 2 17 4 8 6 14 4 15 1 16  7
5 2 3 4 12 6 14 4 8 6 9 4 1 2 3 4 10 2 17 4 1 6 7 4 10 6 14 4 8 2 13 4 5 6 7 4 15 12 16  7
5 6 18 4 8 6 14 4 12 2 3 4 1 6 9 4 10 2 11 4 12 6 14 4 10 6 9 4 5 2 13 4 1 2 11 4 15 8 16  2
10 2 13 4 8 6 9 4 1 2 3 4 10 6 14 4 12 2 3 4 8 2 17 4 1 6 7 4 12 6 7 4 5 6 14 4 15 5 16  12
10 2 3 4 12 6 7 4 1 2 11 4 5 6 7 4 10 6 7 4 8 2 17 4 8 6 14 4 5 2 3 4 1 6 9 4 15 12 16  2
10 6 14 4 5 6 18 4 1 2 3 4 1 6 7 4 10 2 17 4 8 2 3 4 12 2 13 4 12 6 18 4 8 6 7 4 15 5 16  12
1 6 9 4 8 6 14 4 12 6 14 4 12 2 3 4 5 2 11 4 10 6 9 4 5 6 18 4 1 2 17 4 10 2 17 4 15 8 16  2
10 6 9 4 1 2 17 4 1 6 14 4 10 2 13 4 5 6 14 4 5 2 17 4 8 6 14 4 12 6 9 4 8 2 17 4 15 12 16  12
5 6 18 4 12 2 13 4 8 6 9 4 8 2 13 4 12 6 9 4 1 6 9 4 1 2 13 4 5 2 11 4 10 6 18 4 15 10 16  5
1 6 18 4 12 2 11 4 1 2 3 4 10 6 14 4 5 6 9 4 8 2 17 4 8 6 14 4 12 6 9 4 5 2 11 4 15 10 16  7
10 2 11 4 5 6 18 4 8 6 18 4 1 6 18 4 1 2 3 4 5 2 3 4 10 6 9 4 12 6 9 4 8 2 3 4 15 12 16  5
5 6 14 4 1 2 17 4 8 6 9 4 12 6 14 4 10 2 11 4 10 6 7 4 5 2 3 4 8 2 13 4 1 6 18 4 15 12 16  2
5 2 17 4 10 6 7 4 1 6 7 4 5 6 14 4 8 2 13 4 1 2 11 4 12 6 7 4 10 2 11 4 8 6 9 4 15 12 16  5
5 2 13 4 8 2 13 4 1 6 7 4 1 2 13 4 5 6 7 4 10 6 9 4 12 6 7 4 10 2 17 4 8 6 7 4 15 12 16  12
1 6 9 4 10 6 14 4 8 2 13 4 5 6 14 4 5 2 17 4 12 6 7 4 1 2 3 4 12 2 13 4 8 6 7 4 15 10 16  7
10 6 14 4 8 6 9 4 10 2 11 4 1 6 7 4 12 6 7 4 1 2 3 4 8 2 17 4 5 6 9 4 12 2 3 4 15 5 16  7
1 6 14 4 8 6 18 4 1 2 17 4 10 6 14 4 5 6 18 4 12 6 7 4 12 2 11 4 5 2 13 4 10 2 17 4 15 8 16  12
5 2 11 4 12 6 14 4 1 6 7 4 10 2 3 4 10 6 18 4 8 6 7 4 12 2 11 4 1 2 13 4 5 6 14 4 15 8 16  12
1 2 3 4 12 6 7 4 10 2 13 4 1 6 9 4 10 6 18 4 5 6 9 4 8 2 17 4 12 2 17 4 8 6 7 4 15 5 16  2
12 2 3 4 10 2 17 4 1 2 17 4 10 6 14 4 8 2 3 4 8 6 7 4 12 6 7 4 1 6 14 4 5 6 7 4 15 5 16  2
8 2 17 4 10 2 13 4 8 6 14 4 1 6 14 4 12 6 18 4 10 6 18 4 5 2 11 4 1 2 17 4 5 6 9 4 15 12 16  12
1 6 18 4 8 6 14 4 5 2 13 4 10 2 17 4 12 2 11 4 1 2 11 4 10 6 14 4 12 6 18 4 5 6 7 4 15 8 16  7
10 2 17 4 5 6 9 4 12 6 7 4 10 6 7 4 1 2 13 4 5 2 3 4 12 2 17 4 1 6 14 4 8 6 7 4 15 8 16  7
12 2 17 4 10 2 3 4 12 6 14 4 5 2 3 4 5 6 7 4 8 6 14 4 10 6 7 4 1 6 14 4 8 2 17 4 15 1 16  7
5 6 18 4 10 2 3 4 12 6 14 4 1 2 11 4 12 2 13 4 1 6 18 4 10 6 7 4 8 6 7 4 8 2 3 4 15 5 16  5
5 2 13 4 1 2 3 4 8 6 9 4 1 6 7 4 10 6 7 4 12 6 9 4 5 6 14 4 8 2 11 4 10 2 3 4 15 12 16  5
12 6 18 4 10 6 14 4 8 6 9 4 8 2 13 4 10 2 3 4 1 6 9 4 5 2 17 4 5 6 18 4 1 2 13 4 15 12 16  7
12 6 18 4 10 6 9 4 5 2 3 4 1 2 17 4 12 2 3 4 5 6 18 4 8 6 7 4 1 6 7 4 10 2 13 4 15 8 16  7
10 6 7 4 8 2 17 4 12 6 14 4 12 2 11 4 10 2 13 4 5 2 3 4 1 6 9 4 5 6 9 4 8 6 18 4 15 1 16  2
1 6 18 4 5 2 13 4 12 6 14 4 8 6 14 4 10 6 18 4 8 2 11 4 10 2 13 4 1 2 13 4 5 6 18 4 15 12 16  5
12 6 18 4 1 6 14 4 8 2 17 4 8 6 9 4 5 6 18 4 10 6 14 4 10 2 3 4 12 2 11 4 5 2 11 4 15 1 16  2
8 2 3 4 1 6 9 4 8 6 18 4 12 6 18 4 12 2 3 4 10 6 18 4 1 2 17 4 5 6 18 4 10 2 3 4 15 5 16  2
10 6 7 4 12 2 17 4 5 6 9 4 8 6 9 4 1 6 7 4 10 2 17 4 8 2 13 4 12 6 7 4 1 2 17 4 15 5 16  12
8 2 11 4 8 6 7 4 1 2 17 4 10 2 13 4 10 6 14 4 5 2 13 4 12 6 7 4 5 6 14 4 1 6 18 4 15 12 16  5
10 6 18 4 8 2 11 4 1 2 17 4 8 6 7 4 12 6 7 4 10 2 17 4 1 6 18 4 5 6 7 4 12 2 11 4 15 5 16  5
12 6 18 4 10 2 17 4 1 6 14 4 5 2 3 4 10 6 14 4 8 2 17 4 5 6 7 4 8 6 14 4 12 2 11 4 15 1 16  7
5 2 17 4 8 6 14 4 1 6 14 4 12 6 9 4 8 2 11 4 10 6 14 4 12 2 13 4 5 6 18 4 10 2 11 4 15 1 16  5
5 6 18 4 1 2 3 4 10 2 3 4 8 6 9 4 12 2 17 4 10 6 18 4 12 6 9 4 5 2 3 4 1 6 18 4 15 8 16  7
10 2 11 4 8 2 13 4 8 6 9 4 10 6 14 4 12 6 18 4 5 2 17 4 1 6 9 4 12 2 17 4 5 6 18 4 15 1 16  12
10 2 13 4 5 6 14 4 8 6 14 4 1 2 17 4 8 2 11 4 12 6 9 4 12 2 17 4 10 6 18 4 1 6 9 4 15 5 16  5
12 2 3 4 1 6 7 4 8 6 9 4 1 2 17 4 5 2 17 4 10 2 13 4 12 6 9 4 5 6 7 4 10 6 14 4 15 8 16  2
5 6 7 4 10 2 17 4 8 6 7 4 1 6 14 4 10 6 18 4 8 2 11 4 1 2 3 4 12 6 18 4 12 2 17 4 15 5 16  5
12 2 13 4 10 6 18 4 10 2 13 4 1 2 11 4 12 6 18 4 1 6 14 4 5 6 14 4 8 6 7 4 8 2 3 4 15 5 16  5
5 2 13 4 8 6 18 4 12 6 14 4 5 6 14 4 1 6 18 4 12 2 13 4 10 6 18 4 10 2 11 4 8 2 11 4 15 1 16  5
10 2 13 4 5 6 14 4 8 6 18 4 12 6 14 4 8 2 17 4 12 2 13 4 5 2 13 4 1 6 14 4 10 6 14 4 15 1 16  12
1 2 17 4 5 2 17 4 1 6 14 4 12 6 14 4 10 2 11 4 12 2 17 4 10 6 9 4 8 6 14 4 5 6 14 4 15 8 16  7
8 6 18 4 8 2 13 4 5 6 18 4 10 2 11 4 10 6 9 4 5 2 13 4 12 6 9 4 1 6 18 4 12 2 11 4 15 1 16  12
1 6 14 4 12 6 9 4 1 2 3 4 8 2 3 4 10 6 9 4 8 6 14 4 10 2 17 4 5 2 17 4 5 6 9 4 15 12 16  7
12 6 9 4 1 2 13 4 8 6 7 4 5 6 14 4 12 2 13 4 10 6 14 4 8 2 11 4 1 6 9 4 5 2 3 4 15 10 16  2
1 6 14 4 12 2 11 4 10 6 14 4 8 2 3 4 5 6 14 4 8 6 18 4 12 6 14 4 1 2 11 4 10 2 11 4 15 5 16  5
5 6 18 4 8 2 13 4 10 6 7 4 12 6 18 4 12 2 13 4 5 2 13 4 10 2 3 4 8 6 18 4 1 6 18 4 15 1 16  12
12 2 17 4 5 6 18 4 1 2 3 4 5 2 3 4 10 6 7 4 8 6 14 4 1 6 18 4 8 2 13 4 12 6 7 4 15 10 16  7
12 2 17 4 5 6 9 4 8 2 11 4 1 2 13 4 12 6 9 4 1 6 18 4 10 6 9 4 8 6 7 4 5 2 17 4 15 10 16  7
8 2 13 4 1 2 3 4 5 2 17 4 10 2 17 4 5 6 9 4 12 6 9 4 8 6 7 4 10 6 9 4 1 6 18 4 15 12 16  7
10 2 3 4 1 2 11 4 12 6 9 4 1 6 9 4 5 6 14 4 5 2 3 4 10 6 14 4 8 6 9 4 8 2 11 4 15 12 16  5
10 6 14 4 12 6 7 4 8 6 14 4 5 6 18 4 1 6 14 4 10 2 11 4 8 2 11 4 5 2 3 4 12 2 17 4 15 1 16  5
12 6 9 4 8 6 7 4 5 2 11 4 12 2 3 4 10 6 7 4 1 6 9 4 10 2 11 4 5 6 7 4 8 2 11 4 15 1 16  2
5 6 7 4 12 6 18 4 8 6 14 4 5 2 17 4 10 2 11 4 8 2 11 4 10 6 14 4 12 2 13 4 1 6 14 4 15 1 16  5
5 2 3 4 12 6 14 4 5 6 18 4 1 6 18 4 8 2 11 4 8 6 14 4 10 6 14 4 12 2 11 4 10 2 11 4 15 1 16  2
10 2 13 4 1 6 14 4 8 6 14 4 5 2 17 4 5 6 7 4 10 6 9 4 12 2 3 4 1 2 3 4 12 6 14 4 15 8 16  2
12 6 14 4 12 2 17 4 5 6 7 4 1 6 14 4 10 6 9 4 10 2 13 4 8 2 11 4 1 2 17 4 8 6 7 4 15 5 16  5
10 2 13 4 5 2 3 4 1 6 9 4 12 6 9 4 8 2 3 4 5 6 7 4 10 6 18 4 8 6 7 4 1 2 17 4 15 12 16  7
8 6 14 4 8 2 13 4 10 6 14 4 10 2 13 4 12 6 18 4 1 6 14 4 1 2 13 4 5 6 18 4 12 2 17 4 15 5 16  7
8 6 18 4 12 6 14 4 5 6 18 4 8 2 11 4 5 2 11 4 12 2 3 4 10 6 14 4 1 6 18 4 10 2 3 4 15 1 16  5
10 6 18 4 12 2 3 4 10 2 13 4 1 2 3 4 12 6 14 4 1 6 14 4 5 6 9 4 8 6 9 4 5 2 17 4 15 8 16  7
5 6 7 4 12 6 7 4 1 2 3 4 10 2 13 4 10 6 18 4 12 2 17 4 1 6 9 4 8 6 18 4 8 2 13 4 15 5 16  7
1 2 13 4 10 6 7 4 10 2 17 4 5 6 14 4 8 6 7 4 1 6 14 4 12 6 7 4 12 2 17 4 8 2 17 4 15 5 16  12
5 6 9 4 8 2 13 4 12 2 11 4 1 6 14 4 10 6 9 4 8 6 14 4 5 2 3 4 12 6 7 4 10 2 3 4 15 1 16  12
10 6 18 4 1 2 11 4 8 6 9 4 5 2 3 4 1 6 18 4 12 6 14 4 10 2 11 4 8 2 17 4 5 6 14 4 15 12 16  2
12 2 3 4 8 2 11 4 1 2 11 4 10 2 17 4 8 6 18 4 12 6 14 4 5 6 14 4 10 6 7 4 1 6 18 4 15 5 16  2
12 2 11 4 5 2 13 4 1 2 3 4 5 6 14 4 10 6 18 4 8 6 14 4 12 6 9 4 1 6 18 4 8 2 13 4 15 10 16  2
5 2 11 4 10 2 11 4 10 6 18 4 1 6 18 4 1 2 11 4 8 6 9 4 12 6 9 4 12 2 13 4 5 6 18 4 15 8 16  12
5 2 17 4 1 6 7 4 12 6 9 4 12 2 17 4 8 6 7 4 5 6 9 4 10 2 11 4 10 6 7 4 1 2 11 4 15 8 16  5
12 2 3 4 8 6 14 4 12 6 9 4 1 6 9 4 8 2 11 4 10 2 17 4 5 2 11 4 10 6 7 4 5 6 14 4 15 1 16  2
8 6 18 4 8 2 3 4 5 6 7 4 10 6 18 4 1 6 9 4 12 6 18 4 12 2 3 4 1 2 17 4 5 2 13 4 15 10 16  2
10 2 11 4 8 2 3 4 5 2 3 4 12 6 9 4 8 6 7 4 10 6 9 4 12 2 11 4 1 6 9 4 5 6 7 4 15 1 16  5
1 2 17 4 5 6 9 4 12 6 18 4 10 2 17 4 5 2 17 4 8 6 18 4 8 2 3 4 10 6 9 4 1 6 9 4 15 12 16  2
10 2 11 4 12 6 18 4 8 2 17 4 1 6 9 4 1 2 13 4 5 2 13 4 5 6 9 4 10 6 14 4 8 6 18 4 15 12 16  7
8 6 14 4 10 6 7 4 12 2 3 4 8 2 3 4 5 6 9 4 1 6 14 4 10 2 11 4 12 6 14 4 5 2 17 4 15 1 16  2
12 6 9 4 12 2 11 4 10 6 7 4 1 2 13 4 5 6 18 4 10 2 17 4 1 6 18 4 8 2 11 4 8 6 9 4 15 5 16  12
10 6 7 4 1 6 9 4 5 2 11 4 1 2 3 4 12 6 18 4 10 2 13 4 8 6 18 4 12 2 11 4 5 6 18 4 15 8 16  5
10 6 14 4 5 2 13 4 1 6 7 4 10 2 17 4 1 2 13 4 8 6 7 4 5 6 7 4 8 2 13 4 12 6 7 4 15 12 16  12
5 6 7 4 12 6 14 4 5 2 11 4 10 6 18 4 1 6 9 4 8 6 18 4 12 2 17 4 1 2 3 4 8 2 13 4 15 10 16  12
12 2 11 4 12 6 9 4 8 2 11 4 1 6 14 4 5 6 9 4 10 6 14 4 5 2 11 4 8 6 9 4 10 2 13 4 15 1 16  12
1 6 9 4 5 2 13 4 12 2 17 4 10 2 3 4 10 6 9 4 8 2 11 4 8 6 14 4 12 6 7 4 5 6 18 4 15 1 16  2
12 6 18 4 10 6 7 4 5 6 18 4 8 6 18 4 1 6 18 4 12 2 17 4 5 2 17 4 10 2 3 4 1 2 17 4 15 8 16  7
1 6 14 4 12 6 14 4 10 2 11 4 12 2 17 4 1 2 17 4 5 6 7 4 10 6 18 4 5 2 3 4 8 6 18 4 15 8 16  5
10 6 9 4 12 2 17 4 1 2 17 4 5 6 7 4 5 2 13 4 1 6 9 4 12 6 9 4 8 6 9 4 8 2 17 4 15 10 16  7
5 6 9 4 1 6 9 4 10 2 13 4 12 6 7 4 10 6 14 4 8 2 17 4 5 2 17 4 8 6 9 4 12 2 11 4 15 1 16  7
12 2 17 4 10 2 3 4 8 2 11 4 1 6 7 4 12 6 7 4 5 2 11 4 8 6 18 4 5 6 18 4 10 6 9 4 15 1 16  7
10 6 9 4 8 6 9 4 10 2 11 4 5 2 13 4 1 2 13 4 12 2 3 4 1 6 7 4 5 6 7 4 12 6 14 4 15 8 16  5
1 2 13 4 10 2 17 4 12 6 9 4 5 2 11 4 8 6 14 4 5 6 9 4 1 6 7 4 10 6 18 4 8 2 3 4 15 12 16  5
12 6 7 4 10 6 18 4 10 2 3 4 1 6 9 4 8 6 7 4 12 2 11 4 5 2 11 4 1 2 13 4 5 6 7 4 15 8 16  5
8 2 3 4 1 2 11 4 12 2 17 4 12 6 18 4 5 6 18 4 5 2 17 4 1 6 7 4 10 6 7 4 8 6 9 4 15 10 16  5
12 6 18 4 5 2 17 4 1 2 3 4 10 6 9 4 10 2 13 4 8 6 9 4 5 6 7 4 1 6 18 4 8 2 13 4 15 12 16  2
5 2 13 4 1 2 11 4 1 6 7 4 8 6 18 4 12 6 14 4 5 6 9 4 10 6 14 4 8 2 17 4 12 2 3 4 15 10 16  2
12 2 17 4 10 2 17 4 8 2 13 4 10 6 7 4 1 6 14 4 12 6 7 4 5 6 14 4 5 2 13 4 8 6 14 4 15 1 16  12
10 6 18 4 8 2 13 4 1 6 18 4 8 6 18 4 12 2 13 4 1 2 13 4 5 2 13 4 5 6 18 4 12 6 18 4 15 10 16  12
10 6 7 4 10 2 17 4 12 6 18 4 5 6 14 4 5 2 11 4 1 6 14 4 8 6 14 4 12 2 3 4 1 2 11 4 15 8 16  5
1 6 7 4 8 6 7 4 10 2 17 4 12 6 7 4 5 6 14 4 1 2 3 4 5 2 17 4 8 2 3 4 10 6 14 4 15 12 16  2
8 6 18 4 12 6 18 4 8 2 3 4 10 6 9 4 5 6 14 4 12 2 3 4 1 6 14 4 5 2 11 4 10 2 17 4 15 1 16  5
12 2 11 4 1 2 11 4 12 6 9 4 10 6 7 4 8 6 9 4 5 2 13 4 1 6 9 4 5 6 18 4 10 2 17 4 15 8 16  5
10 2 17 4 5 2 17 4 8 6 7 4 5 6 14 4 12 6 7 4 1 6 14 4 12 2 3 4 10 6 14 4 8 2 3 4 15 1 16  7
8 6 14 4 5 6 9 4 8 2 11 4 12 6 18 4 1 6 18 4 10 6 18 4 1 2 13 4 10 2 13 4 5 2 3 4 15 12 16  12
5 2 11 4 8 6 9 4 10 6 7 4 1 6 14 4 5 6 9 4 8 2 11 4 12 6 7 4 1 2 17 4 12 2 13 4 15 10 16  12
12 6 9 4 1 6 18 4 1 2 3 4 10 6 18 4 12 2 13 4 8 2 17 4 8 6 7 4 10 2 3 4 5 6 9 4 15 5 16  12
12 6 14 4 1 2 13 4 12 2 11 4 8 6 7 4 8 2 3 4 10 6 9 4 5 6 9 4 1 6 18 4 10 2 17 4 15 5 16  7
5 6 14 4 8 6 9 4 8 2 3 4 10 6 7 4 12 6 7 4 1 2 11 4 10 2 11 4 1 6 7 4 5 2 13 4 15 12 16  5
12 6 9 4 12 2 13 4 10 2 3 4 5 6 14 4 1 2 17 4 10 6 14 4 1 6 18 4 8 6 7 4 8 2 11 4 15 5 16  2
1 6 7 4 5 6 14 4 12 6 9 4 10 6 14 4 1 2 3 4 8 2 11 4 8 6 9 4 10 2 13 4 5 2 13 4 15 12 16  5
8 6 7 4 8 2 13 4 1 6 9 4 1 2 3 4 5 2 13 4 10 6 7 4 12 6 18 4 12 2 11 4 5 6 7 4 15 10 16  12
10 2 11 4 8 2 13 4 10 6 9 4 12 6 14 4 8 6 14 4 1 2 17 4 1 6 18 4 5 6 7 4 5 2 3 4 15 12 16  12
10 6 14 4 8 6 18 4 10 2 13 4 5 2 11 4 8 2 3 4 12 6 14 4 1 6 18 4 1 2 3 4 5 6 9 4 15 12 16  12
1 6 7 4 8 6 18 4 1 2 17 4 5 2 17 4 10 2 11 4 10 6 18 4 8 2 11 4 5 6 7 4 12 6 18 4 15 12 16  5
5 2 17 4 1 2 13 4 1 6 14 4 8 6 9 4 10 6 9 4 12 2 3 4 10 2 11 4 5 6 7 4 12 6 18 4 15 8 16  5
1 2 13 4 8 6 18 4 5 6 18 4 12 6 14 4 12 2 11 4 10 2 17 4 10 6 7 4 1 6 9 4 8 2 3 4 15 5 16  2
12 6 18 4 8 6 18 4 5 2 3 4 1 2 17 4 10 6 18 4 10 2 3 4 12 2 3 4 1 6 7 4 5 6 18 4 15 8 16  2
10 6 18 4 1 2 3 4 12 6 18 4 1 6 7 4 5 6 14 4 8 2 3 4 5 2 13 4 10 2 17 4 8 6 7 4 15 12 16  7
12 2 11 4 8 2 17 4 12 6 18 4 10 2 11 4 8 6 9 4 1 6 14 4 5 6 14 4 1 2 13 4 10 6 18 4 15 5 16  12
1 6 7 4 5 6 14 4 8 6 14 4 12 6 18 4 5 2 13 4 10 6 14 4 1 2 11 4 12 2 3 4 10 2 13 4 15 8 16  12
1 6 9 4 12 6 9 4 8 2 11 4 10 2 17 4 10 6 7 4 12 2 11 4 5 6 7 4 1 2 11 4 8 6 9 4 15 5 16  7
5 6 14 4 8 6 18 4 8 2 3 4 10 2 13 4 1 6 18 4 10 6 9 4 1 2 3 4 5 2 11 4 12 6 9 4 15 12 16  12
1 2 17 4 8 2 17 4 5 6 18 4 10 6 18 4 12 2 17 4 1 6 9 4 8 6 9 4 5 2 13 4 12 6 9 4 15 10 16  12
8 2 17 4 5 6 9 4 1 6 7 4 5 2 13 4 12 6 14 4 10 6 9 4 8 6 18 4 12 2 3 4 1 2 11 4 15 10 16  12
8 6 9 4 10 6 7 4 8 2 17 4 1 2 17 4 5 2 17 4 12 6 7 4 10 2 11 4 1 6 9 4 5 6 9 4 15 12 16  5
10 6 18 4 5 6 18 4 1 6 14 4 10 2 13 4 8 6 14 4 12 6 18 4 5 2 13 4 12 2 13 4 8 2 11 4 15 1 16  5
10 6 18 4 1 2 13 4 12 6 18 4 8 2 13 4 8 6 18 4 5 2 13 4 5 6 18 4 1 6 18 4 12 2 13 4 15 10 16  12
12 6 9 4 10 6 14 4 8 6 9 4 10 2 11 4 5 6 18 4 8 2 13 4 5 2 3 4 1 6 9 4 12 2 13 4 15 1 16  12
10 2 3 4 1 2 17 4 5 2 13 4 5 6 7 4 8 6 14 4 10 6 9 4 12 2 17 4 12 6 14 4 1 6 14 4 15 8 16  7
10 6 18 4 8 6 14 4 8 2 13 4 10 2 3 4 12 2 17 4 5 2 17 4 5 6 9 4 12 6 9 4 1 6 9 4 15 1 16  7
10 6 18 4 10 2 13 4 5 2 17 4 12 6 18 4 5 6 7 4 1 6 7 4 8 6 9 4 1 2 17 4 8 2 3 4 15 12 16  12
1 2 13 4 5 6 14 4 8 2 17 4 10 2 11 4 8 6 9 4 12 6 14 4 5 2 13 4 1 6 14 4 10 6 18 4 15 12 16  12
10 6 18 4 12 2 13 4 1 6 18 4 5 2 17 4 10 2 13 4 5 6 7 4 8 6 18 4 8 2 13 4 12 6 18 4 15 1 16  12
1 2 11 4 12 2 13 4 5 6 7 4 5 2 11 4 8 6 14 4 1 6 7 4 10 6 14 4 10 2 3 4 12 6 18 4 15 8 16  2
1 2 3 4 12 2 11 4 5 6 7 4 1 6 18 4 8 6 14 4 5 2 17 4 10 2 11 4 10 6 14 4 12 6 14 4 15 8 16  5
1 6 14 4 12 6 14 4 1 2 11 4 10 2 13 4 8 6 14 4 5 2 13 4 10 6 18 4 5 6 18 4 8 2 11 4 15 12 16  5
10 6 9 4 10 2 13 4 12 6 9 4 1 2 17 4 1 6 14 4 8 6 18 4 5 6 18 4 8 2 11 4 5 2 11 4 15 12 16  12
10 2 17 4 12 6 7 4 8 6 14 4 1 6 18 4 1 2 3 4 12 2 11 4 10 6 14 4 5 6 18 4 8 2 17 4 15 5 16  2
1 6 9 4 8 6 14 4 12 2 17 4 10 6 18 4 12 6 18 4 5 6 14 4 10 2 17 4 8 2 11 4 1 2 13 4 15 5 16  5
12 6 9 4 12 2 13 4 1 6 7 4 5 6 7 4 8 6 7 4 10 2 17 4 8 2 17 4 10 6 7 4 1 2 17 4 15 5 16  7
5 6 14 4 8 2 11 4 10 2 17 4 1 2 13 4 12 6 14 4 12 2 11 4 10 6 7 4 8 6 14 4 1 6 18 4 15 5 16  5
5 2 3 4 10 6 9 4 1 6 9 4 5 6 7 4 10 2 11 4 8 2 3 4 1 2 11 4 8 6 7 4 12 6 7 4 15 12 16  2
1 6 18 4 5 6 18 4 10 6 14 4 10 2 17 4 8 2 3 4 12 2 17 4 12 6 14 4 8 6 9 4 5 2 13 4 15 1 16  12
8 2 13 4 12 6 18 4 1 6 14 4 5 2 17 4 12 2 17 4 10 2 13 4 8 6 14 4 10 6 14 4 5 6 18 4 15 1 16  12
8 6 7 4 5 2 17 4 10 6 18 4 1 6 7 4 1 2 11 4 12 2 11 4 10 2 13 4 5 6 9 4 12 6 7 4 15 8 16  5
1 2 3 4 12 6 7 4 10 2 13 4 10 6 14 4 12 2 17 4 1 6 18 4 8 6 9 4 8 2 11 4 5 6 7 4 15 5 16  7
1 6 9 4 12 6 14 4 8 2 11 4 1 2 17 4 12 2 13 4 10 2 3 4 10 6 7 4 8 6 18 4 5 6 14 4 15 5 16  12
12 6 18 4 1 6 7 4 8 6 7 4 5 2 17 4 12 2 13 4 10 6 7 4 8 2 3 4 10 2 3 4 5 6 14 4 15 1 16  2
5 2 17 4 1 6 18 4 5 6 7 4 10 6 9 4 12 2 11 4 1 2 3 4 12 6 9 4 8 6 14 4 8 2 13 4 15 10 16  5
8 2 13 4 12 2 17 4 8 6 14 4 10 6 14 4 5 6 9 4 1 2 17 4 1 6 9 4 12 6 9 4 5 2 17 4 15 10 16  12
5 6 18 4 5 2 11 4 8 2 3 4 10 6 18 4 12 6 14 4 1 6 14 4 10 2 11 4 8 6 14 4 12 2 3 4 15 1 16  2
5 6 9 4 12 2 3 4 5 2 13 4 8 2 13 4 10 6 14 4 12 6 18 4 10 2 11 4 1 6 14 4 8 6 9 4 15 1 16  5
12 6 14 4 1 6 18 4 12 2 11 4 8 6 18 4 5 2 11 4 8 2 3 4 10 6 14 4 10 2 11 4 5 6 14 4 15 1 16  2
5 6 7 4 8 6 9 4 12 6 18 4 1 6 9 4 5 2 11 4 10 6 18 4 8 2 13 4 12 2 3 4 1 2 13 4 15 10 16  2
5 2 17 4 1 6 18 4 10 2 3 4 10 6 7 4 12 2 3 4 8 6 9 4 12 6 7 4 5 6 18 4 8 2 13 4 15 1 16  7
8 6 18 4 10 6 9 4 12 6 9 4 1 6 18 4 8 2 3 4 1 2 3 4 5 6 9 4 12 2 11 4 10 2 11 4 15 5 16  5
10 6 18 4 1 6 7 4 5 6 14 4 8 6 18 4 1 2 13 4 5 2 11 4 12 6 18 4 10 2 3 4 8 2 3 4 15 12 16  2
8 6 14 4 12 2 11 4 1 6 18 4 5 2 11 4 10 6 14 4 1 2 11 4 5 6 18 4 10 2 17 4 12 6 18 4 15 8 16  7
12 2 17 4 5 6 7 4 5 2 11 4 10 2 13 4 1 2 3 4 12 6 14 4 1 6 18 4 10 6 9 4 8 6 9 4 15 8 16  12
1 6 7 4 10 2 3 4 10 6 14 4 12 6 9 4 1 2 11 4 8 2 13 4 12 2 17 4 5 6 7 4 8 6 18 4 15 5 16  5
8 2 13 4 5 6 18 4 10 2 3 4 1 2 17 4 8 6 7 4 1 6 9 4 10 6 18 4 5 2 3 4 12 6 18 4 15 12 16  2
10 6 7 4 1 6 18 4 8 2 13 4 5 6 9 4 5 2 13 4 8 6 9 4 12 6 7 4 12 2 17 4 1 2 11 4 15 10 16  7
1 6 18 4 10 6 18 4 12 6 18 4 8 2 17 4 12 2 17 4 5 2 17 4 1 2 17 4 5 6 18 4 8 6 18 4 15 10 16  7
5 2 3 4 12 2 13 4 10 2 3 4 1 2 3 4 8 6 14 4 12 6 18 4 10 6 14 4 1 6 14 4 5 6 14 4 15 8 16  2
10 2 3 4 1 6 9 4 12 6 9 4 5 2 11 4 5 6 18 4 8 2 11 4 10 6 7 4 8 6 18 4 1 2 17 4 15 12 16  7
10 6 7 4 8 2 13 4 5 6 9 4 8 6 14 4 5 2 17 4 1 6 9 4 12 6 9 4 10 2 3 4 1 2 17 4 15 12 16  7
1 6 7 4 10 6 7 4 10 2 13 4 8 2 11 4 12 2 11 4 8 6 14 4 5 6 14 4 12 6 14 4 1 2 13 4 15 5 16  5
1 6 14 4 12 2 13 4 12 6 7 4 10 2 13 4 8 6 14 4 8 2 17 4 10 6 7 4 1 2 17 4 5 6 14 4 15 5 16  7
1 6 18 4 1 2 11 4 8 2 3 4 10 6 7 4 12 2 3 4 10 2 17 4 5 6 14 4 12 6 14 4 8 6 14 4 15 5 16  2
1 2 11 4 12 6 18 4 10 6 9 4 5 2 13 4 1 6 14 4 10 2 17 4 8 6 18 4 8 2 13 4 5 6 18 4 15 12 16  12
1 6 9 4 8 6 18 4 5 2 13 4 10 6 18 4 1 2 11 4 10 2 3 4 12 6 14 4 5 6 14 4 12 2 13 4 15 8 16  2
1 6 18 4 10 2 17 4 8 2 3 4 1 2 11 4 12 2 11 4 8 6 7 4 10 6 14 4 5 6 14 4 12 6 18 4 15 5 16  7
10 6 7 4 8 2 11 4 1 2 13 4 12 6 9 4 10 2 13 4 1 6 7 4 8 6 18 4 5 6 9 4 12 2 17 4 15 5 16  7
5 6 7 4 8 2 17 4 10 6 14 4 5 2 17 4 10 2 11 4 8 6 7 4 1 2 11 4 1 6 14 4 12 6 14 4 15 12 16  5
10 6 18 4 12 2 11 4 8 2 11 4 12 6 9 4 1 2 11 4 5 2 13 4 1 6 9 4 5 6 18 4 8 6 9 4 15 10 16  12
8 2 13 4 12 6 18 4 10 2 13 4 10 6 18 4 8 6 18 4 1 6 14 4 5 6 14 4 12 2 13 4 1 2 11 4 15 5 16  5
1 6 14 4 5 6 18 4 10 6 18 4 8 6 14 4 8 2 3 4 12 6 7 4 10 2 11 4 12 2 17 4 5 2 11 4 15 1 16  2
1 2 13 4 12 2 13 4 12 6 9 4 5 2 11 4 1 6 9 4 8 6 7 4 5 6 14 4 8 2 3 4 10 6 7 4 15 10 16  2
12 6 9 4 5 2 11 4 1 6 18 4 8 2 3 4 5 6 18 4 10 6 9 4 10 2 13 4 1 2 11 4 8 6 7 4 15 12 16  12
10 6 14 4 5 2 17 4 8 6 18 4 1 6 14 4 8 2 13 4 12 2 11 4 5 6 9 4 1 2 3 4 12 6 7 4 15 10 16  2
8 2 3 4 1 2 13 4 8 6 18 4 5 6 14 4 10 6 18 4 1 6 9 4 5 2 11 4 10 2 3 4 12 6 9 4 15 12 16  12
8 6 9 4 12 6 9 4 12 2 13 4 10 6 14 4 10 2 11 4 1 6 14 4 5 6 7 4 1 2 11 4 5 2 3 4 15 8 16  12
5 2 13 4 12 2 3 4 10 6 14 4 1 2 11 4 5 6 9 4 8 6 14 4 1 6 18 4 12 6 7 4 10 2 17 4 15 8 16  7
12 2 3 4 10 6 7 4 10 2 13 4 8 6 18 4 5 2 11 4 1 6 14 4 12 6 9 4 5 6 18 4 1 2 17 4 15 8 16  5
5 2 13 4 10 2 17 4 10 6 18 4 1 6 14 4 8 6 9 4 12 6 9 4 1 2 11 4 5 6 7 4 8 2 3 4 15 12 16  2
5 2 11 4 8 6 9 4 12 2 17 4 8 2 11 4 12 6 18 4 10 6 18 4 1 6 9 4 10 2 17 4 5 6 9 4 15 1 16  5
5 2 13 4 8 6 9 4 1 6 9 4 8 2 3 4 12 2 13 4 10 6 14 4 5 6 14 4 1 2 3 4 12 6 14 4 15 10 16  12
12 2 17 4 12 6 14 4 8 6 7 4 10 2 13 4 1 2 3 4 1 6 9 4 5 2 11 4 10 6 7 4 5 6 18 4 15 8 16  12
1 6 7 4 12 6 9 4 1 2 13 4 8 6 18 4 5 6 9 4 8 2 11 4 12 2 17 4 10 2 3 4 10 6 14 4 15 5 16  7
10 2 17 4 12 6 14 4 8 2 11 4 12 2 13 4 10 6 9 4 5 2 13 4 5 6 14 4 1 6 18 4 8 6 18 4 15 1 16  5
1 6 14 4 12 6 18 4 12 2 11 4 1 2 17 4 5 2 13 4 8 2 3 4 10 6 14 4 5 6 9 4 8 6 7 4 15 10 16  7
5 6 9 4 8 2 13 4 12 6 9 4 1 2 3 4 10 6 9 4 8 6 18 4 5 2 3 4 1 6 9 4 12 2 3 4 15 10 16  2
10 2 11 4 5 6 9 4 8 6 9 4 1 6 18 4 5 2 11 4 12 6 9 4 10 6 9 4 8 2 11 4 1 2 17 4 15 12 16  5
8 2 17 4 10 2 3 4 1 6 7 4 10 6 14 4 12 6 14 4 12 2 3 4 1 2 11 4 5 6 14 4 8 6 18 4 15 5 16  2
1 6 7 4 1 2 17 4 10 6 18 4 8 2 3 4 5 2 11 4 12 6 14 4 10 2 11 4 5 6 18 4 8 6 14 4 15 12 16  2
12 2 13 4 12 6 14 4 5 2 11 4 1 6 7 4 10 6 7 4 8 6 18 4 5 6 7 4 10 2 11 4 8 2 3 4 15 1 16  5
12 6 7 4 10 2 11 4 5 2 17 4 10 6 7 4 5 6 18 4 1 6 9 4 12 2 11 4 1 2 13 4 8 6 9 4 15 8 16  12
1 6 18 4 5 2 13 4 10 2 11 4 8 2 3 4 5 6 14 4 12 6 7 4 10 6 9 4 12 2 17 4 8 6 18 4 15 1 16  2
10 2 11 4 12 6 7 4 5 6 14 4 10 6 9 4 5 2 17 4 1 6 14 4 12 2 3 4 8 6 9 4 8 2 11 4 15 1 16  7
12 2 17 4 8 6 18 4 5 2 17 4 10 6 14 4 12 6 18 4 5 6 18 4 1 6 14 4 10 2 11 4 1 2 11 4 15 8 16  7
1 6 7 4 12 6 18 4 8 6 7 4 5 2 17 4 8 2 17 4 5 6 7 4 10 6 7 4 10 2 17 4 12 2 13 4 15 1 16  7
10 2 17 4 1 2 13 4 12 6 9 4 8 6 9 4 12 2 17 4 5 2 3 4 5 6 14 4 1 6 18 4 10 6 9 4 15 8 16  7
1 2 13 4 12 6 18 4 1 6 7 4 5 2 17 4 10 2 11 4 8 2 3 4 5 6 18 4 10 6 9 4 8 6 14 4 15 12 16  7
10 6 18 4 8 6 7 4 10 2 3 4 12 6 7 4 1 2 11 4 5 6 7 4 1 6 14 4 8 2 13 4 5 2 13 4 15 12 16  12
5 2 11 4 8 6 14 4 1 2 13 4 1 6 14 4 12 2 17 4 12 6 18 4 5 6 7 4 8 2 13 4 10 6 14 4 15 10 16  12
12 2 13 4 12 6 14 4 8 2 3 4 5 2 11 4 8 6 9 4 5 6 18 4 10 6 14 4 1 2 13 4 1 6 14 4 15 10 16  12
8 6 18 4 12 6 9 4 5 2 13 4 1 6 7 4 10 2 17 4 10 6 9 4 12 2 17 4 1 2 3 4 5 6 18 4 15 8 16  12
1 2 17 4 10 6 7 4 8 2 13 4 10 2 17 4 1 6 7 4 8 6 18 4 12 2 17 4 12 6 7 4 5 6 18 4 15 5 16  12
10 2 17 4 8 6 14 4 10 6 18 4 5 6 18 4 8 2 11 4 1 2 17 4 1 6 18 4 12 6 18 4 12 2 17 4 15 5 16  7
5 6 18 4 10 2 17 4 8 2 17 4 1 6 9 4 5 2 17 4 10 6 18 4 8 6 18 4 12 2 11 4 12 6 9 4 15 1 16  5
8 6 14 4 1 6 14 4 10 2 11 4 12 6 14 4 1 2 13 4 10 6 9 4 5 2 3 4 5 6 18 4 12 2 13 4 15 8 16  12
12 6 7 4 5 6 9 4 12 2 13 4 1 2 17 4 8 6 7 4 5 2 11 4 10 6 14 4 1 6 14 4 10 2 17 4 15 8 16  12
8 6 14 4 5 6 9 4 12 2 11 4 12 6 9 4 1 6 9 4 10 2 11 4 10 6 9 4 1 2 11 4 8 2 3 4 15 5 16  5
12 6 9 4 1 6 14 4 5 6 18 4 5 2 11 4 8 6 7 4 8 2 3 4 1 2 17 4 12 2 13 4 10 6 18 4 15 10 16  5
5 6 18 4 10 6 14 4 12 2 17 4 8 6 14 4 1 2 13 4 1 6 14 4 10 2 13 4 8 2 13 4 12 6 18 4 15 5 16  7
12 2 3 4 10 6 9 4 12 6 7 4 8 6 9 4 8 2 17 4 5 6 7 4 10 2 17 4 1 2 13 4 1 6 14 4 15 5 16  2
12 6 14 4 8 6 7 4 5 6 14 4 1 2 11 4 12 2 17 4 5 2 17 4 10 6 7 4 1 6 9 4 8 2 3 4 15 10 16  2
10 6 7 4 5 2 11 4 1 6 9 4 1 2 17 4 12 2 3 4 12 6 7 4 8 6 14 4 5 6 14 4 10 2 3 4 15 8 16  5
10 2 13 4 1 6 9 4 12 6 7 4 12 2 11 4 8 6 9 4 1 2 17 4 5 6 7 4 8 2 17 4 10 6 18 4 15 5 16  5
12 6 7 4 10 2 11 4 1 6 18 4 10 6 9 4 8 6 9 4 12 2 3 4 5 6 7 4 5 2 3 4 1 2 13 4 15 8 16  5
8 2 3 4 10 6 18 4 10 2 11 4 1 2 3 4 12 6 18 4 8 6 9 4 1 6 9 4 5 6 18 4 12 2 11 4 15 5 16  5
12 6 7 4 8 6 18 4 1 6 7 4 12 2 13 4 5 2 11 4 8 2 3 4 10 2 17 4 5 6 9 4 10 6 14 4 15 1 16  12
5 6 14 4 5 2 17 4 12 2 11 4 1 2 11 4 10 2 3 4 10 6 18 4 8 6 18 4 1 6 7 4 12 6 7 4 15 8 16  2
10 2 11 4 1 6 14 4 12 6 18 4 1 2 13 4 5 6 9 4 12 2 3 4 5 2 11 4 8 6 14 4 10 6 9 4 15 8 16  12
12 2 17 4 8 2 11 4 5 6 9 4 10 2 17 4 8 6 18 4 10 6 9 4 1 2 13 4 12 6 9 4 1 6 7 4 15 5 16  7
1 2 3 4 8 6 7 4 5 2 13 4 10 6 7 4 12 2 3 4 12 6 14 4 5 6 9 4 10 2 11 4 1 6 14 4 15 8 16  5
12 2 11 4 1 6 7 4 10 2 17 4 5 6 14 4 8 2 11 4 12 6 14 4 10 6 7 4 5 2 11 4 8 6 14 4 15 1 16  7
8 2 3 4 8 6 14 4 5 6 18 4 5 2 11 4 1 6 18 4 10 6 9 4 12 6 14 4 10 2 17 4 12 2 3 4 15 1 16  5
1 2 13 4 8 6 7 4 5 6 7 4 8 2 3 4 10 6 7 4 10 2 3 4 12 6 14 4 1 6 14 4 5 2 3 4 15 12 16  12
5 2 3 4 8 6 14 4 1 6 9 4 8 2 11 4 10 2 17 4 12 2 17 4 10 6 18 4 12 6 18 4 5 6 9 4 15 1 16  2
1 2 3 4 10 2 17 4 12 6 14 4 5 6 7 4 8 2 13 4 8 6 9 4 1 6 7 4 12 2 17 4 10 6 14 4 15 5 16  2
10 6 9 4 1 6 18 4 10 2 11 4 8 6 18 4 5 2 11 4 12 2 13 4 8 2 17 4 12 6 7 4 5 6 9 4 15 1 16  7
12 2 13 4 10 6 9 4 1 6 18 4 1 2 17 4 8 6 18 4 10 2 3 4 5 6 7 4 5 2 13 4 12 6 7 4 15 8 16  7
5 6 9 4 1 2 11 4 10 6 18 4 12 2 11 4 1 6 7 4 12 6 7 4 10 2 13 4 5 2 17 4 8 6 7 4 15 8 16  5
8 2 11 4 5 2 17 4 5 6 7 4 1 6 18 4 1 2 13 4 8 6 9 4 10 6 14 4 12 2 3 4 12 6 14 4 15 10 16  2
1 6 14 4 10 6 14 4 5 6 7 4 8 6 9 4 8 2 3 4 12 6 9 4 10 2 13 4 12 2 3 4 5 2 17 4 15 1 16  12
5 6 9 4 10 2 17 4 1 6 14 4 5 2 3 4 1 2 11 4 8 6 18 4 12 6 9 4 8 2 17 4 10 6 18 4 15 12 16  2
1 6 7 4 1 2 13 4 10 6 14 4 5 2 17 4 12 2 11 4 5 6 9 4 12 6 14 4 8 6 7 4 10 2 11 4 15 8 16  12
5 6 14 4 1 2 17 4 8 6 14 4 10 2 11 4 12 6 9 4 5 2 17 4 12 2 3 4 1 6 14 4 10 6 7 4 15 8 16  7
5 6 14 4 8 6 18 4 5 2 3 4 10 6 9 4 10 2 13 4 12 6 14 4 1 2 11 4 8 2 11 4 1 6 18 4 15 12 16  2
12 2 11 4 10 2 17 4 8 6 9 4 5 2 11 4 1 6 7 4 5 6 18 4 1 2 13 4 12 6 18 4 10 6 9 4 15 8 16  7
8 2 13 4 5 2 3 4 5 6 18 4 1 2 11 4 12 2 11 4 12 6 9 4 8 6 14 4 10 6 14 4 1 6 9 4 15 10 16  12
1 2 3 4 8 6 7 4 12 2 3 4 5 2 17 4 12 6 7 4 5 6 9 4 10 6 9 4 1 6 7 4 10 2 17 4 15 8 16  2
1 6 9 4 10 6 14 4 10 2 11 4 8 2 11 4 5 6 18 4 8 6 14 4 12 6 9 4 1 2 3 4 5 2 17 4 15 12 16  2
10 2 13 4 5 2 3 4 1 6 9 4 8 6 9 4 12 2 17 4 12 6 7 4 8 2 13 4 10 6 9 4 5 6 14 4 15 1 16  12
12 6 9 4 5 2 13 4 10 2 17 4 10 6 9 4 12 2 17 4 1 6 14 4 1 2 13 4 5 6 14 4 8 6 14 4 15 8 16  12
5 6 18 4 8 6 9 4 8 2 17 4 10 6 18 4 12 2 13 4 1 2 13 4 12 6 18 4 1 6 18 4 5 2 13 4 15 10 16  12
8 6 9 4 5 6 14 4 1 2 17 4 10 2 11 4 1 6 9 4 10 6 18 4 12 6 14 4 12 2 3 4 8 2 17 4 15 5 16  2
10 2 11 4 10 6 18 4 12 6 7 4 8 2 11 4 1 2 13 4 5 2 13 4 8 6 18 4 1 6 7 4 5 6 7 4 15 12 16  12
1 6 7 4 5 2 3 4 1 2 17 4 5 6 14 4 8 2 3 4 12 6 9 4 12 2 13 4 10 6 9 4 8 6 14 4 15 10 16  12
1 6 18 4 12 2 17 4 8 6 7 4 5 6 7 4 10 2 11 4 1 2 13 4 5 2 11 4 12 6 9 4 10 6 7 4 15 8 16  5
1 6 18 4 10 2 13 4 12 6 18 4 10 6 14 4 8 6 9 4 5 2 3 4 1 2 11 4 8 2 3 4 5 6 9 4 15 12 16  5
8 2 13 4 1 6 14 4 5 6 18 4 8 6 7 4 12 6 18 4 5 2 11 4 10 6 9 4 10 2 3 4 1 2 17 4 15 12 16  5
10 6 18 4 1 6 18 4 5 6 9 4 8 2 17 4 12 2 3 4 12 6 9 4 5 2 3 4 8 6 18 4 10 2 17 4 15 1 16  7
10 6 7 4 1 6 7 4 8 6 18 4 12 2 3 4 12 6 14 4 10 2 11 4 5 6 18 4 5 2 17 4 8 2 17 4 15 1 16  5
5 2 17 4 1 2 3 4 10 6 9 4 8 6 7 4 5 6 9 4 1 6 7 4 12 6 7 4 10 2 17 4 12 2 3 4 15 8 16  2
8 6 9 4 5 6 9 4 5 2 3 4 10 2 3 4 1 6 9 4 12 6 9 4 10 6 9 4 12 2 3 4 1 2 3 4 15 8 16  2
12 6 7 4 5 6 7 4 10 6 7 4 10 2 11 4 1 2 11 4 1 6 7 4 12 2 11 4 8 6 7 4 8 2 11 4 15 5 16  5
5 6 14 4 8 2 13 4 12 6 18 4 10 2 3 4 1 2 13 4 5 2 13 4 10 6 18 4 8 6 14 4 1 6 14 4 15 12 16  2
8 2 11 4 5 6 18 4 5 2 13 4 12 2 13 4 1 6 14 4 10 6 14 4 8 6 14 4 12 6 18 4 10 2 11 4 15 1 16  5
12 2 17 4 1 2 11 4 5 6 9 4 8 6 14 4 1 6 18 4 12 6 7 4 5 2 13 4 8 2 3 4 10 6 7 4 15 10 16  7
1 6 18 4 5 6 9 4 10 6 9 4 8 6 7 4 10 2 11 4 12 2 17 4 12 6 14 4 1 2 3 4 8 2 13 4 15 5 16  5
10 2 3 4 12 6 14 4 5 6 18 4 8 6 14 4 10 6 14 4 1 6 9 4 8 2 3 4 1 2 13 4 5 2 11 4 15 12 16  2
12 2 17 4 5 6 18 4 5 2 11 4 10 2 17 4 1 2 3 4 1 6 9 4 10 6 14 4 12 6 14 4 8 6 18 4 15 8 16  5
8 2 11 4 8 6 18 4 5 6 18 4 12 6 18 4 10 6 7 4 1 6 18 4 12 2 11 4 10 2 17 4 5 2 11 4 15 1 16  5
10 2 17 4 1 6 9 4 12 2 13 4 5 2 17 4 1 2 3 4 10 6 18 4 12 6 7 4 8 6 18 4 5 6 18 4 15 8 16  7
1 2 17 4 5 2 11 4 12 2 13 4 10 6 9 4 5 6 14 4 8 6 18 4 1 6 9 4 12 6 7 4 8 2 3 4 15 10 16  7
1 6 7 4 5 6 7 4 12 6 7 4 5 2 13 4 10 2 17 4 8 2 17 4 10 6 18 4 12 2 13 4 8 6 18 4 15 1 16  12
8 6 9 4 10 2 17 4 5 6 9 4 5 2 11 4 1 6 18 4 10 6 7 4 8 2 11 4 12 6 18 4 12 2 3 4 15 1 16  2
12 2 13 4 1 2 3 4 5 6 7 4 8 2 17 4 8 6 14 4 10 6 14 4 12 6 7 4 5 2 13 4 1 6 9 4 15 10 16  7
8 6 7 4 1 2 3 4 10 6 7 4 1 6 7 4 5 2 17 4 5 6 14 4 12 2 11 4 10 2 3 4 12 6 9 4 15 8 16  2
1 2 11 4 1 6 14 4 5 6 9 4 10 6 7 4 12 2 13 4 12 6 7 4 5 2 3 4 8 6 7 4 10 2 13 4 15 8 16  12
10 2 3 4 5 6 7 4 12 2 3 4 1 2 17 4 1 6 9 4 10 6 7 4 8 2 13 4 12 6 7 4 8 6 14 4 15 5 16  2
8 2 11 4 12 6 7 4 1 6 9 4 12 2 3 4 10 2 3 4 5 6 9 4 8 6 18 4 10 6 7 4 1 2 17 4 15 5 16  7
12 2 11 4 12 6 14 4 1 2 13 4 8 2 13 4 10 6 9 4 8 6 7 4 5 6 14 4 10 2 3 4 1 6 7 4 15 5 16  5
8 6 14 4 12 2 11 4 10 6 9 4 1 6 14 4 10 2 13 4 5 6 7 4 12 6 7 4 8 2 3 4 5 2 11 4 15 1 16  2
12 6 9 4 5 2 17 4 1 2 17 4 10 6 18 4 8 2 17 4 10 2 13 4 5 6 9 4 8 6 9 4 1 6 9 4 15 12 16  7
10 6 18 4 8 2 13 4 5 2 13 4 12 6 18 4 1 2 3 4 5 6 9 4 8 6 9 4 1 6 18 4 10 2 3 4 15 12 16  2
1 2 13 4 1 6 7 4 8 2 17 4 12 6 18 4 5 2 17 4 12 2 17 4 5 6 18 4 8 6 18 4 10 6 7 4 15 10 16  12
5 6 9 4 10 6 7 4 8 6 14 4 5 2 17 4 8 2 11 4 12 6 14 4 1 6 9 4 1 2 17 4 10 2 3 4 15 12 16  5
5 2 17 4 8 2 17 4 10 6 9 4 5 6 9 4 8 6 9 4 12 6 18 4 1 6 9 4 12 2 11 4 10 2 17 4 15 1 16  7
12 6 9 4 5 6 9 4 1 6 14 4 8 6 9 4 10 6 9 4 10 2 17 4 1 2 3 4 5 2 17 4 8 2 17 4 15 12 16  7
8 2 3 4 8 6 7 4 5 6 7 4 12 6 7 4 5 2 3 4 1 2 17 4 10 6 7 4 12 2 3 4 1 6 14 4 15 10 16  2
5 2 3 4 10 2 13 4 5 6 7 4 8 6 7 4 12 6 7 4 1 6 7 4 8 2 3 4 10 6 18 4 1 2 3 4 15 12 16  2
5 6 9 4 8 6 14 4 10 6 18 4 12 6 9 4 1 2 3 4 8 2 3 4 1 6 14 4 5 2 13 4 10 2 17 4 15 12 16  12
12 2 3 4 10 6 9 4 8 6 9 4 10 2 11 4 5 6 9 4 1 6 9 4 1 2 11 4 8 2 11 4 12 6 7 4 15 5 16  5
1 6 18 4 1 2 13 4 5 6 14 4 12 6 9 4 12 2 17 4 8 6 18 4 10 2 13 4 10 6 18 4 5 2 11 4 15 8 16  12
1 6 9 4 1 2 3 4 8 2 3 4 10 2 13 4 10 6 14 4 5 2 13 4 8 6 9 4 5 6 14 4 12 6 14 4 15 12 16  12
5 6 14 4 8 2 3 4 5 2 13 4 1 6 7 4 1 2 3 4 10 6 7 4 8 6 7 4 12 6 7 4 10 2 3 4 15 12 16  2
8 6 18 4 12 2 13 4 12 6 14 4 10 2 17 4 1 6 7 4 1 2 3 4 8 2 17 4 10 6 18 4 5 6 14 4 15 5 16  12
1 6 18 4 12 2 3 4 8 2 13 4 5 6 18 4 5 2 17 4 10 6 9 4 10 2 11 4 8 6 14 4 12 6 7 4 15 1 16  7
12 2 11 4 12 6 9 4 8 6 9 4 5 2 11 4 5 6 9 4 1 6 7 4 10 6 14 4 10 2 13 4 1 2 17 4 15 8 16  5
1 6 9 4 1 2 17 4 10 6 18 4 12 2 11 4 8 6 14 4 5 6 14 4 5 2 3 4 12 6 18 4 10 2 11 4 15 8 16  2
1 2 17 4 8 2 17 4 12 6 7 4 5 6 7 4 1 6 9 4 5 2 13 4 10 6 7 4 12 2 13 4 8 6 9 4 15 10 16  12
5 6 14 4 5 2 11 4 10 6 9 4 10 2 13 4 12 2 3 4 1 6 14 4 8 2 3 4 12 6 18 4 8 6 18 4 15 1 16  5
1 6 14 4 5 6 18 4 8 6 14 4 10 6 9 4 10 2 11 4 8 2 13 4 12 6 18 4 5 2 17 4 12 2 17 4 15 1 16  12
5 2 13 4 1 2 3 4 10 6 7 4 1 6 18 4 8 6 7 4 12 6 18 4 10 2 13 4 8 2 13 4 5 6 7 4 15 12 16  2
12 2 11 4 10 6 14 4 1 6 14 4 5 6 9 4 8 6 9 4 5 2 11 4 8 2 11 4 1 2 3 4 12 6 9 4 15 10 16  2
5 2 17 4 1 2 13 4 12 6 9 4 10 6 18 4 8 6 9 4 8 2 11 4 12 2 11 4 5 6 7 4 1 6 18 4 15 10 16  12
8 2 3 4 5 2 11 4 1 2 3 4 10 2 11 4 8 6 18 4 10 6 14 4 5 6 14 4 12 6 18 4 1 6 18 4 15 12 16  2
12 6 18 4 1 6 7 4 10 2 3 4 5 6 7 4 12 2 17 4 10 6 14 4 8 6 7 4 1 2 11 4 5 2 11 4 15 8 16  5
8 2 3 4 5 2 11 4 8 6 7 4 1 6 14 4 10 6 14 4 12 2 13 4 12 6 14 4 5 6 9 4 10 2 13 4 15 1 16  12
12 6 9 4 8 6 9 4 8 2 3 4 12 2 3 4 10 6 9 4 1 6 9 4 5 6 14 4 10 2 3 4 5 2 11 4 15 1 16  2
1 2 11 4 8 6 14 4 10 6 18 4 5 6 14 4 10 2 11 4 5 2 13 4 1 6 18 4 8 2 13 4 12 6 14 4 15 12 16  12
12 6 7 4 8 2 11 4 10 2 3 4 5 2 17 4 5 6 7 4 10 6 18 4 8 6 14 4 1 6 7 4 1 2 17 4 15 12 16  7
10 2 13 4 12 2 13 4 8 2 13 4 5 2 11 4 1 6 14 4 5 6 14 4 12 6 18 4 10 6 18 4 8 6 18 4 15 1 16  5
12 2 3 4 10 6 14 4 1 6 14 4 5 2 13 4 8 2 3 4 5 6 14 4 1 2 13 4 12 6 7 4 8 6 7 4 15 10 16  12
1 2 3 4 10 6 14 4 1 6 14 4 10 2 3 4 12 6 18 4 5 6 18 4 8 6 7 4 12 2 11 4 8 2 13 4 15 5 16  5
5 2 13 4 8 2 3 4 12 2 13 4 1 6 14 4 10 6 18 4 12 6 18 4 8 6 14 4 1 2 3 4 5 6 18 4 15 10 16  12
1 2 17 4 12 2 3 4 10 6 7 4 8 6 7 4 12 6 7 4 5 2 3 4 5 6 7 4 8 2 3 4 1 6 9 4 15 10 16  2
8 6 14 4 5 6 9 4 1 2 13 4 10 2 17 4 1 6 14 4 10 6 18 4 12 6 18 4 5 2 11 4 8 2 13 4 15 12 16  7
10 6 7 4 8 2 11 4 8 6 18 4 5 6 18 4 10 2 17 4 12 6 14 4 12 2 13 4 1 6 9 4 1 2 3 4 15 5 16  5
1 2 3 4 8 6 9 4 10 6 9 4 8 2 13 4 10 2 13 4 1 6 14 4 12 6 18 4 5 6 18 4 12 2 11 4 15 5 16  5
8 6 18 4 10 6 18 4 1 6 9 4 12 6 14 4 1 2 3 4 12 2 11 4 8 2 17 4 10 2 17 4 5 6 9 4 15 5 16  2
5 6 7 4 10 6 9 4 5 2 13 4 10 2 11 4 12 6 7 4 8 6 9 4 8 2 11 4 1 6 7 4 12 2 13 4 15 1 16  12
10 6 18 4 5 6 9 4 8 6 14 4 5 2 17 4 1 6 7 4 1 2 3 4 10 2 11 4 8 2 13 4 12 6 7 4 15 12 16  2
10 2 3 4 8 2 11 4 12 6 14 4 8 6 9 4 1 6 9 4 5 6 7 4 5 2 13 4 12 2 3 4 10 6 14 4 15 1 16  5
1 6 18 4 5 6 9 4 8 6 9 4 5 2 11 4 12 6 7 4 8 2 11 4 10 6 7 4 12 2 13 4 1 2 17 4 15 10 16  12
12 6 14 4 5 6 14 4 1 2 3 4 10 2 13 4 1 6 9 4 8 6 7 4 5 2 17 4 12 2 17 4 10 6 7 4 15 8 16  12
10 6 14 4 1 2 11 4 12 6 14 4 8 6 14 4 5 6 18 4 5 2 13 4 10 2 3 4 1 6 7 4 12 2 3 4 15 8 16  2
8 6 14 4 5 2 11 4 12 2 3 4 1 6 18 4 10 6 18 4 8 2 3 4 5 6 9 4 12 6 14 4 1 2 13 4 15 10 16  12
1 6 18 4 5 6 18 4 8 6 18 4 8 2 17 4 10 2 13 4 5 2 17 4 12 2 11 4 12 6 9 4 10 6 7 4 15 1 16  7
12 2 13 4 5 2 11 4 5 6 18 4 10 6 7 4 8 2 17 4 12 6 14 4 1 6 14 4 10 2 3 4 8 6 9 4 15 1 16  12
5 6 9 4 12 2 11 4 10 2 13 4 10 6 14 4 8 6 7 4 12 6 18 4 5 2 3 4 1 6 18 4 8 2 17 4 15 1 16  5
10 2 3 4 8 6 9 4 12 6 14 4 10 6 14 4 8 2 17 4 1 6 9 4 5 2 17 4 12 2 3 4 5 6 9 4 15 1 16  7
12 2 3 4 8 2 11 4 10 6 18 4 12 6 14 4 10 2 11 4 1 2 11 4 1 6 18 4 8 6 18 4 5 6 14 4 15 5 16  2
5 2 17 4 8 2 3 4 10 6 9 4 10 2 17 4 12 2 3 4 5 6 9 4 8 6 18 4 1 6 9 4 12 6 18 4 15 1 16  7
5 6 9 4 1 6 7 4 10 2 3 4 12 6 18 4 10 6 9 4 8 6 18 4 5 2 3 4 8 2 13 4 1 2 17 4 15 12 16  12
1 6 9 4 5 6 9 4 10 2 11 4 10 6 14 4 1 2 17 4 8 2 17 4 12 6 14 4 8 6 9 4 5 2 17 4 15 12 16  5
8 2 3 4 10 2 17 4 1 6 9 4 5 6 18 4 1 2 13 4 5 2 11 4 10 6 14 4 12 6 14 4 8 6 7 4 15 12 16  7
12 6 9 4 8 6 9 4 8 2 11 4 5 6 18 4 10 6 9 4 10 2 11 4 1 2 13 4 1 6 18 4 5 2 13 4 15 12 16  5
1 6 14 4 12 2 13 4 8 2 3 4 8 6 14 4 5 2 17 4 5 6 7 4 12 6 18 4 10 2 13 4 10 6 18 4 15 1 16  2
1 2 13 4 8 2 3 4 8 6 14 4 12 6 14 4 5 6 9 4 12 2 3 4 1 6 18 4 10 6 9 4 5 2 17 4 15 10 16  7
10 2 13 4 8 6 7 4 5 2 3 4 10 6 18 4 1 6 7 4 12 6 7 4 5 6 14 4 1 2 11 4 12 2 11 4 15 8 16  5
5 2 13 4 1 6 9 4 8 2 13 4 8 6 14 4 1 2 17 4 10 2 3 4 10 6 7 4 12 6 14 4 5 6 14 4 15 12 16  12
10 2 17 4 1 6 9 4 10 6 18 4 8 6 9 4 8 2 13 4 1 2 13 4 5 6 7 4 12 6 7 4 5 2 11 4 15 12 16  5
1 2 17 4 12 6 18 4 8 2 13 4 10 6 7 4 8 6 14 4 12 2 3 4 1 6 7 4 5 6 7 4 5 2 17 4 15 10 16  7
10 2 3 4 5 2 17 4 10 6 7 4 1 6 14 4 12 6 18 4 1 2 13 4 8 6 9 4 5 6 18 4 8 2 11 4 15 12 16  7
12 2 13 4 1 6 7 4 5 6 7 4 8 6 9 4 1 2 13 4 12 6 7 4 5 2 13 4 10 6 7 4 8 2 3 4 15 10 16  12
10 6 9 4 8 2 17 4 5 6 14 4 10 2 3 4 1 2 11 4 12 2 11 4 8 6 7 4 12 6 14 4 1 6 14 4 15 5 16  5
12 2 17 4 5 2 3 4 10 6 14 4 8 6 14 4 12 6 14 4 5 6 18 4 1 6 7 4 1 2 13 4 8 2 17 4 15 10 16  7
12 2 13 4 1 6 14 4 8 6 14 4 5 6 7 4 10 6 9 4 10 2 11 4 5 2 17 4 12 6 18 4 1 2 3 4 15 8 16  2
5 6 14 4 5 2 3 4 1 6 18 4 8 2 3 4 10 6 9 4 12 6 9 4 8 6 14 4 12 2 11 4 1 2 13 4 15 10 16  5
12 6 14 4 1 6 14 4 12 2 11 4 5 2 13 4 1 2 11 4 10 2 13 4 10 6 18 4 5 6 18 4 8 6 18 4 15 8 16  12
5 6 18 4 5 2 13 4 12 6 14 4 10 2 3 4 12 2 17 4 8 6 18 4 1 2 3 4 10 6 9 4 1 6 9 4 15 8 16  12
10 2 17 4 10 6 7 4 1 6 18 4 1 2 3 4 5 6 18 4 8 6 7 4 5 2 3 4 12 2 13 4 12 6 9 4 15 8 16  7
8 6 18 4 8 2 11 4 5 6 18 4 12 2 11 4 1 2 13 4 10 2 3 4 1 6 7 4 10 6 9 4 12 6 18 4 15 5 16  5
12 2 11 4 8 6 7 4 5 6 7 4 12 6 18 4 1 2 13 4 1 6 14 4 5 2 3 4 8 2 3 4 10 6 14 4 15 10 16  12
10 6 18 4 5 6 9 4 8 6 9 4 12 2 3 4 10 2 3 4 5 2 13 4 1 6 14 4 1 2 17 4 12 6 18 4 15 8 16  12
8 6 7 4 5 2 3 4 5 6 7 4 12 2 17 4 1 2 3 4 12 6 9 4 1 6 7 4 10 2 13 4 10 6 18 4 15 8 16  2
5 2 17 4 8 6 18 4 1 2 3 4 5 6 18 4 10 2 13 4 10 6 7 4 12 6 7 4 1 6 14 4 12 2 13 4 15 8 16  7
12 2 17 4 10 2 3 4 12 6 14 4 1 6 18 4 10 6 7 4 5 2 11 4 8 6 7 4 1 2 13 4 5 6 9 4 15 8 16  2
1 2 3 4 5 6 14 4 12 2 13 4 12 6 7 4 1 6 18 4 10 6 9 4 8 6 9 4 10 2 11 4 5 2 17 4 15 8 16  5
12 6 7 4 1 6 14 4 10 2 17 4 12 2 11 4 8 6 14 4 1 2 17 4 10 6 14 4 5 2 17 4 5 6 14 4 15 8 16  7
1 6 14 4 5 6 14 4 10 6 9 4 12 6 9 4 1 2 13 4 8 6 9 4 10 2 17 4 8 2 17 4 5 2 13 4 15 12 16  7
12 6 9 4 12 2 11 4 10 2 17 4 1 2 3 4 8 6 18 4 5 6 7 4 5 2 3 4 10 6 18 4 1 6 7 4 15 8 16  7
8 2 11 4 5 6 18 4 12 6 14 4 10 6 14 4 10 2 11 4 8 6 14 4 5 2 13 4 1 2 3 4 1 6 7 4 15 12 16  5
5 6 14 4 1 6 14 4 8 6 18 4 10 2 3 4 1 2 13 4 12 6 18 4 10 6 7 4 5 2 13 4 12 2 11 4 15 8 16  5
8 2 11 4 1 2 11 4 5 2 17 4 8 6 7 4 5 6 14 4 12 6 7 4 12 2 11 4 10 6 7 4 1 6 7 4 15 10 16  5
12 2 11 4 5 2 11 4 1 6 18 4 12 6 18 4 10 6 18 4 8 2 3 4 8 6 9 4 5 6 18 4 1 2 11 4 15 10 16  5
12 6 18 4 5 6 18 4 8 2 3 4 10 6 7 4 5 2 13 4 8 6 14 4 1 2 11 4 1 6 7 4 10 2 11 4 15 12 16  12
10 2 11 4 8 2 13 4 12 6 7 4 5 6 18 4 1 6 18 4 8 6 14 4 10 6 7 4 1 2 17 4 12 2 11 4 15 5 16  7
10 6 14 4 12 2 17 4 1 6 7 4 10 2 3 4 5 2 11 4 8 2 11 4 5 6 18 4 8 6 18 4 12 6 7 4 15 1 16  7
5 2 11 4 5 6 14 4 12 6 7 4 1 2 3 4 8 6 18 4 1 6 18 4 12 2 17 4 8 2 3 4 10 6 14 4 15 10 16  5
1 6 14 4 8 6 7 4 10 6 18 4 12 6 7 4 5 6 9 4 5 2 13 4 1 2 11 4 12 2 3 4 10 2 17 4 15 8 16  2
8 6 9 4 12 2 17 4 1 2 3 4 12 6 9 4 8 2 17 4 10 2 3 4 5 6 7 4 1 6 7 4 10 6 7 4 15 5 16  2
1 2 17 4 5 6 9 4 12 2 13 4 12 6 7 4 1 6 9 4 10 2 13 4 10 6 7 4 8 6 9 4 8 2 17 4 15 5 16  7
10 6 7 4 12 6 7 4 5 2 17 4 1 2 3 4 12 2 3 4 8 6 7 4 10 2 3 4 5 6 9 4 1 6 7 4 15 8 16  2
1 6 9 4 10 6 7 4 10 2 11 4 5 6 9 4 1 2 3 4 12 6 18 4 8 2 13 4 5 2 3 4 8 6 18 4 15 12 16  12
10 2 13 4 5 2 3 4 10 6 14 4 8 2 13 4 8 6 14 4 1 2 17 4 5 6 7 4 1 6 18 4 12 6 7 4 15 12 16  2
8 6 14 4 1 2 11 4 1 6 18 4 12 6 9 4 12 2 3 4 5 6 9 4 10 6 9 4 8 2 13 4 10 2 3 4 15 5 16  2
12 2 3 4 10 2 3 4 10 6 7 4 12 6 7 4 8 6 9 4 5 6 7 4 5 2 3 4 8 2 17 4 1 6 7 4 15 1 16  2
8 6 7 4 5 2 3 4 12 2 13 4 10 6 18 4 10 2 11 4 12 6 7 4 1 6 7 4 5 6 9 4 1 2 13 4 15 8 16  12
10 6 9 4 1 2 11 4 8 2 17 4 12 6 7 4 1 6 9 4 12 2 13 4 5 6 9 4 8 6 18 4 10 2 11 4 15 5 16  5
5 2 3 4 1 6 14 4 12 2 13 4 8 6 9 4 12 6 9 4 5 6 18 4 8 2 13 4 10 6 14 4 1 2 17 4 15 10 16  7
10 6 18 4 12 2 3 4 5 6 18 4 12 6 9 4 5 2 13 4 8 6 7 4 1 6 7 4 10 2 13 4 8 2 11 4 15 1 16  5
5 6 18 4 8 2 13 4 10 2 13 4 12 6 7 4 5 2 13 4 10 6 18 4 12 2 3 4 8 6 18 4 1 6 7 4 15 1 16  2
1 2 17 4 12 6 9 4 8 6 9 4 12 2 3 4 8 2 3 4 5 2 17 4 5 6 14 4 10 6 14 4 1 6 14 4 15 10 16  7
5 6 9 4 1 2 11 4 5 2 3 4 10 2 17 4 8 6 9 4 12 6 9 4 1 6 14 4 10 6 18 4 8 2 3 4 15 12 16  2
5 6 14 4 12 6 7 4 12 2 13 4 5 2 11 4 10 6 7 4 8 6 18 4 1 6 14 4 1 2 11 4 8 2 3 4 15 10 16  12
10 6 9 4 8 2 13 4 5 6 9 4 5 2 17 4 1 6 9 4 12 2 3 4 12 6 7 4 1 2 17 4 8 6 18 4 15 10 16  7
10 2 13 4 8 6 14 4 8 2 13 4 12 6 9 4 1 2 3 4 5 2 11 4 1 6 9 4 5 6 7 4 10 6 14 4 15 12 16  2
1 2 3 4 5 2 13 4 5 6 18 4 8 6 9 4 1 6 7 4 10 6 18 4 12 6 18 4 8 2 17 4 12 2 13 4 15 10 16  12
8 6 14 4 1 6 7 4 12 2 13 4 5 6 14 4 1 2 13 4 10 6 9 4 8 2 3 4 12 6 7 4 10 2 11 4 15 5 16  2
10 2 17 4 8 2 3 4 5 6 14 4 10 6 18 4 8 6 7 4 12 6 14 4 1 6 18 4 1 2 17 4 12 2 11 4 15 5 16  5
10 6 7 4 8 2 17 4 1 2 17 4 8 6 18 4 10 2 11 4 1 6 18 4 5 6 7 4 12 2 17 4 12 6 18 4 15 5 16  5
5 2 3 4 8 6 18 4 12 2 11 4 1 6 7 4 5 6 18 4 1 2 17 4 12 6 9 4 10 2 17 4 10 6 7 4 15 8 16  2
8 2 17 4 8 6 18 4 12 2 3 4 5 6 9 4 10 6 9 4 1 6 9 4 12 6 7 4 5 2 13 4 1 2 13 4 15 10 16  12
5 6 9 4 8 6 14 4 12 2 11 4 8 2 13 4 10 2 17 4 10 6 9 4 1 6 9 4 12 6 7 4 5 2 17 4 15 1 16  7
1 6 7 4 5 2 13 4 12 6 7 4 10 2 13 4 10 6 9 4 8 2 13 4 1 2 17 4 5 6 9 4 8 6 9 4 15 12 16  7
10 6 18 4 1 6 18 4 12 6 7 4 1 2 13 4 10 2 13 4 8 6 18 4 5 6 18 4 8 2 13 4 12 2 11 4 15 5 16  12
10 6 14 4 5 2 17 4 10 2 17 4 1 2 11 4 8 2 11 4 12 6 18 4 5 6 14 4 1 6 18 4 8 6 18 4 15 12 16  5
12 6 7 4 5 6 18 4 10 2 17 4 8 6 14 4 8 2 13 4 5 2 3 4 10 6 7 4 12 2 17 4 1 6 14 4 15 1 16  12
5 2 11 4 10 2 3 4 5 6 14 4 10 6 7 4 8 2 3 4 1 6 14 4 12 6 9 4 8 6 7 4 12 2 13 4 15 1 16  5
5 2 11 4 5 6 18 4 1 2 17 4 8 2 13 4 12 2 17 4 10 6 7 4 1 6 7 4 12 6 7 4 8 6 9 4 15 10 16  7
5 2 3 4 10 6 14 4 12 6 9 4 1 2 13 4 5 6 9 4 8 6 14 4 8 2 11 4 1 6 7 4 10 2 11 4 15 12 16  2
1 6 9 4 12 2 3 4 5 2 13 4 12 6 18 4 1 2 13 4 5 6 9 4 8 6 18 4 10 2 17 4 10 6 7 4 15 8 16  2
5 6 14 4 12 6 7 4 12 2 3 4 8 6 14 4 5 2 11 4 8 2 11 4 1 2 17 4 1 6 18 4 10 6 18 4 15 10 16  7
10 2 17 4 8 2 3 4 1 6 9 4 8 6 18 4 12 6 14 4 1 2 17 4 12 2 11 4 5 6 18 4 10 6 9 4 15 5 16  2
12 6 14 4 10 6 9 4 5 6 18 4 8 6 14 4 8 2 13 4 1 6 9 4 5 2 11 4 12 2 13 4 10 2 3 4 15 1 16  2
10 6 14 4 8 2 11 4 1 2 3 4 5 2 13 4 5 6 18 4 1 6 9 4 8 6 7 4 12 6 18 4 10 2 17 4 15 12 16  12
8 6 9 4 12 6 18 4 5 6 7 4 1 6 7 4 5 2 11 4 8 2 13 4 10 6 18 4 1 2 11 4 12 2 3 4 15 10 16  2
10 2 13 4 12 2 17 4 5 6 7 4 8 6 18 4 1 6 9 4 12 6 18 4 8 2 17 4 10 6 9 4 5 2 3 4 15 1 16  12
12 6 18 4 8 6 7 4 10 6 7 4 12 2 3 4 5 2 17 4 1 6 9 4 10 2 11 4 8 2 11 4 5 6 9 4 15 1 16  7
8 6 18 4 12 2 11 4 10 6 7 4 12 6 14 4 5 6 18 4 5 2 13 4 10 2 17 4 8 2 13 4 1 6 18 4 15 1 16  12
1 2 17 4 10 6 7 4 1 6 9 4 12 2 3 4 8 6 18 4 5 6 7 4 5 2 3 4 8 2 13 4 12 6 7 4 15 10 16  2
10 2 13 4 8 6 9 4 5 2 17 4 1 2 11 4 5 6 14 4 10 6 18 4 12 6 9 4 1 6 7 4 12 2 3 4 15 8 16  2
5 6 14 4 10 6 7 4 1 2 3 4 8 2 13 4 8 6 14 4 12 6 7 4 12 2 11 4 10 2 11 4 1 6 18 4 15 5 16  12
8 6 9 4 8 2 3 4 5 6 18 4 10 6 18 4 1 2 17 4 10 2 11 4 12 2 13 4 12 6 7 4 1 6 14 4 15 5 16  5
12 2 17 4 12 6 18 4 10 6 14 4 8 6 18 4 10 2 13 4 1 6 14 4 5 6 18 4 1 2 13 4 5 2 17 4 15 8 16  7
8 2 3 4 1 2 11 4 8 6 7 4 5 2 11 4 12 6 18 4 12 2 11 4 5 6 18 4 10 6 18 4 1 6 18 4 15 10 16  5
8 6 9 4 5 6 14 4 10 2 3 4 12 6 7 4 10 6 7 4 1 6 18 4 5 2 17 4 1 2 11 4 8 2 13 4 15 12 16  2
10 2 11 4 8 6 14 4 10 6 14 4 12 6 7 4 12 2 17 4 1 6 7 4 1 2 17 4 5 6 7 4 5 2 17 4 15 8 16  5
5 2 17 4 12 6 18 4 10 6 9 4 10 2 11 4 8 6 7 4 1 2 17 4 5 6 18 4 8 2 13 4 1 6 18 4 15 12 16  7
5 6 7 4 8 6 9 4 12 6 9 4 10 2 3 4 12 2 3 4 1 2 11 4 5 2 11 4 10 6 9 4 1 6 7 4 15 8 16  2
12 2 17 4 8 6 18 4 5 6 18 4 12 6 18 4 8 2 17 4 10 2 13 4 10 6 9 4 1 2 11 4 1 6 7 4 15 5 16  7
12 6 9 4 1 6 9 4 1 2 11 4 8 2 11 4 5 6 14 4 5 2 17 4 8 6 9 4 10 2 11 4 10 6 9 4 15 12 16  5
5 2 11 4 10 2 3 4 5 6 14 4 8 6 9 4 12 6 9 4 1 6 9 4 10 6 18 4 8 2 13 4 1 2 13 4 15 12 16  12
1 6 18 4 8 2 3 4 12 6 14 4 10 2 3 4 10 6 18 4 5 6 14 4 8 6 18 4 1 2 3 4 5 2 17 4 15 12 16  7
10 6 18 4 1 6 9 4 12 6 7 4 5 6 7 4 8 2 17 4 5 2 11 4 1 2 3 4 8 6 14 4 10 2 13 4 15 12 16  5
5 6 18 4 12 6 18 4 1 2 13 4 8 6 9 4 10 6 9 4 8 2 17 4 10 2 17 4 12 2 13 4 1 6 18 4 15 5 16  12
5 2 17 4 10 2 3 4 5 6 7 4 8 6 18 4 12 6 7 4 1 6 9 4 1 2 13 4 12 2 17 4 10 6 18 4 15 8 16  2
8 2 11 4 1 2 13 4 10 6 14 4 8 6 14 4 5 6 14 4 10 2 11 4 1 6 18 4 5 2 11 4 12 6 18 4 15 12 16  12
5 6 14 4 10 2 11 4 10 6 9 4 12 6 14 4 5 2 3 4 1 2 3 4 1 6 14 4 8 2 13 4 8 6 18 4 15 12 16  2
10 6 14 4 10 2 3 4 1 2 11 4 12 6 18 4 5 6 7 4 1 6 7 4 8 2 3 4 8 6 14 4 12 2 13 4 15 5 16  5
10 2 3 4 5 2 3 4 8 6 7 4 5 6 18 4 8 2 17 4 10 6 18 4 12 2 17 4 12 6 7 4 1 6 7 4 15 1 16  7
8 2 3 4 5 6 7 4 1 6 14 4 5 2 13 4 10 2 13 4 10 6 7 4 12 6 9 4 12 2 17 4 8 6 14 4 15 1 16  2
1 6 9 4 10 6 9 4 12 6 18 4 12 2 3 4 8 6 7 4 8 2 13 4 10 2 17 4 5 6 18 4 1 2 17 4 15 5 16  2
8 6 9 4 5 6 7 4 12 6 7 4 10 6 18 4 1 6 9 4 8 2 17 4 1 2 17 4 10 2 13 4 12 2 11 4 15 5 16  5
1 2 11 4 12 6 7 4 10 2 3 4 5 6 9 4 5 2 3 4 8 6 9 4 1 6 18 4 12 2 17 4 10 6 9 4 15 8 16  2
5 6 9 4 1 2 13 4 8 2 13 4 1 6 9 4 12 6 18 4 8 6 9 4 10 6 9 4 5 2 13 4 12 2 11 4 15 10 16  12
5 6 9 4 1 6 18 4 1 2 11 4 10 2 11 4 10 6 18 4 8 2 3 4 12 6 18 4 8 6 9 4 5 2 3 4 15 12 16  5
