1 2 3 4 5 6 7 4 8 6 9 4 10 6 7 4 11 6 9 4 10 2 12 4 8 2 13 4 5 2 12 4 1 6 14 4 15 11 16  2
10 2 13 4 10 6 17 4 8 6 17 4 1 6 7 4 5 6 14 4 11 6 14 4 1 2 3 4 5 2 12 4 11 2 12 4 15 8 16  2
8 2 18 4 10 6 9 4 10 2 18 4 5 2 13 4 1 6 7 4 5 6 7 4 8 6 9 4 11 2 12 4 11 6 17 4 15 1 16  2
8 2 12 4 11 2 3 4 5 2 13 4 10 2 13 4 1 6 9 4 8 6 9 4 11 6 7 4 5 6 17 4 10 6 17 4 15 1 16  12
5 2 12 4 10 2 13 4 1 2 18 4 11 6 17 4 8 2 18 4 1 6 9 4 5 6 14 4 10 6 17 4 8 6 9 4 15 11 16  2
11 6 9 4 5 2 13 4 8 2 13 4 5 6 7 4 1 6 9 4 10 2 18 4 8 6 7 4 10 6 9 4 11 2 18 4 15 1 16  6
5 2 13 4 5 6 9 4 11 6 14 4 8 2 18 4 10 6 7 4 8 6 7 4 11 2 12 4 1 6 9 4 10 2 18 4 15 1 16  2
5 2 13 4 10 6 7 4 11 2 13 4 8 6 9 4 10 2 13 4 1 2 12 4 5 6 7 4 1 6 9 4 11 6 7 4 15 8 16  12
5 6 14 4 10 2 12 4 1 2 18 4 8 6 17 4 8 2 13 4 1 6 7 4 11 6 17 4 10 6 14 4 5 2 12 4 15 11 16  2
10 2 12 4 8 6 9 4 10 6 14 4 8 2 18 4 5 2 12 4 1 6 9 4 11 6 9 4 1 2 18 4 5 6 14 4 15 11 16  6
8 6 7 4 11 2 13 4 10 6 17 4 1 2 3 4 11 6 7 4 5 6 7 4 10 2 18 4 5 2 13 4 1 6 14 4 15 8 16  2
8 6 14 4 10 6 14 4 8 2 13 4 11 6 9 4 5 6 9 4 11 2 3 4 10 2 13 4 5 2 3 4 1 6 14 4 15 1 16  2
10 6 9 4 5 6 9 4 1 6 17 4 8 2 12 4 1 2 13 4 5 2 18 4 10 2 18 4 8 6 14 4 11 6 17 4 15 11 16  2
8 6 7 4 10 6 17 4 5 2 3 4 1 6 17 4 8 2 13 4 5 6 9 4 10 2 18 4 1 2 18 4 11 6 17 4 15 11 16  6
5 6 17 4 1 6 17 4 10 6 9 4 1 2 13 4 8 2 13 4 10 2 3 4 8 6 17 4 5 2 13 4 11 6 17 4 15 11 16  2
11 6 9 4 8 6 7 4 5 2 3 4 11 2 18 4 10 6 9 4 10 2 18 4 5 6 14 4 8 2 12 4 1 6 9 4 15 1 16  6
1 6 14 4 10 2 3 4 5 2 13 4 11 6 9 4 8 2 12 4 8 6 14 4 5 6 17 4 1 2 12 4 10 6 9 4 15 11 16  4
10 2 13 4 8 6 17 4 1 6 17 4 8 2 13 4 11 6 9 4 5 6 17 4 10 6 17 4 11 2 3 4 5 2 13 4 15 1 16  2
5 6 9 4 11 2 12 4 5 2 13 4 10 6 9 4 8 2 13 4 11 6 17 4 1 2 13 4 1 6 9 4 8 6 9 4 15 10 16  2
1 6 14 4 5 6 17 4 10 2 18 4 10 6 14 4 11 2 12 4 11 6 9 4 1 2 18 4 8 6 9 4 5 2 3 4 15 8 16  12
5 6 9 4 8 2 13 4 1 6 9 4 8 6 7 4 10 6 7 4 11 6 9 4 1 2 12 4 11 2 12 4 10 2 13 4 15 5 16  12
1 6 17 4 5 6 7 4 11 2 18 4 1 2 18 4 8 6 17 4 8 2 18 4 11 6 17 4 10 6 17 4 5 2 13 4 15 10 16  6
11 6 7 4 8 2 18 4 5 6 9 4 10 2 12 4 10 6 7 4 8 6 17 4 1 6 17 4 5 2 13 4 1 2 18 4 15 11 16  12
1 2 13 4 8 6 9 4 10 6 14 4 5 2 13 4 8 2 12 4 11 6 17 4 5 6 17 4 10 2 18 4 1 6 17 4 15 11 16  2
10 2 13 4 10 6 7 4 1 2 18 4 5 2 18 4 11 2 3 4 8 6 7 4 11 6 14 4 5 6 9 4 1 6 9 4 15 8 16  2
1 2 18 4 10 6 9 4 10 2 18 4 1 6 9 4 5 2 13 4 11 2 3 4 5 6 17 4 11 6 14 4 8 6 14 4 15 8 16  4
5 2 3 4 1 6 17 4 11 2 12 4 10 6 17 4 11 6 7 4 8 2 18 4 10 2 13 4 8 6 9 4 5 6 14 4 15 1 16  2
1 2 3 4 8 6 14 4 10 6 9 4 1 6 14 4 5 6 9 4 11 6 17 4 11 2 12 4 8 2 3 4 10 2 18 4 15 5 16  6
8 2 13 4 1 6 14 4 1 2 3 4 5 2 12 4 10 6 9 4 5 6 17 4 8 6 9 4 11 6 9 4 11 2 13 4 15 10 16  2
1 2 18 4 8 6 7 4 10 2 13 4 1 6 9 4 8 2 12 4 11 6 17 4 5 6 17 4 5 2 13 4 10 6 17 4 15 11 16  2
5 6 14 4 1 2 12 4 10 6 7 4 1 6 14 4 8 6 14 4 11 2 12 4 10 2 13 4 11 6 14 4 8 2 12 4 15 5 16  12
1 6 9 4 11 6 9 4 10 6 9 4 8 2 18 4 5 6 7 4 5 2 12 4 10 2 3 4 8 6 17 4 1 2 3 4 15 11 16  4
1 2 18 4 10 6 9 4 8 6 9 4 1 6 9 4 10 2 18 4 5 6 7 4 11 6 7 4 5 2 3 4 11 2 3 4 15 8 16  6
10 2 3 4 8 2 18 4 5 2 3 4 1 6 14 4 8 6 14 4 5 6 9 4 10 6 9 4 11 2 13 4 11 6 17 4 15 1 16  6
1 2 18 4 1 6 7 4 10 6 17 4 8 6 17 4 11 6 7 4 8 2 12 4 10 2 12 4 11 2 18 4 5 6 7 4 15 5 16  6
8 2 13 4 10 6 7 4 8 6 9 4 5 2 12 4 5 6 14 4 11 2 13 4 11 6 9 4 10 2 18 4 1 6 14 4 15 1 16  12
10 2 12 4 5 2 13 4 8 6 9 4 11 2 12 4 10 6 7 4 1 2 12 4 11 6 7 4 5 6 9 4 1 6 7 4 15 8 16  2
10 6 14 4 10 2 18 4 11 6 9 4 5 6 7 4 11 2 13 4 1 6 14 4 8 2 12 4 1 2 18 4 8 6 7 4 15 5 16  12
5 6 14 4 5 2 3 4 1 6 9 4 8 6 7 4 11 6 14 4 8 2 12 4 10 6 9 4 1 2 18 4 11 2 3 4 15 10 16  6
10 6 14 4 5 6 17 4 10 2 13 4 8 6 17 4 1 6 7 4 1 2 3 4 11 6 9 4 11 2 12 4 5 2 18 4 15 8 16  6
10 2 18 4 5 6 7 4 8 6 17 4 1 2 12 4 10 6 7 4 8 2 13 4 5 2 18 4 1 6 9 4 11 6 7 4 15 11 16  6
11 6 7 4 11 2 12 4 1 6 9 4 5 2 12 4 10 6 17 4 5 6 7 4 1 2 3 4 8 6 17 4 10 2 13 4 15 8 16  2
8 2 13 4 5 2 12 4 10 2 18 4 11 2 12 4 5 6 14 4 11 6 14 4 10 6 17 4 1 6 17 4 8 6 7 4 15 1 16  6
5 2 13 4 1 2 18 4 5 6 7 4 8 2 3 4 8 6 14 4 10 6 7 4 1 6 17 4 11 2 3 4 11 6 14 4 15 10 16  2
11 6 14 4 1 2 12 4 8 6 17 4 8 2 3 4 1 6 14 4 5 6 9 4 5 2 18 4 10 6 14 4 10 2 12 4 15 11 16  12
10 6 9 4 1 6 14 4 8 2 3 4 8 6 9 4 11 2 12 4 11 6 14 4 5 6 9 4 10 2 3 4 1 2 12 4 15 5 16  4
11 2 13 4 10 6 9 4 5 6 17 4 8 6 9 4 1 6 7 4 8 2 13 4 11 6 9 4 5 2 3 4 1 2 12 4 15 10 16  2
5 2 18 4 1 2 13 4 10 6 14 4 8 2 13 4 10 2 3 4 8 6 7 4 5 6 17 4 11 6 14 4 1 6 7 4 15 11 16  4
5 2 3 4 8 2 12 4 8 6 7 4 1 6 17 4 5 6 14 4 11 2 13 4 1 2 13 4 11 6 17 4 10 6 17 4 15 10 16  2
1 2 3 4 11 6 9 4 5 2 13 4 10 2 13 4 1 6 7 4 10 6 14 4 5 6 14 4 8 6 9 4 11 2 12 4 15 8 16  12
10 6 14 4 5 6 7 4 11 6 17 4 1 2 12 4 8 2 13 4 5 2 3 4 8 6 14 4 1 6 9 4 11 2 18 4 15 10 16  2
5 2 3 4 5 6 17 4 10 6 14 4 1 2 13 4 8 2 13 4 11 6 17 4 8 6 14 4 1 6 14 4 10 2 13 4 15 11 16  4
5 2 3 4 5 6 7 4 1 6 9 4 8 2 12 4 10 6 7 4 1 2 18 4 10 2 3 4 11 6 7 4 8 6 17 4 15 11 16  4
11 6 7 4 11 2 18 4 8 6 9 4 8 2 3 4 5 6 9 4 5 2 3 4 1 2 12 4 10 6 14 4 1 6 14 4 15 10 16  12
5 2 13 4 1 2 3 4 1 6 14 4 8 6 17 4 5 6 17 4 11 6 7 4 11 2 18 4 10 6 7 4 10 2 18 4 15 8 16  2
8 6 9 4 11 6 9 4 10 6 9 4 5 2 13 4 1 2 12 4 5 6 17 4 8 2 12 4 10 2 12 4 1 6 9 4 15 11 16  12
8 6 9 4 11 2 12 4 1 2 3 4 10 2 13 4 11 6 9 4 5 2 12 4 5 6 9 4 10 6 17 4 1 6 7 4 15 8 16  12
11 2 13 4 1 6 7 4 10 6 14 4 1 2 13 4 8 2 3 4 5 6 14 4 5 2 3 4 11 6 7 4 8 6 14 4 15 10 16  4
1 6 7 4 8 6 17 4 5 6 14 4 10 2 3 4 1 2 3 4 11 6 17 4 5 2 18 4 10 6 7 4 8 2 12 4 15 11 16  12
10 6 17 4 8 2 3 4 1 2 18 4 11 6 17 4 5 2 3 4 10 2 12 4 1 6 14 4 5 6 7 4 8 6 7 4 15 11 16  12
1 2 12 4 11 2 3 4 11 6 14 4 10 6 17 4 8 6 9 4 8 2 12 4 10 2 13 4 5 6 9 4 1 6 9 4 15 5 16  12
5 2 18 4 1 6 7 4 10 6 17 4 8 2 3 4 11 6 14 4 8 6 17 4 5 6 14 4 10 2 3 4 1 2 13 4 15 11 16  6
8 2 13 4 10 6 17 4 1 2 3 4 11 6 7 4 1 6 7 4 8 6 9 4 10 2 12 4 5 6 17 4 11 2 3 4 15 5 16  12
10 6 14 4 5 2 12 4 11 2 18 4 1 2 12 4 11 6 7 4 5 6 14 4 8 2 12 4 1 6 14 4 8 6 14 4 15 10 16  12
10 2 13 4 5 2 3 4 1 2 3 4 11 2 13 4 11 6 17 4 8 6 17 4 10 6 17 4 1 6 9 4 5 6 9 4 15 8 16  2
8 2 12 4 11 6 14 4 5 6 9 4 10 6 14 4 1 2 18 4 10 2 13 4 11 2 13 4 1 6 9 4 8 6 7 4 15 5 16  6
1 2 13 4 5 2 12 4 11 6 17 4 10 6 7 4 11 2 18 4 8 2 12 4 8 6 9 4 5 6 9 4 1 6 7 4 15 10 16  2
10 6 17 4 10 2 3 4 5 2 3 4 11 2 12 4 1 6 17 4 11 6 9 4 1 2 3 4 8 6 17 4 5 6 17 4 15 8 16  4
8 6 14 4 1 2 13 4 5 2 18 4 1 6 7 4 10 6 17 4 11 6 17 4 8 2 18 4 11 2 3 4 5 6 14 4 15 10 16  4
11 2 18 4 10 2 13 4 5 6 17 4 1 6 7 4 5 2 3 4 11 6 14 4 10 6 7 4 8 6 17 4 8 2 3 4 15 1 16  2
11 6 14 4 10 2 13 4 8 2 3 4 8 6 7 4 10 6 17 4 5 6 17 4 11 2 12 4 1 6 17 4 5 2 13 4 15 1 16  2
5 2 3 4 5 6 17 4 11 2 18 4 11 6 9 4 10 6 9 4 8 6 17 4 1 2 3 4 1 6 17 4 10 2 18 4 15 8 16  4
5 6 14 4 1 2 3 4 8 6 17 4 1 6 17 4 8 2 3 4 11 2 18 4 11 6 7 4 10 6 14 4 10 2 13 4 15 5 16  2
8 6 17 4 5 6 7 4 11 2 18 4 1 6 7 4 11 6 9 4 10 6 9 4 5 2 3 4 10 2 18 4 8 2 12 4 15 1 16  4
1 6 17 4 10 2 12 4 1 2 12 4 8 6 14 4 5 6 9 4 5 2 3 4 11 6 14 4 10 6 17 4 11 2 18 4 15 8 16  6
10 2 3 4 11 6 14 4 8 2 12 4 8 6 9 4 5 2 13 4 10 6 7 4 5 6 17 4 11 2 18 4 1 6 7 4 15 1 16  4
1 2 12 4 1 6 14 4 8 6 14 4 11 2 18 4 10 2 13 4 5 2 12 4 5 6 14 4 11 6 7 4 10 6 17 4 15 8 16  12
11 2 12 4 10 6 17 4 1 2 13 4 11 6 17 4 1 6 7 4 8 6 7 4 5 2 12 4 5 6 17 4 10 2 12 4 15 8 16  2
11 6 9 4 1 6 14 4 10 6 9 4 8 6 9 4 10 2 13 4 5 2 3 4 1 2 3 4 5 6 14 4 8 2 13 4 15 11 16  2
8 6 7 4 10 6 7 4 8 2 3 4 11 2 12 4 1 2 18 4 5 2 3 4 5 6 7 4 1 6 17 4 11 6 9 4 15 10 16  4
10 2 13 4 11 2 12 4 8 2 3 4 1 2 13 4 5 6 17 4 1 6 17 4 10 6 17 4 8 6 7 4 11 6 9 4 15 5 16  2
10 2 13 4 11 2 18 4 1 2 3 4 5 6 17 4 10 6 9 4 5 2 12 4 1 6 14 4 8 6 14 4 11 6 7 4 15 8 16  4
11 6 9 4 5 6 7 4 1 2 12 4 5 2 13 4 10 6 17 4 10 2 18 4 8 2 12 4 8 6 9 4 1 6 9 4 15 11 16  12
1 6 9 4 5 6 9 4 11 6 9 4 8 6 9 4 5 2 12 4 1 2 12 4 10 6 7 4 10 2 13 4 11 2 12 4 15 8 16  12
5 6 9 4 11 2 18 4 8 6 9 4 10 6 9 4 1 2 3 4 1 6 9 4 11 6 17 4 5 2 3 4 8 2 3 4 15 10 16  4
5 6 7 4 11 6 9 4 10 2 12 4 1 2 13 4 10 6 9 4 11 2 12 4 5 2 3 4 8 6 7 4 1 6 14 4 15 8 16  4
8 6 14 4 10 6 9 4 1 2 13 4 5 6 9 4 1 6 7 4 11 6 7 4 11 2 13 4 5 2 12 4 8 2 3 4 15 10 16  12
8 6 7 4 5 2 12 4 11 2 18 4 11 6 17 4 10 2 3 4 5 6 7 4 10 6 9 4 1 6 14 4 1 2 13 4 15 8 16  12
10 6 14 4 11 6 7 4 1 2 12 4 5 2 13 4 11 2 18 4 5 6 14 4 8 6 14 4 1 6 17 4 8 2 13 4 15 10 16  2
5 2 13 4 8 2 12 4 8 6 7 4 11 6 7 4 1 6 9 4 5 6 17 4 10 2 18 4 10 6 14 4 1 2 3 4 15 11 16  12
11 2 18 4 10 2 18 4 1 2 3 4 1 6 9 4 8 6 14 4 8 2 18 4 10 6 14 4 5 6 14 4 11 6 14 4 15 5 16  6
8 6 14 4 10 6 7 4 8 2 18 4 5 6 17 4 10 2 13 4 5 2 12 4 1 2 13 4 1 6 7 4 11 6 14 4 15 11 16  6
10 2 18 4 10 6 7 4 5 2 3 4 11 6 7 4 8 6 7 4 11 2 18 4 8 2 18 4 1 6 7 4 5 6 14 4 15 1 16  6
11 6 9 4 11 2 12 4 5 6 7 4 5 2 13 4 1 6 7 4 10 6 9 4 8 2 13 4 8 6 7 4 1 2 13 4 15 10 16  12
5 6 17 4 11 6 14 4 8 2 3 4 8 6 9 4 10 2 13 4 10 6 17 4 11 2 18 4 1 6 9 4 5 2 13 4 15 1 16  4
11 2 12 4 5 2 12 4 10 6 7 4 1 2 3 4 8 6 7 4 11 6 14 4 1 6 7 4 5 6 14 4 8 2 3 4 15 10 16  4
11 6 7 4 5 2 3 4 5 6 14 4 10 2 18 4 1 2 13 4 8 6 7 4 1 6 17 4 8 2 18 4 10 6 7 4 15 11 16  6
1 6 9 4 11 6 9 4 8 2 3 4 11 2 3 4 1 2 3 4 5 6 7 4 8 6 9 4 10 6 9 4 5 2 13 4 15 10 16  4
5 2 12 4 5 6 14 4 1 6 9 4 11 2 12 4 11 6 14 4 8 6 9 4 10 2 12 4 8 2 3 4 10 6 14 4 15 1 16  4
8 2 12 4 5 2 3 4 1 6 17 4 8 6 7 4 10 6 17 4 5 6 9 4 11 2 13 4 10 2 13 4 11 6 17 4 15 1 16  2
1 6 9 4 5 2 13 4 8 6 9 4 10 6 9 4 8 2 12 4 10 2 12 4 5 6 7 4 11 2 18 4 11 6 17 4 15 1 16  12
10 2 18 4 10 6 9 4 1 6 14 4 11 2 12 4 11 6 7 4 8 6 17 4 5 6 14 4 5 2 3 4 8 2 13 4 15 1 16  4
1 2 18 4 5 6 9 4 1 6 7 4 11 2 18 4 10 2 18 4 11 6 7 4 10 6 7 4 8 6 9 4 5 2 13 4 15 8 16  2
5 6 17 4 5 2 3 4 1 6 14 4 8 2 3 4 1 2 12 4 10 2 12 4 10 6 14 4 11 6 14 4 8 6 17 4 15 11 16  12
11 2 12 4 11 6 17 4 10 2 3 4 1 2 18 4 5 6 14 4 1 6 7 4 8 6 17 4 10 6 14 4 8 2 12 4 15 5 16  4
5 6 14 4 11 6 14 4 1 2 3 4 10 2 3 4 8 2 12 4 11 2 18 4 10 6 7 4 1 6 7 4 8 6 17 4 15 5 16  6
8 6 7 4 11 6 17 4 10 6 17 4 5 6 17 4 5 2 18 4 10 2 18 4 11 2 18 4 1 2 3 4 1 6 7 4 15 8 16  4
11 6 7 4 5 2 18 4 10 6 7 4 11 2 13 4 1 6 9 4 8 6 9 4 5 6 17 4 10 2 13 4 1 2 3 4 15 8 16  4
1 6 17 4 8 6 17 4 1 2 18 4 10 6 7 4 8 2 18 4 11 6 17 4 10 2 13 4 5 2 18 4 5 6 17 4 15 11 16  6
10 2 13 4 5 6 9 4 1 6 14 4 10 6 7 4 5 2 3 4 8 6 7 4 11 2 12 4 11 6 14 4 1 2 12 4 15 8 16  2
8 2 3 4 1 2 13 4 5 6 7 4 10 6 7 4 10 2 18 4 11 6 7 4 8 6 17 4 1 6 9 4 11 2 18 4 15 5 16  6
8 2 12 4 1 6 9 4 5 6 7 4 1 2 18 4 8 6 7 4 11 2 18 4 10 2 13 4 11 6 9 4 10 6 17 4 15 5 16  12
8 2 3 4 10 6 17 4 10 2 12 4 11 6 17 4 1 6 9 4 8 6 9 4 5 2 3 4 5 6 9 4 11 2 12 4 15 1 16  4
8 2 18 4 1 6 14 4 1 2 13 4 11 2 18 4 5 2 3 4 10 6 14 4 8 6 17 4 5 6 7 4 11 6 17 4 15 10 16  2
10 2 13 4 11 2 3 4 1 2 18 4 11 6 9 4 8 6 9 4 10 6 17 4 5 2 18 4 1 6 7 4 5 6 7 4 15 8 16  4
1 2 18 4 8 2 3 4 5 2 3 4 8 6 17 4 1 6 7 4 10 6 9 4 10 2 13 4 5 6 17 4 11 6 17 4 15 11 16  4
10 2 18 4 10 6 14 4 8 6 14 4 5 2 3 4 8 2 18 4 1 6 14 4 5 6 7 4 1 2 18 4 11 6 7 4 15 11 16  4
11 2 13 4 11 6 14 4 5 6 9 4 10 6 14 4 1 6 14 4 10 2 13 4 8 6 14 4 5 2 12 4 1 2 13 4 15 8 16  2
11 6 17 4 5 2 3 4 10 6 7 4 8 6 9 4 1 6 9 4 10 2 3 4 8 2 18 4 11 2 12 4 5 6 7 4 15 1 16  6
1 6 9 4 10 6 9 4 5 2 13 4 11 6 17 4 5 6 7 4 11 2 3 4 8 6 17 4 1 2 12 4 8 2 3 4 15 10 16  12
10 6 17 4 8 6 7 4 11 2 13 4 11 6 9 4 10 2 18 4 5 2 3 4 5 6 7 4 1 6 17 4 1 2 18 4 15 8 16  4
1 6 7 4 8 2 3 4 8 6 14 4 1 2 12 4 5 6 14 4 11 2 12 4 10 2 18 4 11 6 7 4 10 6 9 4 15 5 16  4
11 6 14 4 8 2 13 4 10 6 9 4 1 2 13 4 1 6 9 4 8 6 9 4 5 2 12 4 5 6 14 4 10 2 13 4 15 11 16  12
10 2 18 4 1 6 7 4 8 6 17 4 11 2 3 4 10 6 14 4 5 6 7 4 8 2 13 4 5 2 3 4 11 6 7 4 15 1 16  4
5 2 3 4 1 6 17 4 10 6 14 4 5 6 7 4 1 2 18 4 8 2 3 4 8 6 7 4 10 2 12 4 11 6 14 4 15 11 16  12
5 2 12 4 10 2 18 4 10 6 7 4 8 6 7 4 5 6 9 4 11 2 18 4 8 2 18 4 11 6 7 4 1 6 7 4 15 1 16  6
8 6 7 4 1 2 3 4 10 6 14 4 11 2 18 4 5 2 3 4 5 6 7 4 1 6 7 4 11 6 14 4 8 2 3 4 15 10 16  6
10 6 7 4 8 2 13 4 8 6 17 4 10 2 18 4 5 2 3 4 1 6 14 4 1 2 12 4 5 6 9 4 11 6 14 4 15 11 16  12
11 6 14 4 8 2 12 4 11 2 13 4 1 6 9 4 10 2 18 4 10 6 7 4 5 2 18 4 5 6 7 4 8 6 9 4 15 1 16  12
1 6 17 4 8 2 13 4 10 6 17 4 11 2 13 4 5 2 18 4 1 2 13 4 5 6 9 4 11 6 17 4 8 6 17 4 15 10 16  2
8 6 9 4 11 6 7 4 10 6 7 4 1 6 14 4 5 6 14 4 8 2 3 4 5 2 12 4 1 2 12 4 10 2 13 4 15 11 16  2
10 6 9 4 1 6 17 4 10 2 12 4 5 2 13 4 11 6 7 4 11 2 3 4 5 6 17 4 8 2 18 4 8 6 14 4 15 1 16  2
10 6 7 4 5 6 9 4 10 2 13 4 8 6 7 4 1 6 9 4 11 6 17 4 5 2 12 4 11 2 3 4 8 2 13 4 15 1 16  12
5 6 7 4 8 2 18 4 1 2 3 4 10 6 7 4 1 6 14 4 11 2 12 4 11 6 17 4 8 6 9 4 10 2 13 4 15 5 16  2
11 2 12 4 11 6 17 4 10 2 18 4 8 2 12 4 1 6 14 4 5 2 12 4 8 6 17 4 5 6 17 4 10 6 14 4 15 1 16  6
1 6 14 4 11 6 7 4 10 6 17 4 11 2 18 4 5 2 18 4 10 2 3 4 8 6 14 4 1 2 13 4 5 6 7 4 15 8 16  2
10 6 14 4 1 6 7 4 5 6 17 4 10 2 13 4 1 2 3 4 8 6 17 4 8 2 18 4 11 6 17 4 11 2 18 4 15 5 16  6
5 6 17 4 1 6 7 4 11 2 12 4 5 2 12 4 11 6 17 4 10 6 14 4 8 6 7 4 8 2 13 4 10 2 3 4 15 1 16  2
1 6 9 4 5 6 17 4 11 6 14 4 11 2 18 4 10 6 14 4 1 2 12 4 8 6 14 4 5 2 3 4 10 2 18 4 15 8 16  6
8 6 9 4 10 6 17 4 11 6 7 4 8 2 12 4 5 2 18 4 11 2 3 4 1 6 7 4 1 2 3 4 5 6 17 4 15 10 16  6
10 6 14 4 5 2 13 4 8 2 3 4 11 2 12 4 8 6 9 4 5 6 17 4 1 2 18 4 11 6 14 4 1 6 7 4 15 10 16  12
1 6 7 4 5 6 17 4 10 6 7 4 8 6 17 4 11 6 17 4 5 2 3 4 8 2 3 4 11 2 3 4 1 2 12 4 15 10 16  12
1 6 17 4 8 2 13 4 11 6 7 4 5 6 9 4 1 2 13 4 8 6 17 4 10 6 7 4 5 2 18 4 11 2 3 4 15 10 16  4
5 2 12 4 11 6 17 4 10 2 12 4 8 2 13 4 8 6 17 4 1 6 7 4 5 6 7 4 1 2 12 4 10 6 7 4 15 11 16  2
11 2 13 4 10 2 3 4 1 6 7 4 11 6 17 4 8 6 7 4 1 2 3 4 5 6 7 4 8 2 3 4 10 6 7 4 15 5 16  4
5 6 14 4 1 2 3 4 11 6 14 4 10 2 13 4 10 6 9 4 8 2 13 4 11 2 3 4 8 6 9 4 1 6 14 4 15 5 16  4
8 2 3 4 5 2 3 4 1 2 13 4 8 6 7 4 1 6 17 4 5 6 7 4 10 6 7 4 11 6 17 4 10 2 3 4 15 11 16  2
5 2 18 4 8 6 7 4 11 6 17 4 5 6 14 4 10 6 14 4 8 2 3 4 11 2 13 4 1 6 14 4 10 2 18 4 15 1 16  6
1 6 14 4 8 6 7 4 5 6 9 4 10 6 9 4 8 2 3 4 10 2 13 4 11 6 14 4 11 2 18 4 1 2 18 4 15 5 16  2
11 6 14 4 1 2 3 4 5 2 3 4 11 2 3 4 8 2 18 4 1 6 14 4 8 6 7 4 10 6 7 4 5 6 14 4 15 10 16  6
5 6 7 4 8 6 14 4 11 6 9 4 10 6 17 4 10 2 12 4 5 2 3 4 1 6 17 4 11 2 18 4 8 2 13 4 15 1 16  12
11 6 17 4 5 2 18 4 1 6 9 4 1 2 18 4 10 6 17 4 10 2 3 4 8 2 18 4 8 6 9 4 5 6 9 4 15 11 16  4
11 2 18 4 10 2 12 4 11 6 14 4 8 6 7 4 8 2 13 4 10 6 9 4 5 6 14 4 1 6 14 4 5 2 18 4 15 1 16  6
8 2 12 4 11 2 3 4 5 6 17 4 11 6 9 4 10 2 3 4 1 2 18 4 10 6 9 4 1 6 17 4 8 6 7 4 15 5 16  6
11 6 7 4 10 2 12 4 5 2 3 4 8 2 12 4 10 6 9 4 1 6 7 4 5 6 7 4 8 6 9 4 11 2 3 4 15 1 16  4
1 2 13 4 1 6 7 4 8 6 14 4 10 6 14 4 5 2 13 4 5 6 7 4 11 6 9 4 11 2 18 4 10 2 12 4 15 8 16  12
1 2 12 4 8 2 3 4 5 6 17 4 8 6 9 4 10 6 17 4 11 6 7 4 11 2 18 4 1 6 14 4 10 2 13 4 15 5 16  2
1 6 17 4 5 6 14 4 8 2 13 4 1 2 3 4 8 6 7 4 11 2 3 4 10 6 14 4 5 2 18 4 11 6 17 4 15 10 16  6
5 6 14 4 10 6 17 4 8 6 17 4 11 2 13 4 1 6 14 4 11 6 17 4 8 2 13 4 5 2 3 4 10 2 13 4 15 1 16  4
10 6 17 4 10 2 13 4 8 6 7 4 1 2 18 4 1 6 14 4 8 2 12 4 11 2 3 4 5 6 17 4 11 6 9 4 15 5 16  2
1 6 9 4 8 2 12 4 5 6 17 4 5 2 12 4 10 2 3 4 10 6 7 4 11 6 9 4 8 6 17 4 11 2 13 4 15 1 16  2
8 6 17 4 10 6 17 4 1 6 14 4 11 2 3 4 10 2 13 4 5 2 13 4 5 6 17 4 1 2 18 4 11 6 7 4 15 8 16  2
1 2 18 4 11 6 14 4 8 6 9 4 11 2 3 4 1 6 17 4 5 2 18 4 10 2 13 4 5 6 17 4 10 6 9 4 15 8 16  2
5 2 3 4 11 6 7 4 8 6 7 4 5 6 17 4 10 2 13 4 1 6 17 4 11 2 12 4 10 6 14 4 1 2 3 4 15 8 16  12
11 2 13 4 8 2 3 4 1 6 7 4 10 6 14 4 1 2 13 4 11 6 7 4 5 2 18 4 5 6 14 4 8 6 17 4 15 10 16  6
10 2 12 4 5 6 7 4 5 2 3 4 11 2 13 4 8 6 7 4 10 6 14 4 1 6 17 4 11 6 17 4 1 2 13 4 15 8 16  4
5 6 17 4 11 6 9 4 1 6 7 4 8 6 7 4 8 2 3 4 10 2 12 4 11 2 18 4 5 2 12 4 10 6 17 4 15 1 16  4
1 6 9 4 5 6 14 4 8 2 13 4 8 6 14 4 11 6 17 4 10 6 9 4 1 2 18 4 10 2 18 4 11 2 12 4 15 5 16  2
10 2 13 4 11 6 17 4 1 6 9 4 8 2 12 4 10 6 17 4 5 2 13 4 8 6 9 4 11 2 13 4 5 6 17 4 15 1 16  12
1 6 9 4 8 6 7 4 5 6 7 4 11 6 9 4 10 2 18 4 5 2 18 4 10 6 7 4 8 2 18 4 1 2 12 4 15 11 16  12
5 6 7 4 5 2 3 4 1 2 13 4 8 6 9 4 1 6 17 4 10 2 18 4 11 6 7 4 10 6 9 4 11 2 3 4 15 8 16  6
1 6 9 4 8 6 14 4 1 2 12 4 8 2 18 4 11 2 3 4 11 6 17 4 10 2 13 4 5 6 7 4 10 6 7 4 15 5 16  2
1 6 7 4 8 6 7 4 10 2 3 4 11 6 17 4 1 2 18 4 5 6 17 4 8 2 18 4 10 6 14 4 5 2 12 4 15 11 16  12
1 6 14 4 11 6 17 4 8 6 17 4 8 2 18 4 10 2 18 4 5 2 13 4 1 2 12 4 5 6 9 4 10 6 17 4 15 11 16  6
1 2 3 4 8 6 17 4 10 6 14 4 5 6 17 4 1 6 7 4 5 2 12 4 8 2 12 4 10 2 13 4 11 6 14 4 15 11 16  2
8 6 7 4 5 6 9 4 10 6 14 4 8 2 18 4 10 2 12 4 5 2 13 4 1 6 7 4 11 2 12 4 11 6 14 4 15 1 16  6
10 6 14 4 1 2 13 4 11 2 18 4 5 2 12 4 11 6 17 4 5 6 7 4 1 6 9 4 10 2 3 4 8 6 17 4 15 8 16  6
10 2 18 4 8 6 14 4 5 2 3 4 11 2 13 4 1 6 9 4 10 6 9 4 11 6 14 4 8 2 13 4 5 6 17 4 15 1 16  6
10 2 12 4 5 2 13 4 1 6 14 4 1 2 3 4 8 2 12 4 8 6 17 4 10 6 17 4 5 6 9 4 11 6 14 4 15 11 16  4
1 6 9 4 8 2 18 4 11 2 18 4 10 6 14 4 8 6 9 4 1 2 18 4 11 6 9 4 10 2 13 4 5 6 9 4 15 5 16  6
1 2 12 4 5 6 17 4 5 2 12 4 10 2 3 4 10 6 7 4 11 2 12 4 11 6 17 4 8 6 17 4 1 6 17 4 15 8 16  12
11 6 7 4 1 2 12 4 8 6 7 4 10 6 17 4 8 2 3 4 1 6 17 4 5 2 13 4 5 6 14 4 11 2 3 4 15 10 16  12
5 6 7 4 10 6 7 4 11 6 14 4 1 6 17 4 8 2 12 4 5 2 3 4 8 6 14 4 11 2 12 4 1 2 13 4 15 10 16  4
10 2 3 4 10 6 9 4 8 2 18 4 5 6 9 4 11 6 14 4 8 6 14 4 1 6 9 4 1 2 3 4 5 2 3 4 15 11 16  6
5 6 17 4 11 6 7 4 10 6 9 4 11 2 13 4 5 2 3 4 8 6 17 4 8 2 3 4 1 6 7 4 10 2 18 4 15 1 16  2
11 6 7 4 5 6 17 4 8 2 12 4 1 2 18 4 10 6 9 4 11 2 12 4 5 2 3 4 1 6 9 4 8 6 7 4 15 10 16  6
1 6 14 4 11 6 7 4 8 6 14 4 10 6 9 4 11 2 18 4 5 2 13 4 8 2 12 4 1 2 12 4 5 6 9 4 15 10 16  2
11 6 17 4 5 6 17 4 11 2 13 4 8 2 13 4 8 6 17 4 10 6 7 4 1 2 12 4 10 2 18 4 1 6 14 4 15 5 16  2
1 6 9 4 5 2 3 4 1 2 13 4 8 6 9 4 10 2 3 4 11 6 9 4 5 6 17 4 10 6 17 4 8 2 13 4 15 11 16  2
1 6 14 4 8 6 7 4 11 6 7 4 5 6 7 4 10 6 9 4 10 2 3 4 8 2 12 4 5 2 12 4 1 2 13 4 15 11 16  12
8 2 13 4 1 2 18 4 10 6 17 4 10 2 12 4 1 6 9 4 11 2 12 4 8 6 7 4 11 6 17 4 5 6 17 4 15 5 16  12
8 2 13 4 11 6 7 4 10 2 13 4 11 2 3 4 5 6 7 4 10 6 14 4 1 6 9 4 1 2 12 4 8 6 14 4 15 5 16  4
10 6 7 4 11 6 7 4 8 6 14 4 8 2 18 4 1 6 9 4 1 2 12 4 5 2 18 4 5 6 14 4 11 2 13 4 15 10 16  2
10 2 3 4 1 2 12 4 8 2 12 4 10 6 9 4 1 6 17 4 5 6 7 4 8 6 17 4 11 6 9 4 5 2 13 4 15 11 16  4
1 6 7 4 10 6 14 4 5 2 12 4 5 6 17 4 8 2 3 4 8 6 7 4 11 6 17 4 10 2 18 4 11 2 12 4 15 1 16  4
5 2 12 4 1 2 12 4 11 6 17 4 8 6 9 4 10 6 7 4 5 6 9 4 1 6 9 4 10 2 18 4 11 2 13 4 15 8 16  12
10 2 12 4 11 2 12 4 8 6 9 4 1 2 18 4 8 2 18 4 1 6 9 4 5 6 9 4 11 6 7 4 10 6 7 4 15 5 16  6
8 2 13 4 8 6 9 4 10 6 17 4 5 6 7 4 1 6 17 4 10 2 3 4 1 2 3 4 5 2 12 4 11 6 7 4 15 11 16  12
8 6 7 4 10 2 12 4 5 2 12 4 11 6 14 4 5 6 14 4 11 2 12 4 8 2 18 4 10 6 14 4 1 6 7 4 15 1 16  6
11 2 12 4 1 6 17 4 5 2 13 4 8 6 17 4 10 2 3 4 11 6 14 4 8 2 3 4 10 6 17 4 5 6 7 4 15 1 16  4
8 6 9 4 8 2 12 4 5 6 14 4 10 6 9 4 11 6 14 4 11 2 3 4 1 2 12 4 10 2 12 4 1 6 9 4 15 5 16  4
8 6 17 4 10 6 7 4 11 6 14 4 10 2 12 4 1 6 17 4 5 6 14 4 1 2 13 4 11 2 18 4 5 2 18 4 15 8 16  2
8 6 14 4 10 6 9 4 11 6 14 4 10 2 3 4 11 2 13 4 5 6 14 4 1 2 12 4 8 2 13 4 1 6 7 4 15 5 16  2
8 2 13 4 10 6 17 4 11 6 7 4 1 2 12 4 5 2 3 4 1 6 7 4 8 6 9 4 11 2 12 4 5 6 17 4 15 10 16  4
11 6 9 4 1 6 9 4 8 6 7 4 5 6 7 4 10 6 17 4 1 2 3 4 11 2 3 4 5 2 12 4 10 2 13 4 15 8 16  12
1 6 7 4 8 6 17 4 5 6 17 4 10 2 13 4 1 2 18 4 10 6 14 4 11 6 7 4 8 2 12 4 11 2 18 4 15 5 16  12
11 6 9 4 1 6 9 4 10 6 14 4 8 2 13 4 11 2 3 4 10 2 18 4 5 2 3 4 8 6 17 4 5 6 9 4 15 1 16  4
8 6 7 4 5 6 17 4 8 2 3 4 10 2 12 4 11 2 18 4 1 6 17 4 10 6 14 4 11 6 9 4 1 2 13 4 15 5 16  2
1 6 9 4 5 6 17 4 5 2 12 4 8 2 12 4 11 2 3 4 11 6 7 4 10 6 17 4 1 2 13 4 8 6 17 4 15 10 16  12
8 6 17 4 5 2 12 4 1 6 17 4 10 2 13 4 5 6 14 4 8 2 3 4 11 6 9 4 11 2 13 4 10 6 9 4 15 1 16  4
5 2 3 4 5 6 7 4 11 6 14 4 11 2 13 4 1 2 3 4 1 6 7 4 8 2 3 4 10 6 7 4 8 6 7 4 15 10 16  4
1 2 3 4 11 6 7 4 8 6 9 4 5 6 9 4 10 6 17 4 1 6 14 4 8 2 18 4 10 2 12 4 11 2 13 4 15 5 16  6
8 2 18 4 11 6 17 4 10 2 18 4 8 6 7 4 1 2 12 4 11 2 3 4 10 6 7 4 5 6 14 4 1 6 14 4 15 5 16  12
8 6 7 4 1 6 7 4 10 2 12 4 11 6 9 4 11 2 12 4 8 2 3 4 10 6 9 4 1 2 3 4 5 6 9 4 15 5 16  12
1 2 18 4 11 6 9 4 1 6 9 4 8 6 9 4 8 2 18 4 5 6 14 4 5 2 3 4 10 2 3 4 10 6 14 4 15 11 16  6
8 2 3 4 10 6 14 4 11 6 14 4 1 2 13 4 5 6 14 4 5 2 13 4 1 6 14 4 8 6 9 4 11 2 13 4 15 10 16  2
1 6 14 4 11 6 14 4 10 2 13 4 10 6 7 4 1 2 12 4 5 2 13 4 8 2 18 4 5 6 7 4 8 6 9 4 15 11 16  12
1 2 12 4 8 6 7 4 8 2 13 4 10 2 12 4 5 6 7 4 10 6 17 4 1 6 17 4 11 6 17 4 5 2 13 4 15 11 16  12
10 6 9 4 10 2 18 4 5 6 7 4 1 6 9 4 11 6 7 4 8 2 13 4 11 2 13 4 8 6 7 4 5 2 13 4 15 1 16  6
10 2 13 4 8 2 13 4 5 6 9 4 11 2 13 4 10 6 7 4 8 6 7 4 11 6 7 4 1 6 7 4 5 2 18 4 15 1 16  2
11 2 3 4 5 2 3 4 10 6 14 4 8 6 17 4 10 2 18 4 11 6 9 4 5 6 9 4 8 2 13 4 1 6 9 4 15 1 16  4
5 2 13 4 1 6 9 4 8 6 9 4 10 6 9 4 8 2 12 4 11 6 17 4 11 2 3 4 10 2 12 4 5 6 14 4 15 1 16  12
5 2 18 4 10 6 9 4 8 6 7 4 5 6 9 4 1 2 3 4 11 2 13 4 8 2 13 4 11 6 7 4 1 6 14 4 15 10 16  6
5 6 17 4 11 6 14 4 1 2 18 4 1 6 14 4 8 6 14 4 10 2 13 4 10 6 9 4 5 2 3 4 8 2 18 4 15 11 16  6
5 6 7 4 8 2 13 4 5 2 12 4 10 6 9 4 8 6 9 4 10 2 13 4 1 6 7 4 11 6 14 4 11 2 3 4 15 1 16  12
5 6 9 4 8 6 14 4 5 2 18 4 11 2 13 4 1 6 9 4 10 6 17 4 8 2 3 4 11 6 17 4 1 2 18 4 15 10 16  2
10 6 14 4 1 6 14 4 5 6 7 4 8 2 18 4 11 2 13 4 11 6 14 4 5 2 18 4 8 6 7 4 10 2 13 4 15 1 16  2
11 6 17 4 10 2 3 4 10 6 7 4 8 6 17 4 1 2 12 4 5 6 14 4 1 6 14 4 8 2 18 4 5 2 12 4 15 11 16  6
10 6 9 4 5 2 12 4 1 2 18 4 11 6 9 4 1 6 9 4 8 2 13 4 5 6 7 4 10 2 18 4 8 6 14 4 15 11 16  6
10 2 12 4 8 2 18 4 5 2 18 4 1 2 3 4 11 6 9 4 1 6 9 4 8 6 7 4 5 6 7 4 10 6 17 4 15 11 16  4
8 2 13 4 1 6 9 4 11 6 7 4 10 2 18 4 1 2 13 4 10 6 14 4 5 6 7 4 8 6 9 4 11 2 12 4 15 5 16  12
1 6 14 4 5 2 12 4 8 6 7 4 10 6 9 4 10 2 13 4 11 6 7 4 5 6 14 4 1 2 12 4 8 2 3 4 15 11 16  4
5 6 7 4 11 2 12 4 1 6 17 4 5 2 13 4 8 2 18 4 10 6 9 4 10 2 3 4 8 6 17 4 11 6 14 4 15 1 16  6
10 2 13 4 8 6 17 4 11 6 7 4 10 6 17 4 1 6 17 4 5 2 18 4 5 6 7 4 11 2 18 4 1 2 13 4 15 8 16  2
8 2 13 4 10 2 18 4 1 2 12 4 8 6 17 4 11 6 17 4 10 6 9 4 5 6 9 4 1 6 14 4 11 2 13 4 15 5 16  6
11 6 17 4 10 2 12 4 8 6 9 4 1 2 3 4 5 2 12 4 5 6 14 4 8 2 18 4 1 6 17 4 10 6 14 4 15 11 16  4
10 6 9 4 8 2 12 4 5 2 13 4 8 6 9 4 11 2 12 4 1 6 17 4 1 2 3 4 11 6 9 4 5 6 14 4 15 10 16  12
8 6 7 4 11 6 17 4 1 6 17 4 10 6 9 4 10 2 3 4 1 2 13 4 5 6 7 4 5 2 12 4 11 2 13 4 15 8 16  12
1 2 18 4 10 2 12 4 1 6 14 4 11 6 14 4 5 6 17 4 11 2 18 4 8 6 14 4 5 2 12 4 10 6 17 4 15 8 16  6
10 6 17 4 1 2 3 4 11 2 3 4 11 6 14 4 5 2 12 4 5 6 9 4 8 2 18 4 1 6 14 4 8 6 17 4 15 10 16  6
5 6 14 4 11 6 14 4 10 2 18 4 8 2 3 4 11 2 3 4 5 2 3 4 1 6 14 4 10 6 17 4 8 6 14 4 15 1 16  4
11 2 18 4 11 6 17 4 5 2 13 4 5 6 7 4 1 6 17 4 8 6 9 4 1 2 18 4 8 2 3 4 10 6 17 4 15 10 16  6
11 6 14 4 11 2 3 4 10 2 18 4 1 2 3 4 10 6 9 4 1 6 14 4 8 6 14 4 5 6 14 4 8 2 3 4 15 5 16  4
10 2 13 4 11 2 13 4 5 6 7 4 10 6 9 4 1 6 7 4 11 6 9 4 8 2 3 4 5 2 18 4 8 6 14 4 15 1 16  6
8 6 14 4 11 2 13 4 11 6 17 4 10 2 12 4 5 6 7 4 1 2 3 4 10 6 7 4 8 2 3 4 1 6 14 4 15 5 16  12
5 6 7 4 10 2 13 4 1 2 3 4 5 2 12 4 1 6 17 4 11 6 7 4 11 2 12 4 8 6 9 4 10 6 9 4 15 8 16  2
11 2 18 4 8 2 18 4 8 6 7 4 1 2 13 4 5 2 3 4 5 6 17 4 10 6 17 4 11 6 7 4 1 6 9 4 15 10 16  4
1 2 18 4 5 2 3 4 11 2 3 4 8 6 14 4 11 6 14 4 10 6 14 4 1 6 9 4 8 2 3 4 5 6 14 4 15 10 16  4
10 6 7 4 11 6 9 4 8 6 7 4 11 2 13 4 5 2 12 4 8 2 12 4 1 6 7 4 5 6 7 4 1 2 12 4 15 10 16  12
10 2 18 4 5 2 3 4 8 2 18 4 10 6 9 4 8 6 9 4 1 6 14 4 5 6 14 4 11 6 14 4 11 2 3 4 15 1 16  4
10 2 3 4 1 2 13 4 5 2 13 4 8 6 14 4 10 6 14 4 5 6 9 4 1 6 9 4 8 2 3 4 11 6 9 4 15 11 16  2
10 2 3 4 11 6 17 4 5 6 17 4 8 6 17 4 1 2 3 4 5 2 13 4 10 6 14 4 1 6 14 4 11 2 13 4 15 8 16  2
8 6 7 4 11 6 7 4 10 6 9 4 5 6 7 4 1 2 3 4 1 6 17 4 5 2 18 4 11 2 18 4 10 2 13 4 15 8 16  6
10 6 9 4 5 2 18 4 1 6 17 4 5 6 9 4 11 6 9 4 8 6 17 4 8 2 3 4 10 2 18 4 11 2 18 4 15 1 16  4
11 2 12 4 5 2 13 4 11 6 9 4 1 2 3 4 10 2 3 4 1 6 7 4 8 6 14 4 10 6 7 4 5 6 14 4 15 8 16  2
5 2 3 4 11 2 13 4 11 6 17 4 8 2 18 4 8 6 14 4 1 6 9 4 1 2 3 4 5 6 9 4 10 6 14 4 15 10 16  6
8 6 14 4 1 2 18 4 5 6 14 4 11 6 17 4 10 6 9 4 1 6 14 4 5 2 18 4 11 2 12 4 10 2 3 4 15 8 16  6
11 2 12 4 11 6 9 4 8 6 7 4 5 6 9 4 10 6 9 4 8 2 3 4 1 6 7 4 1 2 3 4 5 2 12 4 15 10 16  12
11 2 3 4 5 2 12 4 5 6 17 4 10 6 14 4 1 2 13 4 11 6 14 4 1 6 7 4 10 2 3 4 8 6 14 4 15 8 16  4
8 2 13 4 1 2 18 4 11 2 13 4 10 2 12 4 10 6 17 4 11 6 7 4 5 6 9 4 1 6 9 4 8 6 7 4 15 5 16  6
10 6 17 4 5 2 18 4 8 6 17 4 5 6 9 4 11 6 17 4 1 6 14 4 11 2 12 4 10 2 12 4 1 2 13 4 15 8 16  12
8 2 12 4 5 2 12 4 1 2 13 4 5 6 9 4 8 6 9 4 11 6 17 4 10 6 17 4 11 2 3 4 1 6 14 4 15 10 16  4
11 2 12 4 1 2 18 4 8 2 13 4 1 6 17 4 11 6 14 4 8 6 9 4 10 6 9 4 5 6 17 4 10 2 13 4 15 5 16  6
10 2 13 4 8 2 12 4 11 2 18 4 11 6 7 4 5 6 14 4 1 6 14 4 10 6 9 4 1 2 3 4 8 6 17 4 15 5 16  4
5 6 9 4 11 6 14 4 8 2 18 4 10 2 3 4 10 6 14 4 8 6 9 4 1 6 7 4 11 2 3 4 1 2 12 4 15 5 16  6
10 6 17 4 5 2 3 4 11 6 9 4 1 6 17 4 8 6 9 4 8 2 12 4 11 2 12 4 5 6 17 4 1 2 3 4 15 10 16  4
10 6 14 4 5 6 9 4 8 6 17 4 11 2 18 4 11 6 14 4 1 2 3 4 8 2 3 4 5 2 12 4 1 6 17 4 15 10 16  6
5 6 9 4 1 2 13 4 8 6 17 4 1 6 14 4 11 2 3 4 11 6 17 4 5 2 12 4 10 6 17 4 8 2 3 4 15 10 16  4
8 6 9 4 1 6 17 4 11 6 9 4 5 2 3 4 11 2 12 4 10 2 18 4 10 6 17 4 8 2 12 4 5 6 7 4 15 1 16  6
1 6 7 4 1 2 12 4 10 2 12 4 5 6 14 4 8 6 7 4 11 2 18 4 5 2 3 4 11 6 9 4 10 6 7 4 15 8 16  12
11 6 14 4 5 6 7 4 5 2 18 4 11 2 13 4 10 6 7 4 8 6 7 4 1 6 7 4 10 2 18 4 1 2 18 4 15 8 16  6
5 2 12 4 11 2 13 4 10 2 13 4 8 6 14 4 8 2 12 4 10 6 9 4 5 6 14 4 11 6 9 4 1 6 14 4 15 1 16  12
10 6 17 4 10 2 12 4 8 6 14 4 5 6 14 4 5 2 3 4 11 2 18 4 11 6 7 4 1 6 14 4 8 2 3 4 15 1 16  4
5 2 18 4 10 6 9 4 1 6 9 4 10 2 3 4 1 2 3 4 11 6 7 4 8 6 9 4 5 6 7 4 8 2 3 4 15 11 16  6
11 2 12 4 10 6 14 4 10 2 18 4 11 6 7 4 1 2 12 4 8 2 3 4 8 6 9 4 5 6 9 4 1 6 7 4 15 5 16  4
8 6 9 4 11 6 7 4 8 2 3 4 5 6 17 4 10 2 13 4 5 2 13 4 1 6 9 4 11 2 18 4 10 6 17 4 15 1 16  4
10 2 18 4 5 6 7 4 1 2 3 4 8 6 14 4 11 6 7 4 8 2 3 4 10 6 9 4 1 6 14 4 5 2 13 4 15 11 16  2
8 2 3 4 11 6 14 4 11 2 13 4 8 6 9 4 1 2 13 4 10 6 14 4 1 6 14 4 5 6 9 4 5 2 3 4 15 10 16  2
5 2 3 4 1 2 3 4 8 2 18 4 1 6 14 4 10 6 7 4 5 6 14 4 11 6 7 4 8 6 9 4 11 2 13 4 15 10 16  2
1 2 12 4 11 6 17 4 11 2 3 4 10 6 7 4 1 6 7 4 8 6 7 4 5 6 14 4 8 2 12 4 5 2 18 4 15 10 16  12
5 2 3 4 5 6 7 4 8 6 14 4 1 6 14 4 11 6 9 4 8 2 18 4 10 6 14 4 11 2 12 4 10 2 18 4 15 1 16  6
5 6 17 4 10 2 3 4 5 2 18 4 11 6 9 4 1 6 7 4 8 6 7 4 11 2 3 4 8 2 12 4 10 6 9 4 15 1 16  12
10 2 18 4 1 2 3 4 11 2 3 4 10 6 17 4 8 6 14 4 8 2 3 4 1 6 14 4 5 6 17 4 11 6 14 4 15 5 16  6
8 6 7 4 8 2 3 4 11 6 17 4 5 6 17 4 10 6 17 4 10 2 12 4 11 2 12 4 5 2 12 4 1 6 17 4 15 1 16  12
8 2 12 4 11 6 9 4 8 6 17 4 1 2 13 4 10 6 9 4 5 6 7 4 1 6 7 4 5 2 13 4 11 2 18 4 15 10 16  6
10 6 9 4 8 6 17 4 1 6 17 4 11 2 3 4 5 2 3 4 1 2 18 4 10 2 3 4 11 6 9 4 5 6 9 4 15 8 16  6
11 6 9 4 1 2 12 4 11 2 3 4 8 6 14 4 8 2 18 4 5 6 17 4 1 6 7 4 10 6 9 4 5 2 13 4 15 10 16  4
11 6 14 4 11 2 12 4 5 6 9 4 8 6 17 4 1 2 13 4 10 2 13 4 1 6 17 4 10 6 17 4 5 2 18 4 15 8 16  2
8 2 12 4 11 2 12 4 10 2 13 4 11 6 17 4 5 2 3 4 1 6 17 4 8 6 17 4 5 6 9 4 10 6 7 4 15 1 16  12
8 6 9 4 1 6 14 4 1 2 18 4 10 6 17 4 8 2 3 4 11 6 17 4 5 6 14 4 10 2 13 4 5 2 18 4 15 11 16  2
1 2 3 4 10 6 14 4 5 2 18 4 11 6 9 4 10 2 12 4 8 6 14 4 11 2 3 4 1 6 9 4 5 6 7 4 15 8 16  12
11 6 17 4 1 2 13 4 11 2 18 4 5 6 17 4 10 2 18 4 1 6 9 4 10 6 17 4 5 2 18 4 8 6 17 4 15 8 16  6
1 2 12 4 11 2 3 4 10 2 13 4 1 6 14 4 11 6 9 4 10 6 7 4 8 2 13 4 8 6 7 4 5 6 7 4 15 5 16  2
8 6 7 4 5 2 18 4 1 6 7 4 10 6 7 4 1 2 13 4 5 6 17 4 10 2 13 4 11 6 9 4 11 2 3 4 15 8 16  2
5 2 18 4 1 6 9 4 5 6 9 4 10 6 17 4 8 2 12 4 10 2 3 4 11 2 3 4 11 6 17 4 8 6 7 4 15 1 16  6
1 2 3 4 11 2 12 4 8 2 13 4 10 6 17 4 10 2 3 4 5 6 17 4 1 6 17 4 11 6 9 4 8 6 7 4 15 5 16  4
8 6 14 4 5 2 13 4 1 2 13 4 1 6 14 4 10 2 13 4 5 6 14 4 8 2 13 4 11 6 14 4 10 6 14 4 15 11 16  2
11 6 9 4 10 2 18 4 5 6 7 4 1 2 12 4 1 6 7 4 8 6 7 4 11 2 3 4 10 6 14 4 5 2 12 4 15 8 16  12
1 6 9 4 5 2 12 4 8 2 18 4 1 2 3 4 5 6 17 4 11 2 12 4 8 6 7 4 11 6 17 4 10 6 9 4 15 10 16  4
8 6 14 4 5 6 9 4 10 6 17 4 10 2 3 4 5 2 18 4 8 2 13 4 1 6 9 4 11 6 17 4 1 2 18 4 15 11 16  4
5 6 17 4 1 6 7 4 8 6 7 4 5 2 13 4 10 2 3 4 10 6 14 4 8 2 18 4 11 6 14 4 11 2 3 4 15 1 16  6
10 2 18 4 5 2 18 4 10 6 7 4 11 6 7 4 11 2 18 4 1 6 14 4 8 6 14 4 5 6 7 4 1 2 3 4 15 8 16  4
8 2 3 4 11 6 9 4 1 2 3 4 10 6 9 4 10 2 13 4 8 6 14 4 11 2 13 4 1 6 14 4 5 6 9 4 15 5 16  2
1 2 12 4 11 2 3 4 8 6 7 4 5 6 7 4 11 6 17 4 10 6 17 4 1 6 14 4 8 2 13 4 10 2 3 4 15 5 16  2
10 6 9 4 5 2 13 4 5 6 17 4 8 6 9 4 10 2 12 4 1 6 17 4 11 2 18 4 11 6 7 4 1 2 13 4 15 8 16  12
8 6 7 4 1 6 9 4 8 2 12 4 10 2 18 4 5 6 7 4 10 6 17 4 11 2 3 4 11 6 14 4 1 2 13 4 15 5 16  12
8 6 14 4 10 2 18 4 8 2 18 4 1 6 14 4 5 6 7 4 5 2 13 4 11 2 12 4 10 6 14 4 11 6 9 4 15 1 16  6
5 2 3 4 10 6 14 4 8 2 13 4 1 6 7 4 11 2 18 4 8 6 9 4 11 6 7 4 5 6 17 4 10 2 12 4 15 1 16  6
5 2 12 4 11 2 13 4 10 6 7 4 5 6 7 4 8 6 9 4 11 6 17 4 1 6 17 4 10 2 12 4 8 2 18 4 15 1 16  2
10 2 3 4 11 6 17 4 5 6 7 4 10 6 9 4 1 6 14 4 1 2 12 4 8 2 18 4 8 6 17 4 5 2 13 4 15 11 16  6
11 6 9 4 1 6 17 4 8 6 14 4 1 2 12 4 5 2 18 4 8 2 3 4 5 6 9 4 10 6 17 4 11 2 18 4 15 10 16  12
1 2 18 4 1 6 7 4 10 2 13 4 8 6 14 4 5 6 7 4 11 6 14 4 10 6 17 4 11 2 3 4 8 2 3 4 15 5 16  6
1 6 14 4 11 2 13 4 8 6 9 4 10 2 3 4 5 6 17 4 1 2 3 4 11 6 9 4 10 6 14 4 5 2 12 4 15 8 16  2
8 2 13 4 5 6 14 4 8 6 14 4 11 2 13 4 1 2 13 4 10 6 14 4 11 6 14 4 1 6 14 4 10 2 13 4 15 5 16  2
11 6 14 4 10 2 13 4 5 6 9 4 1 2 12 4 8 6 7 4 10 6 9 4 11 2 3 4 8 2 12 4 1 6 7 4 15 5 16  2
8 6 17 4 5 2 12 4 10 6 14 4 8 2 3 4 5 6 14 4 11 6 17 4 1 2 12 4 11 2 3 4 1 6 14 4 15 10 16  12
11 6 9 4 5 6 9 4 10 2 3 4 8 2 18 4 1 2 13 4 8 6 9 4 11 2 18 4 10 6 14 4 1 6 7 4 15 5 16  6
5 2 3 4 10 2 13 4 11 6 17 4 1 6 14 4 8 2 18 4 5 6 9 4 8 6 17 4 1 2 13 4 10 6 14 4 15 11 16  6
11 6 7 4 1 2 13 4 5 2 12 4 5 6 17 4 11 2 13 4 1 6 7 4 10 6 9 4 8 6 9 4 10 2 3 4 15 8 16  4
11 2 12 4 1 2 3 4 1 6 14 4 5 2 3 4 5 6 14 4 8 6 7 4 11 6 7 4 10 2 18 4 10 6 9 4 15 8 16  12
1 6 14 4 10 2 18 4 11 6 17 4 5 2 18 4 11 2 12 4 5 6 14 4 10 6 14 4 8 2 3 4 8 6 9 4 15 1 16  6
8 2 18 4 1 2 12 4 10 6 9 4 1 6 17 4 11 6 9 4 8 6 7 4 5 2 13 4 5 6 9 4 10 2 13 4 15 11 16  2
11 2 12 4 10 6 17 4 1 6 9 4 8 2 18 4 11 6 17 4 10 2 12 4 8 6 9 4 5 2 18 4 5 6 9 4 15 1 16  6
1 2 3 4 1 6 7 4 8 2 12 4 10 6 7 4 5 2 12 4 11 6 14 4 10 2 3 4 8 6 14 4 5 6 14 4 15 11 16  12
1 6 17 4 1 2 12 4 10 2 18 4 5 6 17 4 8 2 3 4 11 6 7 4 11 2 3 4 8 6 7 4 10 6 14 4 15 5 16  12
1 6 9 4 8 6 7 4 8 2 13 4 10 6 9 4 11 6 9 4 11 2 18 4 5 6 17 4 10 2 18 4 5 2 3 4 15 1 16  6
11 6 7 4 8 2 3 4 8 6 7 4 5 2 3 4 1 6 7 4 10 6 9 4 5 6 7 4 10 2 13 4 1 2 3 4 15 11 16  4
10 6 7 4 11 2 3 4 1 6 7 4 8 6 14 4 11 6 9 4 5 6 7 4 10 2 12 4 8 2 13 4 1 2 12 4 15 5 16  12
8 2 3 4 1 6 9 4 5 6 9 4 11 6 9 4 1 2 13 4 11 2 13 4 10 2 3 4 8 6 17 4 10 6 17 4 15 5 16  2
8 2 3 4 10 2 18 4 10 6 14 4 5 2 18 4 1 6 7 4 11 6 9 4 1 2 13 4 8 6 9 4 5 6 14 4 15 11 16  4
1 6 9 4 10 6 7 4 11 2 12 4 11 6 14 4 8 2 13 4 10 2 18 4 8 6 17 4 1 2 3 4 5 6 17 4 15 5 16  2
1 2 3 4 5 2 3 4 11 2 3 4 1 6 14 4 8 2 3 4 10 6 14 4 5 6 14 4 11 6 14 4 8 6 14 4 15 10 16  4
10 6 17 4 8 2 12 4 1 6 14 4 1 2 12 4 11 2 12 4 5 6 17 4 11 6 14 4 10 2 3 4 8 6 14 4 15 5 16  4
8 2 12 4 11 6 7 4 8 6 9 4 1 2 18 4 1 6 7 4 10 6 17 4 5 6 7 4 10 2 13 4 11 2 18 4 15 5 16  6
10 2 18 4 1 6 17 4 5 2 13 4 11 6 9 4 10 6 17 4 8 6 9 4 5 6 7 4 1 2 18 4 11 2 12 4 15 8 16  12
8 2 3 4 1 6 17 4 8 6 7 4 10 2 18 4 1 2 13 4 5 6 9 4 11 6 17 4 5 2 12 4 10 6 14 4 15 11 16  2
10 6 9 4 10 2 3 4 8 2 3 4 5 2 13 4 5 6 17 4 11 6 14 4 8 6 9 4 1 6 9 4 11 2 12 4 15 1 16  4
1 2 3 4 1 6 14 4 11 2 12 4 5 6 7 4 11 6 9 4 8 6 14 4 10 2 18 4 5 2 18 4 10 6 7 4 15 8 16  4
11 2 12 4 8 6 17 4 5 6 17 4 10 6 17 4 11 6 7 4 1 2 18 4 5 2 13 4 8 2 13 4 1 6 14 4 15 10 16  2
5 2 3 4 10 6 17 4 8 6 9 4 10 2 12 4 11 2 18 4 5 6 9 4 1 2 18 4 1 6 7 4 11 6 7 4 15 8 16  4
1 2 12 4 10 2 12 4 11 2 13 4 5 6 14 4 5 2 12 4 1 6 14 4 11 6 9 4 10 6 14 4 8 6 14 4 15 8 16  12
10 6 14 4 5 2 18 4 1 6 9 4 11 6 9 4 5 6 9 4 8 2 3 4 8 6 14 4 1 2 18 4 11 2 18 4 15 10 16  4
11 2 13 4 5 2 13 4 10 2 12 4 11 6 9 4 1 6 7 4 5 6 9 4 8 6 17 4 1 2 3 4 10 6 17 4 15 8 16  12
1 2 13 4 11 6 17 4 5 6 7 4 5 2 3 4 8 6 7 4 10 6 7 4 11 2 13 4 1 6 17 4 8 2 3 4 15 10 16  4
1 2 12 4 8 2 12 4 1 6 7 4 10 6 17 4 10 2 18 4 8 6 7 4 5 6 17 4 11 6 7 4 11 2 12 4 15 5 16  6
5 2 12 4 1 6 7 4 5 6 14 4 11 2 18 4 1 2 18 4 10 6 17 4 8 6 7 4 10 2 13 4 11 6 7 4 15 8 16  6
5 2 18 4 10 2 13 4 1 2 18 4 10 6 7 4 8 6 14 4 8 2 12 4 11 6 17 4 1 6 17 4 5 6 17 4 15 11 16  6
11 2 3 4 1 6 7 4 11 6 17 4 8 2 13 4 8 6 14 4 10 6 17 4 10 2 3 4 1 2 12 4 5 6 14 4 15 5 16  2
11 6 7 4 1 6 14 4 11 2 18 4 10 2 3 4 8 6 7 4 1 2 13 4 5 6 9 4 5 2 3 4 10 6 9 4 15 8 16  6
5 2 3 4 1 2 12 4 5 6 14 4 1 6 9 4 8 2 3 4 11 6 7 4 10 6 14 4 8 6 14 4 11 2 18 4 15 10 16  4
5 6 14 4 8 6 9 4 10 6 9 4 8 2 18 4 11 6 9 4 1 6 14 4 1 2 13 4 5 2 13 4 10 2 18 4 15 11 16  6
5 2 12 4 11 6 14 4 11 2 13 4 8 6 17 4 1 6 9 4 8 2 3 4 5 6 9 4 10 6 14 4 10 2 13 4 15 1 16  12
5 6 7 4 1 6 9 4 1 2 13 4 10 6 7 4 8 2 12 4 8 6 7 4 11 2 3 4 11 6 17 4 10 2 12 4 15 5 16  12
8 6 7 4 1 2 12 4 10 2 18 4 5 6 14 4 1 6 9 4 8 2 13 4 11 6 17 4 10 6 17 4 5 2 3 4 15 11 16  6
11 6 9 4 10 2 12 4 1 6 17 4 8 2 3 4 5 2 13 4 8 6 14 4 10 6 7 4 5 6 17 4 11 2 18 4 15 1 16  2
1 6 9 4 10 2 12 4 10 6 17 4 11 2 13 4 11 6 9 4 1 2 13 4 8 2 12 4 8 6 17 4 5 6 17 4 15 5 16  12
8 2 18 4 5 6 14 4 1 6 17 4 8 6 7 4 10 6 9 4 11 6 17 4 10 2 13 4 1 2 12 4 5 2 3 4 15 11 16  12
10 2 12 4 8 6 17 4 5 2 13 4 11 6 9 4 8 2 18 4 11 2 12 4 5 6 7 4 10 6 9 4 1 6 7 4 15 1 16  2
10 2 3 4 11 6 9 4 1 2 12 4 8 6 17 4 10 6 9 4 8 2 18 4 5 6 9 4 11 2 3 4 1 6 14 4 15 5 16  4
1 2 12 4 5 6 14 4 1 6 9 4 11 6 14 4 8 6 7 4 5 2 18 4 8 2 13 4 10 6 14 4 11 2 18 4 15 10 16  6
10 6 9 4 1 6 9 4 8 2 18 4 5 6 14 4 8 6 17 4 11 6 17 4 1 2 12 4 11 2 18 4 5 2 13 4 15 10 16  12
5 6 17 4 8 6 9 4 10 6 14 4 10 2 12 4 1 2 13 4 1 6 7 4 5 2 18 4 11 6 7 4 8 2 3 4 15 11 16  2
1 6 14 4 10 2 13 4 5 6 7 4 8 2 3 4 5 2 13 4 11 6 9 4 11 2 18 4 10 6 7 4 8 6 14 4 15 1 16  4
8 6 17 4 11 2 3 4 1 6 14 4 5 6 14 4 10 6 7 4 8 2 13 4 11 6 14 4 10 2 18 4 1 2 3 4 15 5 16  4
8 6 7 4 10 6 7 4 11 2 13 4 1 6 14 4 5 6 9 4 11 6 7 4 10 2 13 4 5 2 3 4 1 2 12 4 15 8 16  2
5 2 13 4 1 2 12 4 8 2 3 4 1 6 14 4 10 6 9 4 8 6 7 4 5 6 17 4 11 6 17 4 10 2 18 4 15 11 16  2
11 6 9 4 1 2 13 4 11 2 12 4 8 6 9 4 5 6 9 4 1 6 7 4 8 2 12 4 10 2 3 4 10 6 17 4 15 5 16  12
10 6 7 4 1 6 17 4 1 2 3 4 5 6 17 4 11 6 14 4 8 2 3 4 11 2 12 4 10 2 18 4 8 6 17 4 15 5 16  4
10 2 13 4 5 2 12 4 11 6 14 4 8 2 13 4 8 6 7 4 1 6 14 4 5 6 17 4 10 6 7 4 1 2 18 4 15 11 16  6
5 6 9 4 11 6 9 4 1 6 9 4 8 2 18 4 10 6 9 4 11 2 13 4 8 6 7 4 1 2 13 4 5 2 13 4 15 10 16  2
5 6 7 4 10 2 13 4 1 2 3 4 11 6 14 4 8 6 9 4 1 6 9 4 10 6 17 4 11 2 18 4 5 2 12 4 15 8 16  4
10 6 9 4 11 2 3 4 5 6 9 4 10 2 18 4 8 2 3 4 11 6 14 4 1 2 3 4 8 6 14 4 1 6 14 4 15 5 16  6
1 6 9 4 5 6 9 4 8 6 9 4 11 6 9 4 10 2 12 4 8 2 12 4 5 2 12 4 11 2 12 4 10 6 9 4 15 1 16  12
5 2 18 4 8 6 7 4 11 6 14 4 1 2 12 4 10 6 14 4 1 6 7 4 5 6 17 4 11 2 13 4 10 2 13 4 15 8 16  12
8 6 9 4 11 6 7 4 5 2 3 4 10 2 18 4 11 2 13 4 10 6 9 4 1 6 7 4 5 6 14 4 1 2 13 4 15 8 16  6
8 2 18 4 5 6 7 4 1 6 7 4 1 2 18 4 11 2 13 4 8 6 7 4 5 2 18 4 11 6 17 4 10 6 17 4 15 10 16  2
5 6 9 4 10 6 9 4 5 2 13 4 10 2 13 4 8 6 7 4 1 2 13 4 11 2 3 4 11 6 7 4 1 6 9 4 15 8 16  4
1 2 13 4 10 6 14 4 5 6 14 4 8 6 14 4 11 6 14 4 5 2 13 4 8 2 13 4 11 2 13 4 1 6 14 4 15 10 16  2
10 2 3 4 11 2 12 4 11 6 17 4 1 6 14 4 5 6 17 4 8 2 13 4 10 6 9 4 1 2 13 4 8 6 14 4 15 5 16  12
8 6 9 4 11 6 14 4 1 2 18 4 10 2 13 4 1 6 14 4 11 2 18 4 10 6 17 4 5 2 12 4 5 6 9 4 15 8 16  12
11 6 9 4 1 2 18 4 1 6 9 4 5 6 7 4 10 6 9 4 8 2 18 4 5 2 12 4 10 2 18 4 8 6 9 4 15 11 16  6
5 6 14 4 10 2 18 4 5 2 3 4 11 6 9 4 11 2 13 4 8 6 9 4 1 6 14 4 8 2 13 4 10 6 17 4 15 1 16  4
10 2 3 4 5 6 14 4 11 2 13 4 10 6 7 4 8 2 18 4 5 2 12 4 8 6 9 4 1 6 14 4 11 6 17 4 15 1 16  12
10 6 9 4 5 6 14 4 8 6 17 4 1 6 17 4 11 6 9 4 8 2 18 4 5 2 12 4 11 2 3 4 1 2 18 4 15 10 16  4
11 2 3 4 1 2 18 4 11 6 14 4 5 2 3 4 5 6 14 4 8 6 14 4 1 6 7 4 8 2 3 4 10 6 14 4 15 10 16  4
11 6 7 4 8 2 18 4 5 2 3 4 8 6 17 4 5 6 7 4 10 6 9 4 11 2 3 4 10 2 13 4 1 6 7 4 15 1 16  4
10 2 12 4 8 2 18 4 1 2 18 4 5 2 13 4 8 6 14 4 5 6 17 4 1 6 14 4 11 6 17 4 10 6 9 4 15 11 16  2
1 2 18 4 8 6 14 4 11 6 7 4 5 6 7 4 8 2 12 4 1 6 7 4 10 2 12 4 10 6 14 4 5 2 18 4 15 11 16  6
1 6 17 4 10 2 12 4 8 6 17 4 11 6 9 4 5 2 18 4 5 6 7 4 11 2 12 4 8 2 3 4 10 6 9 4 15 1 16  4
1 6 17 4 10 6 17 4 5 2 18 4 8 2 18 4 11 6 17 4 5 6 7 4 10 2 12 4 8 6 7 4 11 2 12 4 15 1 16  12
8 6 7 4 10 6 7 4 11 2 18 4 1 2 3 4 5 2 3 4 8 2 18 4 11 6 7 4 1 6 14 4 5 6 14 4 15 10 16  6
5 6 17 4 10 6 14 4 8 6 9 4 10 2 13 4 11 2 12 4 5 2 18 4 1 6 17 4 1 2 18 4 11 6 9 4 15 8 16  12
8 6 9 4 5 6 14 4 5 2 3 4 11 6 9 4 1 6 17 4 1 2 12 4 8 2 13 4 10 6 17 4 10 2 12 4 15 11 16  2
1 2 18 4 11 6 17 4 10 6 17 4 8 6 7 4 5 2 3 4 1 6 17 4 10 2 18 4 8 2 3 4 5 6 7 4 15 11 16  6
11 2 12 4 11 6 9 4 5 6 7 4 1 6 7 4 5 2 13 4 8 2 12 4 8 6 9 4 1 2 13 4 10 6 9 4 15 10 16  12
11 2 18 4 1 6 7 4 1 2 12 4 10 6 7 4 8 6 7 4 11 6 17 4 5 6 7 4 10 2 12 4 5 2 12 4 15 8 16  12
11 2 13 4 8 6 14 4 10 2 13 4 1 2 13 4 11 6 7 4 1 6 7 4 8 2 18 4 10 6 7 4 5 6 14 4 15 5 16  6
1 6 14 4 11 6 9 4 1 2 13 4 10 6 9 4 10 2 18 4 5 2 13 4 8 2 13 4 8 6 14 4 5 6 14 4 15 11 16  6
5 2 3 4 5 6 17 4 1 2 18 4 10 2 12 4 10 6 9 4 8 6 17 4 11 2 3 4 1 6 14 4 11 6 17 4 15 8 16  4
8 6 9 4 5 6 9 4 11 2 3 4 11 6 7 4 1 2 13 4 10 2 13 4 8 2 13 4 10 6 9 4 1 6 9 4 15 5 16  2
5 6 17 4 11 2 12 4 1 6 14 4 5 2 18 4 10 2 18 4 1 2 13 4 11 6 7 4 10 6 17 4 8 6 7 4 15 8 16  12
11 6 7 4 8 6 14 4 10 6 7 4 5 6 17 4 1 6 14 4 1 2 18 4 11 2 12 4 10 2 12 4 5 2 3 4 15 8 16  6
1 6 17 4 8 6 17 4 10 2 12 4 11 6 17 4 11 2 13 4 8 2 13 4 5 6 17 4 1 2 13 4 10 6 7 4 15 5 16  2
11 6 17 4 1 2 18 4 10 6 9 4 11 2 3 4 10 2 13 4 8 2 18 4 8 6 14 4 1 6 14 4 5 6 9 4 15 5 16  2
10 2 12 4 10 6 7 4 5 2 12 4 5 6 7 4 1 2 3 4 11 2 13 4 11 6 14 4 8 6 17 4 1 6 17 4 15 8 16  4
5 6 17 4 1 2 18 4 8 6 17 4 10 2 18 4 8 2 3 4 11 2 12 4 11 6 7 4 10 6 14 4 1 6 14 4 15 5 16  4
10 6 9 4 1 2 3 4 5 2 12 4 8 2 12 4 5 6 9 4 1 6 14 4 10 2 12 4 11 6 14 4 8 6 9 4 15 11 16  4
10 2 13 4 8 6 14 4 11 2 18 4 5 6 14 4 8 2 3 4 1 6 17 4 5 2 3 4 11 6 9 4 10 6 17 4 15 1 16  2
8 2 13 4 1 6 17 4 11 2 3 4 11 6 17 4 10 2 13 4 8 6 14 4 5 2 12 4 5 6 9 4 10 6 14 4 15 1 16  4
11 2 12 4 8 2 18 4 5 6 14 4 10 6 9 4 1 6 17 4 1 2 13 4 8 6 9 4 10 2 18 4 11 6 14 4 15 5 16  12
5 2 13 4 1 2 12 4 11 6 7 4 1 6 9 4 8 2 18 4 5 6 14 4 11 2 18 4 8 6 7 4 10 6 9 4 15 10 16  12
1 2 3 4 11 6 7 4 11 2 18 4 10 2 13 4 5 2 18 4 1 6 14 4 8 6 9 4 10 6 9 4 5 6 7 4 15 8 16  2
1 2 12 4 5 6 14 4 10 6 14 4 10 2 13 4 8 6 7 4 8 2 3 4 11 6 17 4 5 2 13 4 1 6 17 4 15 11 16  12
10 2 12 4 5 6 7 4 8 6 14 4 1 6 7 4 11 2 3 4 10 6 14 4 8 2 12 4 1 2 18 4 11 6 17 4 15 5 16  6
5 6 17 4 11 2 12 4 11 6 14 4 5 2 3 4 10 2 13 4 1 6 14 4 8 6 14 4 8 2 12 4 10 6 9 4 15 1 16  12
10 6 7 4 1 2 18 4 8 2 18 4 10 2 12 4 5 2 13 4 8 6 17 4 5 6 14 4 11 6 17 4 1 6 17 4 15 11 16  6
1 2 12 4 5 2 18 4 10 2 12 4 8 2 18 4 8 6 7 4 1 6 14 4 11 6 14 4 10 6 14 4 5 6 7 4 15 11 16  12
11 2 12 4 1 2 13 4 5 2 13 4 10 6 17 4 5 6 7 4 11 6 14 4 8 6 17 4 10 2 18 4 1 6 7 4 15 8 16  6
5 2 12 4 11 2 3 4 5 6 9 4 8 6 7 4 1 6 14 4 10 6 17 4 1 2 13 4 11 6 17 4 8 2 18 4 15 10 16  4
5 6 7 4 8 6 9 4 1 2 12 4 5 2 18 4 11 6 9 4 11 2 12 4 10 2 12 4 10 6 9 4 1 6 9 4 15 8 16  12
10 2 12 4 11 6 14 4 8 6 14 4 10 6 14 4 8 2 12 4 11 2 12 4 5 6 14 4 1 6 14 4 1 2 12 4 15 5 16  12
1 2 3 4 1 6 17 4 8 2 3 4 11 6 7 4 10 6 7 4 5 6 17 4 5 2 3 4 8 6 17 4 10 2 13 4 15 11 16  2
8 2 12 4 11 2 12 4 8 6 7 4 10 2 18 4 10 6 9 4 1 2 3 4 1 6 17 4 5 6 17 4 11 6 7 4 15 5 16  4
8 6 17 4 5 6 7 4 8 2 3 4 11 6 17 4 10 6 17 4 5 2 12 4 1 6 17 4 1 2 3 4 11 2 3 4 15 10 16  4
8 6 14 4 1 2 13 4 10 2 13 4 11 6 7 4 5 6 7 4 5 2 3 4 10 6 17 4 8 2 12 4 1 6 17 4 15 11 16  4
5 6 14 4 1 6 7 4 10 6 7 4 1 2 12 4 11 2 12 4 10 2 12 4 8 2 18 4 11 6 7 4 8 6 14 4 15 5 16  6
5 2 13 4 10 6 17 4 1 6 17 4 11 6 17 4 11 2 3 4 10 2 3 4 8 6 17 4 5 6 7 4 1 2 3 4 15 8 16  4
10 6 9 4 8 6 7 4 1 6 9 4 11 6 14 4 5 6 7 4 8 2 13 4 11 2 3 4 1 2 12 4 10 2 12 4 15 5 16  2
10 2 3 4 10 6 9 4 5 2 3 4 1 6 17 4 8 6 17 4 8 2 13 4 11 2 13 4 11 6 17 4 5 6 9 4 15 1 16  2
11 6 14 4 1 2 18 4 5 2 12 4 1 6 7 4 11 2 12 4 8 6 7 4 10 6 7 4 8 2 18 4 5 6 14 4 15 10 16  6
10 6 9 4 11 6 9 4 11 2 18 4 1 2 3 4 1 6 7 4 8 6 9 4 10 2 18 4 8 2 18 4 5 6 7 4 15 5 16  4
5 2 18 4 10 2 18 4 11 2 18 4 8 6 17 4 10 6 17 4 1 6 7 4 11 6 17 4 1 2 3 4 5 6 17 4 15 8 16  6
8 6 14 4 10 2 18 4 1 2 13 4 10 6 7 4 11 2 3 4 5 6 17 4 1 6 17 4 8 2 12 4 11 6 9 4 15 5 16  2
10 6 7 4 1 6 9 4 11 2 18 4 1 2 3 4 8 6 7 4 5 6 14 4 10 2 13 4 8 2 13 4 11 6 14 4 15 5 16  6
1 6 7 4 8 6 17 4 11 6 17 4 1 2 13 4 11 2 12 4 5 2 18 4 10 2 12 4 5 6 9 4 10 6 17 4 15 8 16  12
1 6 17 4 8 2 12 4 10 6 17 4 1 2 18 4 5 6 14 4 11 6 17 4 5 2 13 4 11 2 18 4 8 6 7 4 15 10 16  6
5 2 18 4 5 6 17 4 11 6 14 4 1 2 18 4 8 6 14 4 8 2 12 4 1 6 17 4 10 6 14 4 10 2 12 4 15 11 16  12
5 6 9 4 1 6 14 4 11 2 3 4 11 6 9 4 5 2 3 4 8 2 3 4 1 2 13 4 8 6 9 4 10 6 9 4 15 10 16  4
8 2 18 4 1 6 9 4 5 6 17 4 8 6 9 4 10 2 18 4 11 6 9 4 5 2 12 4 10 6 9 4 1 2 18 4 15 11 16  6
5 2 18 4 10 2 18 4 8 6 17 4 10 6 7 4 8 2 3 4 1 6 17 4 11 2 12 4 11 6 9 4 5 6 7 4 15 1 16  4
5 2 3 4 10 2 13 4 10 6 14 4 8 6 7 4 1 2 13 4 5 6 9 4 8 2 18 4 11 6 7 4 1 6 14 4 15 11 16  6
5 2 3 4 11 6 9 4 1 6 7 4 10 2 3 4 1 2 12 4 8 6 7 4 10 6 9 4 5 6 9 4 8 2 12 4 15 11 16  4
5 2 12 4 5 6 7 4 10 2 3 4 1 2 3 4 8 2 13 4 1 6 17 4 10 6 17 4 11 6 7 4 8 6 9 4 15 11 16  12
5 2 13 4 1 6 14 4 8 6 17 4 5 6 14 4 8 2 3 4 1 2 13 4 10 6 9 4 10 2 12 4 11 6 9 4 15 11 16  12
10 6 17 4 5 2 18 4 8 2 3 4 1 6 9 4 8 6 14 4 10 2 12 4 11 2 18 4 5 6 9 4 11 6 9 4 15 1 16  6
10 6 9 4 11 2 18 4 8 2 12 4 11 6 17 4 5 6 14 4 8 6 7 4 5 2 13 4 1 2 3 4 1 6 9 4 15 10 16  4
11 6 9 4 11 2 12 4 8 2 13 4 10 6 17 4 5 2 18 4 1 6 17 4 5 6 14 4 10 2 13 4 8 6 17 4 15 1 16  2
1 2 13 4 8 6 17 4 5 2 3 4 5 6 9 4 10 6 17 4 1 6 7 4 10 2 12 4 11 6 17 4 8 2 12 4 15 11 16  12
5 6 17 4 10 6 7 4 11 6 9 4 8 2 13 4 5 2 12 4 8 6 14 4 10 2 18 4 11 2 3 4 1 6 14 4 15 1 16  2
1 2 13 4 11 2 12 4 8 6 17 4 5 6 17 4 1 6 17 4 10 2 13 4 11 6 9 4 10 6 17 4 8 2 13 4 15 5 16  2
8 2 13 4 11 6 14 4 11 2 18 4 1 2 3 4 5 6 17 4 10 6 17 4 10 2 12 4 8 6 7 4 1 6 9 4 15 5 16  12
11 6 17 4 11 2 12 4 1 6 9 4 5 6 9 4 10 2 13 4 8 2 3 4 1 2 13 4 8 6 14 4 10 6 9 4 15 5 16  2
1 6 17 4 10 6 9 4 5 6 9 4 11 2 18 4 11 6 9 4 1 2 3 4 10 2 18 4 8 2 18 4 8 6 9 4 15 5 16  6
1 2 12 4 5 2 3 4 10 6 7 4 8 2 18 4 8 6 14 4 11 6 14 4 1 6 17 4 10 2 3 4 5 6 7 4 15 11 16  6
11 6 14 4 5 6 14 4 10 6 9 4 1 6 9 4 5 2 12 4 11 2 12 4 8 6 9 4 1 2 3 4 8 2 3 4 15 10 16  4
5 6 17 4 10 6 17 4 8 6 14 4 8 2 3 4 11 2 12 4 10 2 12 4 5 2 12 4 1 6 14 4 11 6 17 4 15 1 16  4
11 2 12 4 10 2 13 4 10 6 14 4 8 2 18 4 1 6 7 4 5 6 7 4 8 6 7 4 5 2 18 4 11 6 9 4 15 1 16  6
11 6 14 4 10 6 9 4 5 2 12 4 10 2 12 4 1 6 14 4 8 6 14 4 8 2 3 4 1 2 3 4 5 6 9 4 15 11 16  4
8 6 17 4 10 2 12 4 5 6 17 4 1 2 18 4 11 2 18 4 1 6 7 4 8 2 3 4 10 6 9 4 11 6 7 4 15 5 16  4
5 2 3 4 11 2 3 4 1 2 12 4 10 6 7 4 8 2 13 4 5 6 7 4 1 6 17 4 11 6 7 4 8 6 9 4 15 10 16  4
8 6 9 4 11 6 17 4 10 2 12 4 5 2 13 4 1 6 17 4 10 6 14 4 5 6 9 4 8 2 13 4 1 2 3 4 15 11 16  4
8 2 18 4 8 6 14 4 11 2 13 4 1 6 17 4 5 2 13 4 1 2 13 4 5 6 17 4 11 6 17 4 10 6 17 4 15 10 16  2
10 6 14 4 5 2 18 4 8 6 14 4 11 6 9 4 1 2 12 4 10 2 13 4 5 6 17 4 1 6 9 4 8 2 13 4 15 11 16  12
5 6 9 4 10 6 17 4 8 2 3 4 1 6 14 4 5 2 18 4 11 2 3 4 11 6 17 4 8 6 17 4 1 2 13 4 15 10 16  4
8 6 14 4 11 6 7 4 1 2 12 4 8 2 12 4 10 6 7 4 5 2 3 4 1 6 14 4 11 2 18 4 5 6 17 4 15 10 16  6
10 2 12 4 1 2 18 4 5 6 17 4 1 6 17 4 8 6 14 4 11 2 18 4 10 6 14 4 5 2 18 4 11 6 17 4 15 8 16  12
11 6 14 4 10 6 17 4 5 6 17 4 10 2 3 4 5 2 3 4 11 2 12 4 8 6 17 4 1 6 7 4 1 2 13 4 15 8 16  4
8 6 7 4 1 6 9 4 8 2 13 4 1 2 18 4 11 2 12 4 10 2 3 4 10 6 17 4 11 6 14 4 5 6 9 4 15 5 16  6
8 6 17 4 10 6 17 4 5 2 18 4 10 2 13 4 1 6 7 4 11 6 14 4 1 2 3 4 5 6 9 4 11 2 12 4 15 8 16  2
10 6 9 4 8 2 13 4 8 6 17 4 1 6 17 4 11 6 9 4 1 2 13 4 5 6 9 4 5 2 18 4 10 2 18 4 15 11 16  6
11 2 18 4 10 6 14 4 1 6 17 4 1 2 13 4 8 6 9 4 8 2 3 4 10 2 18 4 11 6 14 4 5 6 9 4 15 5 16  4
11 2 12 4 8 2 12 4 5 2 12 4 1 2 18 4 1 6 14 4 8 6 7 4 5 6 7 4 10 6 14 4 11 6 7 4 15 10 16  6
8 6 17 4 8 2 3 4 10 2 3 4 5 6 17 4 1 6 17 4 1 2 3 4 11 2 3 4 10 6 17 4 11 6 17 4 15 5 16  4
8 6 17 4 11 6 7 4 10 2 13 4 1 6 9 4 5 6 7 4 8 2 13 4 5 2 3 4 10 6 17 4 1 2 12 4 15 11 16  4
11 2 13 4 10 6 9 4 11 6 7 4 8 6 14 4 1 2 3 4 5 6 9 4 10 2 3 4 1 6 9 4 8 2 18 4 15 5 16  4
11 6 7 4 8 2 12 4 11 2 13 4 5 6 9 4 10 6 17 4 1 6 9 4 5 2 3 4 10 2 12 4 8 6 17 4 15 1 16  4
8 6 17 4 1 6 7 4 5 6 9 4 11 2 12 4 10 6 17 4 5 2 13 4 8 2 3 4 1 2 12 4 11 6 7 4 15 10 16  4
11 6 7 4 8 6 14 4 1 2 3 4 5 2 18 4 10 6 7 4 1 6 7 4 5 6 17 4 8 2 13 4 10 2 3 4 15 11 16  4
8 6 14 4 10 2 3 4 10 6 17 4 5 6 7 4 8 2 12 4 5 2 18 4 1 6 14 4 11 6 17 4 11 2 3 4 15 1 16  12
11 2 13 4 1 2 13 4 8 6 17 4 5 2 12 4 5 6 9 4 11 6 14 4 1 6 14 4 8 2 18 4 10 6 9 4 15 10 16  12
10 6 14 4 8 2 12 4 8 6 7 4 11 2 3 4 1 2 12 4 10 2 3 4 1 6 7 4 11 6 14 4 5 6 7 4 15 5 16  12
10 6 17 4 5 2 18 4 11 6 17 4 10 2 13 4 5 6 14 4 1 2 18 4 1 6 14 4 8 2 13 4 8 6 17 4 15 11 16  2
11 6 14 4 10 6 14 4 5 6 9 4 8 6 7 4 1 6 14 4 8 2 3 4 1 2 18 4 5 2 12 4 11 2 18 4 15 10 16  6
8 6 14 4 11 6 14 4 8 2 18 4 5 2 3 4 5 6 7 4 10 6 17 4 11 2 18 4 10 2 13 4 1 6 17 4 15 1 16  2
10 2 18 4 8 2 12 4 1 2 3 4 10 6 7 4 8 6 17 4 1 6 9 4 11 2 3 4 5 6 17 4 11 6 9 4 15 5 16  12
1 2 12 4 11 2 3 4 8 2 12 4 11 6 17 4 10 2 18 4 5 6 17 4 8 6 7 4 10 6 9 4 1 6 7 4 15 5 16  4
8 2 3 4 10 2 18 4 1 6 7 4 5 6 9 4 1 2 3 4 11 6 17 4 11 2 13 4 10 6 9 4 8 6 7 4 15 5 16  6
10 2 12 4 10 6 7 4 11 2 18 4 8 2 12 4 1 6 14 4 11 6 9 4 5 6 14 4 1 2 3 4 8 6 7 4 15 5 16  4
5 6 17 4 5 2 18 4 8 6 9 4 11 2 13 4 10 2 12 4 10 6 9 4 1 6 9 4 1 2 12 4 11 6 7 4 15 8 16  12
1 2 3 4 5 6 14 4 1 6 14 4 8 2 13 4 5 2 3 4 8 6 9 4 10 6 14 4 11 6 9 4 10 2 3 4 15 11 16  2
10 2 12 4 1 6 17 4 10 6 14 4 5 2 13 4 8 6 7 4 1 2 13 4 5 6 17 4 11 6 7 4 8 2 18 4 15 11 16  6
8 6 9 4 5 2 13 4 5 6 9 4 11 2 3 4 10 6 7 4 1 6 17 4 8 2 13 4 1 2 18 4 11 6 7 4 15 10 16  4
11 6 7 4 10 6 7 4 5 2 13 4 11 2 3 4 10 2 3 4 8 2 13 4 1 6 14 4 5 6 14 4 8 6 14 4 15 1 16  2
8 6 17 4 5 6 7 4 11 6 14 4 1 6 14 4 11 2 18 4 10 2 12 4 10 6 17 4 5 2 13 4 8 2 12 4 15 1 16  6
1 6 17 4 10 6 14 4 5 2 12 4 1 2 18 4 11 6 14 4 5 6 14 4 8 2 18 4 10 2 12 4 8 6 17 4 15 11 16  12
8 6 17 4 11 2 12 4 1 6 9 4 10 2 3 4 5 6 7 4 11 6 7 4 10 6 9 4 8 2 18 4 5 2 12 4 15 1 16  4
11 6 7 4 11 2 3 4 5 2 3 4 8 6 7 4 5 6 7 4 1 6 9 4 10 2 18 4 10 6 9 4 8 2 3 4 15 1 16  6
5 6 17 4 8 6 14 4 8 2 12 4 11 6 14 4 10 2 3 4 10 6 9 4 1 6 17 4 1 2 13 4 5 2 13 4 15 11 16  12
1 6 9 4 11 2 13 4 10 6 7 4 1 2 18 4 5 6 14 4 5 2 3 4 11 6 17 4 8 6 17 4 10 2 12 4 15 8 16  2
8 2 18 4 10 6 7 4 5 6 7 4 1 6 9 4 5 2 12 4 11 6 9 4 10 2 12 4 11 2 3 4 8 6 17 4 15 1 16  4
11 2 12 4 8 6 14 4 1 2 18 4 10 6 14 4 1 6 17 4 5 2 12 4 5 6 14 4 11 6 14 4 8 2 12 4 15 10 16  12
1 2 3 4 5 2 12 4 10 6 14 4 8 6 17 4 11 2 3 4 1 6 17 4 5 6 14 4 8 2 3 4 11 6 17 4 15 10 16  12
8 6 7 4 5 2 13 4 10 2 12 4 11 6 9 4 8 2 13 4 1 6 7 4 1 2 13 4 5 6 7 4 10 6 9 4 15 11 16  12
5 2 3 4 8 6 9 4 10 2 18 4 11 6 7 4 8 2 13 4 11 2 12 4 1 6 7 4 10 6 17 4 5 6 14 4 15 1 16  12
1 2 3 4 5 6 17 4 10 6 7 4 11 2 18 4 1 6 17 4 11 6 9 4 10 2 13 4 8 2 3 4 8 6 17 4 15 5 16  4
1 2 18 4 5 2 13 4 8 2 12 4 8 6 17 4 5 6 14 4 10 6 7 4 11 6 9 4 11 2 3 4 1 6 7 4 15 10 16  6
1 6 14 4 10 6 7 4 10 2 3 4 8 2 12 4 1 2 12 4 8 6 14 4 5 6 17 4 5 2 13 4 11 6 14 4 15 11 16  12
11 6 9 4 11 2 12 4 10 6 7 4 10 2 3 4 5 6 17 4 8 6 17 4 5 2 13 4 1 6 9 4 1 2 12 4 15 8 16  2
10 6 9 4 11 2 3 4 5 6 7 4 10 2 13 4 11 6 17 4 1 2 18 4 8 6 7 4 5 2 12 4 1 6 14 4 15 8 16  12
10 6 7 4 1 6 14 4 8 6 7 4 8 2 13 4 11 6 9 4 5 2 18 4 11 2 12 4 1 2 18 4 5 6 14 4 15 10 16  2
8 6 14 4 11 6 14 4 8 2 3 4 1 6 14 4 10 2 3 4 5 6 14 4 11 2 3 4 5 2 3 4 10 6 14 4 15 1 16  4
1 2 13 4 8 6 17 4 11 6 17 4 1 6 17 4 10 2 18 4 11 2 13 4 10 6 9 4 5 2 18 4 5 6 9 4 15 8 16  2
8 2 3 4 11 6 14 4 8 6 9 4 10 6 17 4 5 6 7 4 11 2 13 4 5 2 18 4 1 6 7 4 10 2 12 4 15 1 16  6
1 6 9 4 1 2 18 4 11 6 14 4 10 6 17 4 5 6 14 4 8 6 14 4 8 2 13 4 10 2 12 4 5 2 13 4 15 11 16  2
8 2 13 4 1 6 14 4 11 2 12 4 5 2 18 4 5 6 14 4 10 6 17 4 8 6 9 4 11 6 17 4 1 2 18 4 15 10 16  12
11 2 13 4 1 2 12 4 8 6 17 4 8 2 3 4 5 2 18 4 10 6 9 4 1 6 7 4 11 6 9 4 5 6 14 4 15 10 16  2
10 6 9 4 5 2 18 4 1 2 13 4 8 6 7 4 10 2 18 4 11 2 3 4 5 6 9 4 11 6 14 4 1 6 7 4 15 8 16  2
8 2 3 4 5 2 18 4 8 6 17 4 5 6 7 4 10 2 12 4 11 2 13 4 10 6 9 4 1 6 14 4 11 6 14 4 15 1 16  2
1 6 9 4 5 6 7 4 8 2 12 4 8 6 14 4 10 6 7 4 11 6 14 4 10 2 3 4 5 2 3 4 1 2 18 4 15 11 16  12
8 6 9 4 1 6 17 4 5 6 9 4 1 2 12 4 11 2 13 4 5 2 13 4 11 6 9 4 10 2 12 4 10 6 17 4 15 8 16  2
10 6 17 4 11 2 18 4 8 2 3 4 1 6 17 4 11 6 7 4 1 2 3 4 10 2 3 4 5 6 17 4 8 6 17 4 15 5 16  4
10 2 18 4 5 6 17 4 1 6 7 4 8 6 17 4 11 6 9 4 8 2 13 4 1 2 3 4 5 2 13 4 10 6 9 4 15 11 16  6
8 2 12 4 8 6 9 4 10 6 17 4 11 6 9 4 11 2 12 4 5 2 3 4 5 6 17 4 1 2 18 4 1 6 7 4 15 10 16  4
1 6 14 4 8 2 12 4 8 6 14 4 5 6 7 4 11 2 12 4 10 6 7 4 5 2 3 4 1 2 12 4 11 6 14 4 15 10 16  4
8 6 9 4 11 6 9 4 8 2 3 4 1 6 14 4 5 6 9 4 11 2 3 4 5 2 3 4 1 2 18 4 10 6 9 4 15 10 16  4
5 6 7 4 11 2 18 4 10 6 9 4 8 2 3 4 10 2 12 4 8 6 7 4 5 2 3 4 11 6 14 4 1 6 9 4 15 1 16  12
5 6 17 4 10 6 14 4 10 2 18 4 8 6 17 4 5 2 12 4 11 2 3 4 11 6 7 4 1 6 9 4 1 2 13 4 15 8 16  12
5 6 9 4 11 6 7 4 1 2 18 4 10 6 9 4 8 2 13 4 1 6 14 4 8 6 9 4 10 2 13 4 11 2 12 4 15 5 16  2
5 6 17 4 1 6 9 4 10 2 18 4 8 6 9 4 11 6 7 4 11 2 13 4 1 2 3 4 10 6 17 4 5 2 18 4 15 8 16  4
10 2 18 4 1 6 9 4 10 6 9 4 8 6 7 4 11 2 3 4 5 6 14 4 1 2 18 4 5 2 13 4 11 6 7 4 15 8 16  4
1 6 17 4 10 6 7 4 11 6 9 4 8 6 7 4 5 6 17 4 11 2 3 4 1 2 18 4 8 2 12 4 10 2 12 4 15 5 16  6
8 2 12 4 10 6 9 4 1 2 13 4 5 2 12 4 11 6 9 4 10 2 13 4 5 6 17 4 8 6 17 4 1 6 9 4 15 11 16  2
8 2 13 4 8 6 17 4 1 6 7 4 10 6 17 4 5 2 3 4 10 2 13 4 5 6 7 4 1 2 3 4 11 6 7 4 15 11 16  4
5 6 9 4 5 2 13 4 1 2 3 4 11 6 14 4 10 6 7 4 10 2 18 4 1 6 14 4 8 6 14 4 11 2 3 4 15 8 16  4
11 6 9 4 11 2 13 4 1 6 14 4 8 6 7 4 8 2 3 4 1 2 18 4 10 6 17 4 5 6 7 4 10 2 12 4 15 5 16  4
11 6 14 4 10 6 7 4 5 2 13 4 8 6 17 4 1 6 17 4 11 2 12 4 5 6 7 4 10 2 13 4 1 2 18 4 15 8 16  6
8 6 9 4 5 2 18 4 1 6 17 4 10 2 3 4 8 2 18 4 11 2 12 4 11 6 14 4 10 6 17 4 5 6 9 4 15 1 16  4
8 6 14 4 8 2 18 4 5 2 3 4 10 2 13 4 10 6 9 4 1 6 9 4 5 6 17 4 11 6 9 4 11 2 13 4 15 1 16  2
1 2 18 4 11 6 14 4 5 6 14 4 10 2 3 4 8 2 12 4 10 6 9 4 1 6 17 4 11 2 12 4 8 6 14 4 15 5 16  12
11 2 3 4 10 6 9 4 1 2 3 4 8 6 14 4 10 2 18 4 5 6 9 4 8 2 3 4 1 6 14 4 11 6 14 4 15 5 16  6
5 2 18 4 8 6 9 4 8 2 13 4 5 6 7 4 1 6 14 4 10 6 14 4 1 2 3 4 11 2 13 4 11 6 9 4 15 10 16  4
1 6 9 4 10 2 3 4 11 6 17 4 10 6 9 4 11 2 12 4 5 6 7 4 1 2 3 4 8 2 13 4 8 6 7 4 15 5 16  2
11 2 18 4 1 6 14 4 11 6 7 4 5 6 7 4 8 6 17 4 10 2 12 4 8 2 13 4 5 2 18 4 10 6 14 4 15 1 16  12
5 6 17 4 11 6 14 4 8 6 14 4 1 2 3 4 10 2 3 4 5 2 18 4 10 6 9 4 1 6 9 4 11 2 13 4 15 8 16  2
8 6 9 4 8 2 12 4 11 2 13 4 1 6 17 4 11 6 17 4 5 6 17 4 5 2 13 4 10 6 17 4 1 2 13 4 15 10 16  2
5 6 17 4 11 6 7 4 11 2 12 4 10 6 14 4 5 2 3 4 1 6 14 4 8 6 7 4 8 2 12 4 1 2 13 4 15 10 16  2
8 2 18 4 8 6 17 4 11 2 3 4 11 6 7 4 10 6 7 4 1 6 9 4 5 2 12 4 1 2 13 4 5 6 14 4 15 10 16  4
5 2 18 4 11 6 9 4 10 6 9 4 5 6 14 4 8 6 14 4 1 6 17 4 1 2 12 4 11 2 3 4 8 2 18 4 15 10 16  4
8 6 9 4 11 6 17 4 10 6 14 4 8 2 18 4 5 6 9 4 1 2 12 4 11 2 13 4 10 2 3 4 1 6 7 4 15 5 16  6
5 2 18 4 8 2 13 4 5 6 7 4 8 6 9 4 10 2 12 4 1 6 17 4 10 6 17 4 11 6 7 4 11 2 18 4 15 1 16  12
5 6 9 4 8 6 9 4 10 2 12 4 8 2 13 4 5 2 13 4 10 6 17 4 1 6 9 4 11 6 7 4 11 2 3 4 15 1 16  2
8 2 3 4 5 6 9 4 8 6 9 4 1 6 17 4 11 6 9 4 11 2 3 4 10 6 7 4 10 2 13 4 1 2 18 4 15 5 16  4
1 2 13 4 11 6 14 4 8 6 14 4 5 6 14 4 10 2 13 4 8 2 3 4 1 6 7 4 5 2 3 4 10 6 7 4 15 11 16  4
8 6 17 4 1 2 3 4 11 6 9 4 5 6 7 4 1 6 7 4 11 2 13 4 5 2 3 4 10 6 17 4 10 2 12 4 15 8 16  12
10 6 9 4 1 2 3 4 5 2 12 4 5 6 7 4 11 6 14 4 1 6 17 4 10 2 13 4 8 6 14 4 8 2 18 4 15 11 16  6
11 2 12 4 1 6 7 4 5 2 18 4 8 6 9 4 10 6 17 4 5 6 17 4 8 2 13 4 11 6 7 4 10 2 18 4 15 1 16  12
5 6 17 4 11 6 7 4 10 6 17 4 10 2 12 4 1 2 12 4 1 6 17 4 11 2 18 4 8 6 14 4 8 2 13 4 15 5 16  12
5 2 13 4 11 2 13 4 10 6 7 4 8 6 7 4 1 6 14 4 1 2 3 4 5 6 17 4 8 2 12 4 11 6 17 4 15 10 16  12
11 6 14 4 5 2 3 4 10 2 18 4 10 6 9 4 8 6 9 4 1 6 7 4 11 2 3 4 1 2 12 4 5 6 14 4 15 8 16  6
10 6 14 4 11 2 18 4 8 6 17 4 5 6 14 4 11 6 14 4 10 2 18 4 1 2 13 4 1 6 17 4 5 2 18 4 15 8 16  2
8 6 9 4 5 6 9 4 11 2 12 4 1 6 9 4 11 6 14 4 10 2 12 4 1 2 13 4 10 6 14 4 8 2 13 4 15 5 16  2
10 6 14 4 8 6 9 4 1 2 12 4 5 6 14 4 1 6 14 4 11 6 9 4 10 2 12 4 11 2 3 4 5 2 12 4 15 8 16  4
1 6 17 4 11 2 3 4 8 6 9 4 8 2 18 4 11 6 7 4 5 2 12 4 10 6 17 4 10 2 13 4 5 6 14 4 15 1 16  2
5 6 7 4 8 2 3 4 11 6 9 4 8 6 14 4 5 2 18 4 10 6 7 4 10 2 18 4 11 2 13 4 1 6 14 4 15 1 16  4
10 6 17 4 11 6 7 4 10 2 13 4 1 6 9 4 1 2 3 4 5 6 9 4 8 6 9 4 11 2 18 4 8 2 3 4 15 5 16  4
8 2 18 4 11 6 17 4 11 2 13 4 1 6 9 4 5 2 3 4 10 6 9 4 10 2 3 4 8 6 7 4 5 6 9 4 15 1 16  4
1 2 12 4 8 6 9 4 10 6 17 4 5 2 3 4 10 2 13 4 11 2 3 4 1 6 9 4 5 6 7 4 11 6 7 4 15 8 16  12
1 6 14 4 11 2 3 4 5 6 9 4 10 6 9 4 10 2 12 4 11 6 14 4 8 6 14 4 1 2 3 4 8 2 3 4 15 5 16  12
8 2 13 4 1 6 9 4 10 6 9 4 1 2 12 4 5 6 14 4 8 6 7 4 10 2 12 4 11 6 9 4 5 2 3 4 15 11 16  12
8 6 7 4 11 6 9 4 1 6 7 4 10 2 3 4 1 2 12 4 10 6 9 4 5 6 9 4 11 2 3 4 5 2 3 4 15 8 16  12
10 2 12 4 10 6 9 4 5 2 18 4 5 6 7 4 11 6 9 4 11 2 12 4 1 6 14 4 8 6 7 4 1 2 13 4 15 8 16  6
10 6 17 4 5 2 3 4 8 2 3 4 5 6 9 4 8 6 9 4 1 2 13 4 1 6 7 4 11 6 17 4 10 2 18 4 15 11 16  6
5 6 7 4 8 6 14 4 1 6 7 4 8 2 3 4 10 2 18 4 1 2 18 4 10 6 7 4 11 6 7 4 11 2 18 4 15 5 16  6
10 6 7 4 1 6 9 4 5 2 12 4 1 2 3 4 10 2 18 4 8 6 17 4 11 6 7 4 8 2 13 4 5 6 14 4 15 11 16  6
11 6 17 4 1 2 13 4 10 2 13 4 8 2 18 4 1 6 17 4 8 6 9 4 11 2 13 4 5 6 9 4 10 6 17 4 15 5 16  6
5 2 13 4 10 2 13 4 1 2 3 4 10 6 9 4 11 6 7 4 5 6 9 4 11 2 12 4 1 6 14 4 8 6 9 4 15 8 16  2
10 6 17 4 8 2 12 4 5 2 3 4 11 2 13 4 8 6 14 4 1 6 14 4 11 6 9 4 5 6 7 4 10 2 18 4 15 1 16  12
11 2 3 4 11 6 9 4 10 2 3 4 1 2 13 4 8 2 18 4 8 6 17 4 1 6 14 4 5 6 9 4 10 6 9 4 15 5 16  4
11 2 12 4 10 2 13 4 10 6 9 4 5 6 9 4 11 6 14 4 8 2 13 4 8 6 9 4 1 2 18 4 1 6 17 4 15 5 16  2
11 2 3 4 10 2 12 4 1 6 17 4 5 2 3 4 11 6 9 4 5 6 9 4 10 6 14 4 8 6 17 4 8 2 13 4 15 1 16  2
10 6 9 4 1 2 18 4 5 2 12 4 5 6 14 4 8 6 17 4 10 2 18 4 8 2 13 4 11 6 9 4 1 6 9 4 15 11 16  6
10 2 13 4 5 2 18 4 8 6 9 4 11 2 3 4 1 6 7 4 11 6 9 4 5 6 7 4 10 6 17 4 8 2 3 4 15 1 16  6
1 2 18 4 5 2 3 4 1 6 14 4 8 6 9 4 10 2 12 4 11 6 7 4 11 2 13 4 5 6 17 4 10 6 9 4 15 8 16  12
10 2 18 4 8 6 9 4 1 2 12 4 11 6 9 4 5 6 17 4 8 2 13 4 1 6 7 4 5 2 18 4 10 6 17 4 15 11 16  2
5 2 12 4 10 6 14 4 11 2 12 4 10 2 12 4 1 6 17 4 11 6 14 4 8 2 13 4 5 6 14 4 8 6 17 4 15 1 16  2
11 2 3 4 11 6 9 4 1 6 14 4 1 2 18 4 8 6 7 4 10 6 14 4 5 6 9 4 8 2 13 4 10 2 18 4 15 5 16  4
5 6 9 4 8 6 9 4 11 2 3 4 1 6 7 4 10 2 12 4 5 2 18 4 10 6 17 4 8 2 18 4 11 6 7 4 15 1 16  4
11 6 7 4 10 6 9 4 5 6 9 4 8 2 12 4 11 2 13 4 5 2 3 4 1 6 7 4 1 2 13 4 8 6 14 4 15 10 16  4
11 2 12 4 5 6 14 4 10 2 12 4 10 6 7 4 8 2 13 4 8 6 17 4 11 6 7 4 5 2 18 4 1 6 17 4 15 1 16  2
10 6 9 4 8 2 12 4 11 6 17 4 1 2 13 4 11 2 3 4 5 2 18 4 1 6 14 4 8 6 7 4 5 6 9 4 15 10 16  6
1 2 13 4 11 6 9 4 5 6 9 4 10 2 3 4 11 2 12 4 5 2 12 4 8 6 9 4 10 6 7 4 1 6 14 4 15 8 16  12
5 2 12 4 8 6 14 4 11 6 17 4 1 2 18 4 10 2 3 4 5 6 7 4 1 6 17 4 8 2 3 4 10 6 14 4 15 11 16  6
1 2 3 4 5 2 18 4 5 6 14 4 8 2 13 4 8 6 9 4 10 6 7 4 10 2 12 4 1 6 17 4 11 6 9 4 15 11 16  2
1 6 9 4 8 2 13 4 11 6 17 4 10 6 7 4 11 2 3 4 5 2 18 4 5 6 7 4 8 6 14 4 1 2 12 4 15 10 16  6
1 6 17 4 5 2 13 4 8 2 12 4 5 6 14 4 11 2 3 4 10 2 13 4 10 6 14 4 11 6 9 4 8 6 17 4 15 1 16  12
1 6 17 4 1 2 12 4 11 6 7 4 5 6 7 4 8 6 14 4 10 6 14 4 5 2 13 4 8 2 3 4 11 2 13 4 15 10 16  4
8 6 14 4 10 6 17 4 10 2 3 4 1 6 14 4 5 6 17 4 8 2 13 4 5 2 3 4 11 2 12 4 11 6 9 4 15 1 16  2
8 6 9 4 11 6 17 4 11 2 13 4 8 2 18 4 10 2 13 4 5 6 14 4 10 6 17 4 5 2 3 4 1 6 17 4 15 1 16  2
5 6 7 4 1 2 18 4 11 2 3 4 10 2 3 4 11 6 9 4 10 6 9 4 1 6 14 4 5 2 13 4 8 6 7 4 15 8 16  2
1 6 17 4 8 6 7 4 1 2 13 4 11 6 7 4 5 6 7 4 11 2 18 4 10 6 17 4 10 2 13 4 5 2 18 4 15 8 16  6
10 2 18 4 8 6 9 4 5 6 7 4 8 2 13 4 11 6 17 4 1 2 12 4 10 6 17 4 11 2 18 4 1 6 7 4 15 5 16  12
11 6 14 4 11 2 12 4 5 2 13 4 10 6 7 4 5 6 7 4 8 6 14 4 1 6 14 4 8 2 12 4 10 2 13 4 15 1 16  12
10 2 3 4 5 6 17 4 8 2 13 4 10 6 7 4 1 6 7 4 11 2 12 4 11 6 9 4 8 6 14 4 5 2 18 4 15 1 16  4
10 6 17 4 11 2 3 4 8 2 18 4 8 6 9 4 1 2 13 4 11 6 14 4 10 2 13 4 5 6 9 4 1 6 17 4 15 5 16  6
8 6 9 4 11 2 13 4 5 6 17 4 1 2 18 4 10 2 3 4 11 6 17 4 8 2 18 4 10 6 7 4 1 6 9 4 15 5 16  2
1 6 17 4 8 2 18 4 5 2 12 4 8 6 9 4 5 6 14 4 11 6 17 4 10 6 17 4 1 2 13 4 10 2 13 4 15 11 16  2
5 6 9 4 10 6 14 4 11 2 3 4 11 6 14 4 8 6 9 4 1 6 17 4 5 2 12 4 10 2 3 4 1 2 13 4 15 8 16  12
5 2 3 4 1 2 13 4 8 6 17 4 5 6 17 4 10 2 13 4 11 6 17 4 1 6 9 4 10 6 9 4 8 2 3 4 15 11 16  4
10 2 13 4 8 2 3 4 11 6 14 4 1 6 7 4 11 2 3 4 10 6 9 4 5 6 14 4 8 6 14 4 1 2 12 4 15 5 16  4
1 2 13 4 5 6 17 4 11 6 7 4 8 2 12 4 11 2 18 4 1 6 17 4 10 6 14 4 10 2 3 4 8 6 9 4 15 5 16  2
10 2 13 4 5 6 7 4 11 6 7 4 8 2 12 4 5 2 3 4 11 2 3 4 10 6 17 4 8 6 14 4 1 6 14 4 15 1 16  12
10 6 17 4 10 2 12 4 11 6 14 4 1 2 12 4 8 6 17 4 5 6 14 4 11 2 13 4 5 2 13 4 1 6 17 4 15 8 16  12
5 2 18 4 10 6 14 4 1 2 3 4 1 6 7 4 11 2 13 4 11 6 9 4 8 2 3 4 5 6 14 4 8 6 7 4 15 10 16  6
5 2 3 4 5 6 17 4 11 6 17 4 8 6 7 4 1 6 17 4 10 2 18 4 11 2 3 4 10 6 7 4 8 2 18 4 15 1 16  4
5 2 18 4 5 6 14 4 10 6 17 4 1 6 17 4 11 6 7 4 11 2 12 4 10 2 13 4 8 6 7 4 8 2 12 4 15 1 16  2
11 6 7 4 8 6 17 4 11 2 18 4 1 6 7 4 5 2 3 4 10 2 13 4 5 6 9 4 1 2 18 4 10 6 17 4 15 8 16  2
8 2 13 4 8 6 7 4 11 6 9 4 10 2 3 4 1 6 14 4 1 2 3 4 11 2 18 4 5 6 14 4 10 6 14 4 15 5 16  4
5 6 9 4 5 2 18 4 11 6 7 4 8 6 7 4 1 2 3 4 10 6 14 4 10 2 13 4 8 2 3 4 1 6 7 4 15 11 16  4
1 2 13 4 10 6 14 4 1 6 9 4 5 6 14 4 5 2 3 4 11 6 9 4 11 2 13 4 10 2 3 4 8 6 9 4 15 8 16  2
10 6 7 4 11 6 9 4 10 2 18 4 11 2 3 4 5 6 7 4 8 2 12 4 1 6 7 4 8 6 17 4 1 2 18 4 15 5 16  6
10 6 7 4 1 2 18 4 5 6 17 4 11 2 3 4 8 6 17 4 11 6 17 4 8 2 3 4 10 2 18 4 1 6 7 4 15 5 16  4
10 2 3 4 8 6 17 4 1 6 9 4 11 6 7 4 5 6 9 4 5 2 3 4 8 2 18 4 10 6 9 4 11 2 12 4 15 1 16  4
10 2 12 4 5 2 18 4 8 2 13 4 5 6 7 4 11 2 3 4 8 6 17 4 1 6 9 4 11 6 9 4 10 6 14 4 15 1 16  4
1 2 3 4 1 6 14 4 11 6 14 4 10 2 13 4 8 2 12 4 5 2 18 4 8 6 9 4 10 6 7 4 5 6 17 4 15 11 16  4
10 2 3 4 8 6 14 4 8 2 12 4 1 2 12 4 5 6 17 4 10 6 17 4 1 6 14 4 11 6 17 4 5 2 3 4 15 11 16  4
5 2 13 4 8 6 9 4 11 6 14 4 11 2 18 4 10 2 12 4 1 6 14 4 8 2 12 4 10 6 9 4 5 6 7 4 15 1 16  6
11 2 13 4 11 6 9 4 8 2 18 4 8 6 7 4 1 2 13 4 1 6 9 4 5 2 3 4 5 6 14 4 10 6 9 4 15 10 16  2
1 2 12 4 10 2 18 4 5 2 13 4 5 6 14 4 8 6 14 4 1 6 9 4 11 6 17 4 10 6 17 4 8 2 13 4 15 11 16  6
5 2 12 4 10 6 7 4 11 2 3 4 1 6 7 4 11 6 7 4 8 6 17 4 8 2 13 4 5 6 14 4 1 2 3 4 15 10 16  4
11 2 3 4 1 2 18 4 5 6 7 4 11 6 17 4 10 2 13 4 1 6 14 4 8 6 17 4 5 2 12 4 10 6 9 4 15 8 16  4
10 6 7 4 10 2 13 4 1 2 13 4 8 2 12 4 1 6 7 4 5 6 17 4 8 6 17 4 11 2 18 4 11 6 9 4 15 5 16  12
5 2 18 4 10 2 18 4 5 6 9 4 1 6 7 4 8 6 7 4 8 2 3 4 10 6 9 4 11 2 18 4 11 6 9 4 15 1 16  4
8 2 13 4 11 2 12 4 8 6 14 4 5 6 17 4 1 6 17 4 10 2 13 4 1 2 12 4 10 6 14 4 11 6 17 4 15 5 16  12
8 6 9 4 8 2 18 4 5 6 9 4 10 2 12 4 1 2 13 4 5 2 18 4 10 6 14 4 1 6 17 4 11 6 17 4 15 11 16  2
8 2 3 4 1 6 17 4 5 2 12 4 8 6 9 4 5 6 7 4 11 6 9 4 10 6 7 4 1 2 13 4 10 2 12 4 15 11 16  4
8 2 12 4 11 6 17 4 5 6 17 4 8 6 17 4 10 6 17 4 1 6 17 4 10 2 12 4 11 2 12 4 1 2 12 4 15 5 16  12
11 6 14 4 5 6 17 4 10 2 12 4 8 6 14 4 8 2 13 4 10 6 17 4 5 2 12 4 1 2 12 4 1 6 17 4 15 11 16  2
8 2 12 4 1 2 13 4 1 6 7 4 5 6 14 4 10 6 7 4 5 2 18 4 8 6 9 4 10 2 13 4 11 6 14 4 15 11 16  6
5 2 18 4 1 2 3 4 8 2 13 4 5 6 9 4 1 6 14 4 10 6 17 4 10 2 12 4 8 6 7 4 11 6 7 4 15 11 16  2
1 2 3 4 11 6 14 4 8 2 13 4 8 6 17 4 5 2 3 4 11 2 12 4 10 6 14 4 5 6 9 4 1 6 9 4 15 10 16  12
8 2 18 4 11 6 9 4 5 6 9 4 5 2 18 4 1 6 9 4 1 2 18 4 8 6 9 4 11 2 18 4 10 6 9 4 15 10 16  6
11 2 18 4 5 6 17 4 1 6 9 4 10 6 9 4 10 2 12 4 5 2 18 4 11 6 17 4 8 6 17 4 1 2 12 4 15 8 16  6
10 6 7 4 5 2 13 4 10 2 18 4 11 2 3 4 11 6 14 4 5 6 9 4 1 2 3 4 1 6 14 4 8 6 14 4 15 8 16  4
10 6 7 4 1 6 7 4 11 6 9 4 5 6 17 4 11 2 13 4 8 2 12 4 5 2 12 4 8 6 17 4 1 2 18 4 15 10 16  6
8 6 9 4 11 2 18 4 5 6 14 4 10 2 13 4 5 2 18 4 10 6 7 4 8 2 12 4 1 6 14 4 11 6 14 4 15 1 16  6
5 2 18 4 1 6 14 4 11 6 14 4 1 2 13 4 8 6 17 4 8 2 12 4 11 2 13 4 10 6 14 4 5 6 9 4 15 10 16  2
1 2 3 4 5 6 7 4 8 6 9 4 1 6 7 4 11 6 7 4 10 2 12 4 8 2 12 4 10 6 9 4 11 2 3 4 15 5 16  4
1 2 12 4 8 2 18 4 5 2 12 4 1 6 14 4 5 6 14 4 11 2 13 4 10 6 14 4 11 6 9 4 8 6 7 4 15 10 16  12
1 6 7 4 10 6 9 4 5 6 17 4 1 2 12 4 11 2 13 4 5 2 3 4 8 6 17 4 10 2 13 4 11 6 9 4 15 8 16  4
11 6 17 4 8 6 14 4 5 2 13 4 1 2 3 4 1 6 9 4 10 6 17 4 5 6 7 4 8 2 18 4 10 2 12 4 15 11 16  12
8 6 14 4 10 6 7 4 8 2 18 4 5 6 9 4 5 2 13 4 10 2 12 4 11 6 7 4 1 2 3 4 1 6 17 4 15 11 16  12
1 6 7 4 1 2 13 4 8 6 17 4 10 2 13 4 11 2 13 4 11 6 7 4 5 6 7 4 10 6 7 4 8 2 18 4 15 5 16  2
10 2 12 4 8 2 18 4 11 2 3 4 8 6 17 4 1 6 7 4 5 6 17 4 5 2 18 4 10 6 7 4 11 6 9 4 15 1 16  12
11 2 18 4 1 2 18 4 11 6 17 4 8 2 18 4 10 6 9 4 1 6 17 4 5 6 9 4 10 2 12 4 8 6 17 4 15 5 16  12
1 6 14 4 5 2 18 4 10 2 3 4 5 6 17 4 10 6 14 4 8 6 17 4 8 2 18 4 11 6 9 4 11 2 12 4 15 1 16  4
8 2 13 4 11 6 14 4 5 2 12 4 8 6 14 4 10 6 14 4 5 6 9 4 11 2 13 4 1 6 9 4 10 2 13 4 15 1 16  12
8 6 7 4 10 6 7 4 8 2 13 4 10 2 13 4 5 2 12 4 1 6 17 4 11 6 17 4 5 6 17 4 1 2 12 4 15 11 16  12
5 6 14 4 8 2 12 4 1 6 17 4 1 2 12 4 10 6 7 4 8 6 17 4 5 2 13 4 11 6 17 4 10 2 18 4 15 11 16  12
1 2 12 4 10 6 9 4 10 2 12 4 8 6 7 4 11 6 7 4 8 2 18 4 1 6 9 4 5 6 7 4 11 2 18 4 15 5 16  6
11 2 3 4 8 6 7 4 11 6 14 4 1 6 7 4 10 6 14 4 8 2 13 4 10 2 3 4 5 6 9 4 5 2 12 4 15 1 16  2
11 2 18 4 8 2 3 4 5 6 14 4 8 6 7 4 1 6 17 4 10 2 3 4 11 6 17 4 5 2 13 4 10 6 7 4 15 1 16  6
10 6 17 4 8 6 14 4 5 2 13 4 8 2 3 4 5 6 17 4 11 2 18 4 11 6 9 4 1 6 14 4 1 2 3 4 15 10 16  2
8 6 7 4 1 2 18 4 10 6 7 4 5 2 12 4 11 6 14 4 1 6 14 4 11 2 18 4 10 2 12 4 5 6 7 4 15 8 16  12
1 6 7 4 10 2 13 4 1 2 13 4 10 6 7 4 5 2 13 4 11 6 9 4 11 2 12 4 5 6 7 4 8 6 9 4 15 8 16  12
8 2 12 4 8 6 7 4 5 6 17 4 10 6 7 4 5 2 13 4 11 6 14 4 11 2 18 4 1 2 13 4 1 6 17 4 15 10 16  12
1 6 17 4 11 2 13 4 5 6 9 4 1 2 12 4 8 6 14 4 8 2 18 4 11 6 9 4 5 2 13 4 10 6 17 4 15 10 16  12
11 2 12 4 11 6 14 4 1 2 18 4 1 6 7 4 8 6 9 4 5 6 9 4 10 6 17 4 5 2 3 4 10 2 13 4 15 8 16  4
8 2 13 4 11 6 14 4 5 6 9 4 8 6 9 4 11 2 12 4 10 6 9 4 1 6 9 4 1 2 13 4 10 2 13 4 15 5 16  2
10 6 14 4 5 6 17 4 5 2 13 4 1 2 13 4 10 2 18 4 11 6 14 4 8 6 9 4 8 2 12 4 1 6 17 4 15 11 16  6
8 2 3 4 8 6 14 4 11 2 18 4 1 6 9 4 5 6 14 4 10 6 17 4 1 2 18 4 10 2 13 4 11 6 9 4 15 5 16  4
1 6 17 4 5 6 7 4 11 6 7 4 1 2 12 4 11 2 18 4 10 6 17 4 8 6 9 4 10 2 12 4 8 2 3 4 15 5 16  6
10 2 13 4 11 6 9 4 8 2 12 4 11 2 12 4 1 2 12 4 10 6 17 4 5 6 17 4 8 6 9 4 1 6 9 4 15 5 16  2
1 2 12 4 11 6 9 4 1 6 9 4 8 2 13 4 11 2 12 4 5 2 3 4 10 6 17 4 8 6 17 4 5 6 7 4 15 10 16  2
11 6 7 4 5 2 18 4 1 2 13 4 10 6 14 4 10 2 18 4 8 6 17 4 8 2 3 4 1 6 7 4 5 6 14 4 15 11 16  2
11 2 18 4 8 6 9 4 10 2 3 4 8 2 12 4 11 6 14 4 10 6 17 4 1 2 12 4 5 6 9 4 1 6 9 4 15 5 16  12
10 2 13 4 1 6 14 4 5 6 17 4 5 2 13 4 8 2 13 4 11 2 12 4 10 6 17 4 8 6 17 4 11 6 14 4 15 1 16  12
1 2 13 4 11 2 12 4 8 6 7 4 1 6 17 4 10 6 17 4 5 2 13 4 5 6 17 4 8 2 18 4 11 6 14 4 15 10 16  2
10 6 14 4 8 6 14 4 5 6 17 4 1 6 7 4 5 2 3 4 1 2 18 4 10 2 13 4 11 2 18 4 11 6 7 4 15 8 16  2
1 2 3 4 8 2 12 4 10 6 9 4 11 2 12 4 1 6 14 4 5 2 12 4 5 6 9 4 11 6 9 4 8 6 9 4 15 10 16  12
8 2 18 4 5 2 3 4 10 2 13 4 10 6 7 4 5 6 17 4 1 6 17 4 1 2 3 4 8 6 9 4 11 6 7 4 15 11 16  2
11 2 12 4 8 2 12 4 1 6 7 4 11 6 7 4 1 2 12 4 10 6 7 4 8 6 7 4 5 6 9 4 5 2 18 4 15 10 16  12
5 2 12 4 1 6 14 4 1 2 13 4 5 6 7 4 10 6 9 4 8 2 18 4 11 2 3 4 11 6 17 4 8 6 9 4 15 10 16  6
11 2 13 4 1 6 9 4 10 6 9 4 10 2 13 4 11 6 9 4 5 6 17 4 8 6 17 4 1 2 13 4 5 2 12 4 15 8 16  12
11 2 13 4 5 6 14 4 10 2 13 4 8 2 12 4 10 6 17 4 1 6 14 4 8 6 14 4 11 6 17 4 1 2 12 4 15 5 16  12
10 2 12 4 1 6 17 4 11 6 17 4 8 6 17 4 5 6 7 4 11 2 3 4 5 2 12 4 8 2 3 4 10 6 7 4 15 1 16  4
10 6 17 4 11 2 12 4 5 6 17 4 5 2 12 4 1 2 18 4 8 6 14 4 8 2 13 4 11 6 17 4 1 6 7 4 15 10 16  12
5 2 13 4 1 2 3 4 11 2 18 4 1 6 9 4 10 6 7 4 8 6 7 4 5 6 14 4 11 6 7 4 10 2 18 4 15 8 16  6
11 2 13 4 1 6 9 4 8 2 3 4 5 6 17 4 5 2 13 4 10 6 17 4 1 2 3 4 11 6 17 4 8 6 9 4 15 10 16  2
11 2 18 4 5 2 13 4 5 6 14 4 10 2 3 4 1 6 14 4 10 6 17 4 8 6 9 4 8 2 18 4 11 6 9 4 15 1 16  2
5 6 7 4 8 6 17 4 10 6 14 4 8 2 3 4 1 6 14 4 11 2 3 4 11 6 17 4 5 2 12 4 1 2 18 4 15 10 16  6
10 2 13 4 11 2 3 4 11 6 7 4 8 6 17 4 10 6 17 4 1 2 12 4 5 2 13 4 5 6 17 4 1 6 14 4 15 8 16  2
1 2 3 4 10 6 7 4 8 6 7 4 11 6 7 4 1 6 14 4 11 2 12 4 5 2 13 4 5 6 9 4 8 2 12 4 15 10 16  12
5 6 14 4 10 2 18 4 11 6 14 4 8 2 18 4 11 2 18 4 1 6 9 4 8 6 14 4 1 2 3 4 10 6 14 4 15 5 16  6
5 2 13 4 10 6 7 4 1 2 12 4 5 6 9 4 1 6 14 4 8 6 17 4 11 6 7 4 11 2 3 4 8 2 18 4 15 10 16  4
8 2 13 4 1 6 17 4 8 6 17 4 11 6 17 4 10 6 7 4 11 2 13 4 5 6 7 4 1 2 13 4 5 2 12 4 15 10 16  12
1 6 14 4 8 2 12 4 10 6 14 4 1 2 12 4 8 6 14 4 5 2 3 4 11 6 7 4 11 2 18 4 5 6 17 4 15 10 16  12
10 6 14 4 11 6 7 4 8 6 7 4 1 6 17 4 5 6 7 4 10 2 13 4 5 2 3 4 1 2 12 4 11 2 3 4 15 8 16  4
5 6 17 4 1 6 14 4 10 6 14 4 8 2 12 4 11 6 14 4 5 2 12 4 11 2 3 4 10 2 3 4 8 6 17 4 15 1 16  4
5 6 7 4 10 2 3 4 8 6 17 4 1 2 12 4 5 2 3 4 11 6 9 4 1 6 17 4 11 2 13 4 10 6 7 4 15 8 16  12
5 2 12 4 8 2 3 4 1 6 14 4 10 6 14 4 8 6 14 4 10 2 3 4 1 2 3 4 11 6 7 4 5 6 7 4 15 11 16  12
10 6 9 4 5 2 12 4 11 6 7 4 10 2 13 4 5 6 17 4 8 6 7 4 1 6 7 4 8 2 18 4 1 2 18 4 15 11 16  6
8 2 18 4 1 6 14 4 5 2 13 4 10 6 9 4 11 6 14 4 8 6 7 4 5 6 9 4 11 2 3 4 1 2 3 4 15 10 16  2
10 2 18 4 5 6 17 4 8 6 9 4 11 6 14 4 1 2 3 4 10 6 17 4 1 6 9 4 11 2 12 4 5 2 18 4 15 8 16  4
11 6 14 4 8 2 13 4 8 6 7 4 10 6 9 4 5 2 3 4 10 2 3 4 5 6 9 4 11 2 18 4 1 6 7 4 15 1 16  2
11 6 17 4 8 6 14 4 10 2 13 4 1 6 7 4 10 6 17 4 1 2 18 4 11 2 13 4 8 2 12 4 5 6 14 4 15 5 16  12
8 2 12 4 1 6 9 4 5 6 17 4 8 6 14 4 10 2 18 4 1 2 18 4 11 6 14 4 5 2 3 4 10 6 9 4 15 11 16  12
1 6 14 4 11 2 3 4 10 2 18 4 5 6 14 4 11 6 17 4 8 2 18 4 8 6 9 4 5 2 12 4 10 6 9 4 15 1 16  12
11 6 14 4 5 2 3 4 8 6 7 4 8 2 18 4 10 2 13 4 10 6 17 4 1 6 14 4 5 6 9 4 11 2 12 4 15 1 16  12
8 6 9 4 10 2 13 4 11 6 14 4 1 6 14 4 8 2 13 4 10 6 9 4 11 2 3 4 5 6 14 4 5 2 3 4 15 1 16  4
11 6 9 4 1 2 18 4 5 2 12 4 11 2 3 4 8 2 3 4 1 6 7 4 10 6 7 4 5 6 17 4 8 6 9 4 15 10 16  6
10 6 14 4 10 2 3 4 11 6 9 4 1 2 12 4 5 2 18 4 5 6 9 4 8 6 17 4 8 2 12 4 1 6 17 4 15 11 16  6
11 2 13 4 5 6 9 4 8 6 17 4 1 6 9 4 10 2 18 4 11 6 17 4 1 2 3 4 10 6 7 4 8 2 13 4 15 5 16  4
1 6 17 4 11 6 14 4 5 2 3 4 1 2 3 4 10 2 3 4 8 6 17 4 10 6 17 4 5 6 17 4 11 2 18 4 15 8 16  4
10 2 13 4 8 2 18 4 8 6 9 4 1 6 17 4 11 6 14 4 1 2 13 4 10 6 17 4 11 2 3 4 5 6 17 4 15 5 16  2
10 2 13 4 11 6 17 4 1 6 17 4 5 2 18 4 8 6 9 4 8 2 13 4 1 2 12 4 5 6 7 4 10 6 9 4 15 11 16  12
10 6 7 4 11 2 12 4 11 6 7 4 1 2 3 4 5 2 3 4 10 2 12 4 1 6 14 4 5 6 14 4 8 6 7 4 15 8 16  12
10 2 12 4 11 2 3 4 5 6 17 4 8 6 17 4 1 2 12 4 11 6 7 4 1 6 9 4 10 6 9 4 8 2 13 4 15 5 16  2
1 6 17 4 8 2 13 4 5 6 9 4 10 2 13 4 10 6 14 4 11 6 9 4 8 6 14 4 1 2 3 4 5 2 12 4 15 11 16  12
11 6 9 4 10 6 14 4 10 2 18 4 5 6 17 4 1 6 17 4 8 6 14 4 8 2 18 4 11 2 3 4 1 2 12 4 15 5 16  12
5 6 7 4 10 6 9 4 1 6 14 4 5 2 12 4 8 6 7 4 11 6 9 4 1 2 13 4 11 2 3 4 8 2 12 4 15 10 16  4
11 6 9 4 11 2 18 4 8 6 14 4 8 2 12 4 1 6 9 4 5 6 9 4 10 6 14 4 1 2 18 4 10 2 12 4 15 5 16  6
5 6 9 4 5 2 18 4 10 6 9 4 8 2 13 4 1 6 7 4 1 2 13 4 8 6 7 4 11 2 3 4 11 6 14 4 15 10 16  6
11 2 13 4 5 6 17 4 8 6 14 4 8 2 13 4 11 6 14 4 10 6 17 4 1 2 13 4 10 2 12 4 1 6 14 4 15 5 16  12
10 2 12 4 1 6 17 4 5 6 17 4 5 2 18 4 11 6 7 4 8 6 9 4 10 6 9 4 1 2 18 4 11 2 3 4 15 8 16  12
5 6 14 4 11 2 12 4 11 6 9 4 1 2 12 4 10 2 3 4 5 2 3 4 8 6 9 4 1 6 9 4 10 6 14 4 15 8 16  12
11 6 7 4 1 2 12 4 5 2 12 4 8 2 12 4 1 6 14 4 5 6 14 4 10 6 7 4 8 6 14 4 10 2 13 4 15 11 16  2
11 2 13 4 8 2 3 4 8 6 17 4 11 6 7 4 1 2 13 4 10 6 17 4 5 6 14 4 1 6 7 4 5 2 18 4 15 10 16  4
11 6 17 4 1 6 14 4 10 2 18 4 5 6 17 4 8 2 3 4 8 6 14 4 11 2 12 4 10 6 9 4 1 2 3 4 15 5 16  12
11 6 14 4 10 2 12 4 1 2 18 4 1 6 7 4 8 2 18 4 5 6 9 4 8 6 7 4 10 6 9 4 11 2 13 4 15 5 16  12
11 2 13 4 8 6 7 4 5 2 13 4 10 6 17 4 5 6 14 4 11 6 14 4 1 6 17 4 8 2 18 4 10 2 12 4 15 1 16  12
11 2 12 4 5 6 17 4 1 2 12 4 1 6 9 4 10 6 9 4 11 6 9 4 8 6 9 4 5 2 13 4 10 2 12 4 15 8 16  12
5 2 12 4 5 6 9 4 1 6 17 4 8 6 7 4 10 6 17 4 11 2 13 4 10 2 3 4 8 2 18 4 11 6 14 4 15 1 16  4
5 6 9 4 8 6 7 4 5 2 12 4 11 6 9 4 1 2 13 4 1 6 14 4 10 6 14 4 11 2 12 4 8 2 18 4 15 10 16  2
11 6 14 4 1 6 7 4 5 2 13 4 10 2 3 4 1 2 13 4 10 6 17 4 8 6 14 4 5 6 7 4 8 2 18 4 15 11 16  6
11 2 12 4 5 2 18 4 5 6 7 4 1 2 3 4 1 6 17 4 11 6 9 4 10 6 9 4 10 2 12 4 8 6 7 4 15 8 16  6
10 6 9 4 5 6 7 4 11 6 14 4 8 6 9 4 5 2 18 4 11 2 3 4 10 2 13 4 1 6 14 4 8 2 13 4 15 1 16  4
11 6 17 4 11 2 12 4 1 2 18 4 1 6 7 4 5 2 13 4 10 6 17 4 8 6 14 4 5 6 14 4 10 2 12 4 15 8 16  2
11 2 3 4 1 6 14 4 10 6 17 4 5 6 14 4 5 2 13 4 8 6 14 4 8 2 13 4 1 2 13 4 11 6 17 4 15 10 16  4
11 6 14 4 5 2 18 4 1 2 13 4 5 6 14 4 10 6 9 4 8 6 7 4 10 2 12 4 8 2 13 4 1 6 7 4 15 11 16  6
10 2 13 4 5 2 12 4 10 6 7 4 5 6 9 4 8 6 17 4 11 6 9 4 8 2 18 4 11 2 12 4 1 6 17 4 15 1 16  6
5 6 14 4 8 6 14 4 11 2 18 4 1 6 14 4 5 2 12 4 8 2 12 4 11 6 7 4 10 6 7 4 10 2 18 4 15 1 16  12
1 6 9 4 11 2 12 4 5 6 14 4 8 6 14 4 11 6 9 4 8 2 13 4 10 2 18 4 1 2 12 4 10 6 7 4 15 5 16  2
5 6 17 4 10 2 3 4 8 2 13 4 8 6 17 4 11 6 7 4 10 6 7 4 1 6 14 4 5 2 13 4 1 2 12 4 15 11 16  4
11 6 14 4 10 6 7 4 5 2 18 4 1 6 7 4 10 2 12 4 8 6 14 4 8 2 18 4 1 2 12 4 5 6 14 4 15 11 16  6
10 2 3 4 10 6 14 4 5 2 3 4 11 6 7 4 8 6 17 4 1 6 7 4 11 2 13 4 8 2 12 4 5 6 14 4 15 1 16  2
1 6 7 4 8 6 7 4 8 2 18 4 10 6 17 4 11 6 7 4 10 2 13 4 5 2 3 4 5 6 9 4 11 2 18 4 15 1 16  6
10 6 9 4 8 2 13 4 1 6 14 4 5 2 18 4 1 2 12 4 11 6 9 4 5 6 9 4 11 2 18 4 8 6 17 4 15 10 16  6
1 6 14 4 11 6 14 4 5 2 13 4 10 2 3 4 8 6 7 4 8 2 18 4 10 6 14 4 5 6 9 4 1 2 3 4 15 11 16  4
11 6 9 4 10 2 3 4 11 2 13 4 5 2 12 4 1 2 18 4 5 6 7 4 10 6 17 4 8 6 7 4 1 6 14 4 15 8 16  12
8 6 9 4 11 2 3 4 5 2 12 4 10 2 3 4 11 6 9 4 5 6 14 4 1 6 14 4 8 2 3 4 10 6 9 4 15 1 16  12
11 2 12 4 10 6 17 4 8 6 9 4 5 6 17 4 8 2 13 4 11 6 17 4 10 2 12 4 1 6 9 4 5 2 12 4 15 1 16  2
10 6 14 4 1 6 9 4 1 2 12 4 5 6 9 4 8 6 9 4 10 2 18 4 11 6 9 4 5 2 12 4 11 2 12 4 15 8 16  12
5 2 3 4 11 6 7 4 10 6 7 4 10 2 3 4 8 2 3 4 5 6 7 4 1 6 17 4 8 6 7 4 1 2 18 4 15 11 16  4
1 6 9 4 8 6 9 4 11 2 12 4 11 6 14 4 1 2 13 4 5 6 14 4 10 2 13 4 10 6 9 4 5 2 12 4 15 8 16  2
8 6 17 4 5 6 17 4 5 2 13 4 10 2 12 4 11 6 9 4 1 6 9 4 1 2 12 4 8 2 13 4 10 6 9 4 15 11 16  12
1 2 3 4 11 6 9 4 10 6 7 4 5 2 13 4 8 2 12 4 1 6 9 4 5 6 17 4 8 6 14 4 10 2 18 4 15 11 16  4
8 6 14 4 1 6 14 4 11 6 17 4 11 2 18 4 10 2 3 4 8 2 12 4 10 6 9 4 5 2 3 4 5 6 9 4 15 1 16  12
11 2 13 4 8 2 18 4 5 6 9 4 10 6 17 4 10 2 3 4 5 2 12 4 8 6 14 4 1 6 14 4 11 6 7 4 15 1 16  6
8 6 14 4 11 6 17 4 1 6 7 4 8 2 3 4 10 2 18 4 5 6 7 4 10 6 9 4 1 2 12 4 11 2 13 4 15 5 16  12
10 6 17 4 5 2 13 4 11 2 13 4 5 6 14 4 8 6 17 4 1 6 17 4 1 2 18 4 11 6 14 4 8 2 18 4 15 10 16  6
10 6 9 4 11 6 7 4 5 2 12 4 5 6 9 4 1 2 18 4 8 2 3 4 10 2 12 4 1 6 7 4 8 6 17 4 15 11 16  6
1 6 7 4 5 6 7 4 11 2 3 4 8 6 17 4 5 2 13 4 8 2 18 4 10 6 17 4 11 6 9 4 1 2 13 4 15 10 16  6
10 6 7 4 10 2 13 4 11 6 9 4 1 6 17 4 11 2 12 4 8 6 9 4 5 6 7 4 1 2 18 4 5 2 13 4 15 8 16  12
11 6 9 4 5 2 12 4 11 2 13 4 5 6 7 4 8 6 9 4 10 2 12 4 1 2 3 4 10 6 7 4 1 6 17 4 15 8 16  2
8 6 9 4 5 6 17 4 11 6 9 4 5 2 13 4 10 6 17 4 1 6 17 4 10 2 13 4 1 2 13 4 11 2 18 4 15 8 16  6
5 2 13 4 1 6 7 4 5 6 14 4 11 2 3 4 10 2 3 4 1 2 3 4 11 6 7 4 10 6 7 4 8 6 7 4 15 8 16  4
10 2 3 4 5 2 12 4 1 6 9 4 8 6 14 4 5 6 14 4 11 2 12 4 1 2 18 4 11 6 14 4 10 6 7 4 15 8 16  12
5 2 18 4 8 2 12 4 5 6 9 4 8 6 14 4 1 6 9 4 11 6 7 4 1 2 18 4 10 6 7 4 11 2 13 4 15 10 16  2
8 6 14 4 8 2 12 4 1 2 13 4 11 2 3 4 10 6 14 4 5 6 14 4 1 6 9 4 10 2 12 4 11 6 17 4 15 5 16  12
1 6 17 4 5 6 9 4 10 6 17 4 10 2 3 4 8 2 12 4 1 2 3 4 8 6 7 4 5 2 18 4 11 6 7 4 15 11 16  12
8 2 3 4 8 6 7 4 11 2 3 4 1 6 9 4 11 6 7 4 1 2 13 4 5 6 14 4 10 2 12 4 10 6 14 4 15 5 16  12
1 6 17 4 8 2 13 4 5 2 18 4 11 2 3 4 5 6 9 4 8 6 17 4 11 6 14 4 10 6 9 4 10 2 18 4 15 1 16  2
10 6 9 4 1 2 13 4 10 2 3 4 8 6 14 4 5 6 17 4 8 2 13 4 11 6 9 4 1 6 14 4 5 2 18 4 15 11 16  4
5 6 14 4 11 6 14 4 8 2 12 4 5 2 13 4 10 2 3 4 8 6 17 4 10 6 7 4 1 6 9 4 1 2 18 4 15 11 16  2
11 2 3 4 1 6 9 4 1 2 12 4 10 6 14 4 5 6 7 4 8 6 9 4 11 6 14 4 5 2 13 4 10 2 3 4 15 8 16  12
5 2 12 4 8 2 12 4 10 6 14 4 11 2 13 4 1 6 17 4 8 6 17 4 10 2 3 4 5 6 17 4 11 6 9 4 15 1 16  12
5 6 17 4 8 2 3 4 8 6 17 4 10 6 17 4 1 6 9 4 5 2 3 4 11 2 18 4 1 2 18 4 11 6 9 4 15 10 16  4
1 6 14 4 11 2 12 4 10 2 18 4 5 6 9 4 5 2 3 4 1 2 13 4 11 6 17 4 10 6 7 4 8 6 14 4 15 8 16  2
5 2 18 4 10 2 18 4 11 2 12 4 11 6 7 4 8 6 7 4 1 2 18 4 1 6 17 4 5 6 17 4 10 6 17 4 15 8 16  12
8 2 3 4 8 6 7 4 1 2 18 4 5 6 9 4 1 6 17 4 10 2 13 4 11 6 9 4 5 2 12 4 10 6 14 4 15 11 16  12
10 2 3 4 1 6 17 4 8 2 12 4 5 6 17 4 8 6 9 4 5 2 18 4 10 6 7 4 11 6 7 4 1 2 18 4 15 11 16  4
1 2 3 4 1 6 7 4 5 6 17 4 10 6 17 4 5 2 13 4 11 6 7 4 8 2 13 4 8 6 17 4 11 2 3 4 15 10 16  2
10 6 14 4 11 6 17 4 8 6 14 4 8 2 13 4 1 2 18 4 1 6 17 4 10 2 13 4 5 6 14 4 11 2 18 4 15 5 16  2
10 6 14 4 11 2 18 4 5 2 13 4 8 6 14 4 5 6 9 4 1 2 3 4 11 6 7 4 10 2 12 4 1 6 17 4 15 8 16  12
8 6 17 4 11 6 14 4 1 6 17 4 10 2 12 4 10 6 17 4 5 2 18 4 1 2 12 4 5 6 14 4 11 2 18 4 15 8 16  12
10 6 17 4 8 2 18 4 8 6 17 4 1 2 12 4 5 6 17 4 11 6 17 4 11 2 18 4 1 6 9 4 10 2 18 4 15 5 16  6
11 6 14 4 10 2 13 4 5 6 17 4 5 2 3 4 8 6 9 4 11 2 13 4 1 2 18 4 1 6 9 4 10 6 14 4 15 8 16  6
5 6 9 4 5 2 13 4 11 6 7 4 1 2 3 4 8 2 12 4 11 2 18 4 8 6 17 4 10 6 17 4 1 6 14 4 15 10 16  12
1 2 18 4 1 6 14 4 11 6 7 4 10 6 17 4 11 2 12 4 8 6 17 4 10 2 13 4 5 6 9 4 5 2 3 4 15 8 16  2
8 6 7 4 1 6 14 4 1 2 12 4 11 6 7 4 5 6 14 4 10 2 3 4 5 2 12 4 10 6 7 4 11 2 3 4 15 8 16  4
5 6 9 4 5 2 3 4 10 2 12 4 8 2 12 4 1 6 7 4 8 6 7 4 1 2 12 4 11 6 7 4 10 6 7 4 15 11 16  12
11 2 18 4 11 6 7 4 10 2 12 4 5 2 12 4 1 2 13 4 5 6 17 4 1 6 9 4 10 6 17 4 8 6 9 4 15 8 16  2
11 2 3 4 1 6 7 4 8 6 7 4 11 6 9 4 5 6 7 4 10 6 14 4 1 2 12 4 10 2 13 4 5 2 12 4 15 8 16  12
11 2 3 4 10 6 17 4 5 2 3 4 8 6 14 4 1 6 9 4 5 6 17 4 8 2 18 4 1 2 12 4 11 6 17 4 15 10 16  4
10 2 12 4 8 6 17 4 5 6 9 4 8 2 12 4 10 6 17 4 1 2 13 4 11 2 18 4 1 6 14 4 11 6 9 4 15 5 16  6
8 6 17 4 1 2 3 4 10 6 14 4 11 2 12 4 5 6 17 4 8 2 12 4 10 2 13 4 11 6 17 4 1 6 9 4 15 5 16  12
8 2 13 4 11 6 14 4 5 6 9 4 10 6 9 4 11 2 3 4 5 2 13 4 1 2 13 4 8 6 9 4 1 6 9 4 15 10 16  2
1 6 9 4 11 6 9 4 5 2 3 4 10 6 9 4 11 2 3 4 5 6 9 4 10 2 3 4 8 2 13 4 8 6 7 4 15 1 16  4
11 6 7 4 10 2 3 4 10 6 9 4 5 6 7 4 11 2 18 4 1 2 3 4 8 6 9 4 5 2 18 4 1 6 9 4 15 8 16  4
11 2 3 4 8 2 12 4 5 6 17 4 10 2 3 4 1 6 7 4 10 6 9 4 8 6 17 4 1 2 13 4 11 6 9 4 15 5 16  12
8 2 18 4 1 6 17 4 11 2 3 4 1 2 13 4 11 6 7 4 10 2 13 4 10 6 17 4 8 6 9 4 5 6 7 4 15 5 16  4
8 2 3 4 8 6 9 4 10 2 13 4 11 6 9 4 5 2 13 4 1 2 18 4 10 6 17 4 1 6 7 4 5 6 17 4 15 11 16  4
1 6 7 4 5 6 7 4 1 2 13 4 11 6 9 4 10 6 7 4 5 2 13 4 8 6 9 4 11 2 3 4 10 2 13 4 15 8 16  4
1 2 18 4 5 2 13 4 11 6 14 4 11 2 12 4 10 6 17 4 10 2 18 4 5 6 7 4 8 6 17 4 1 6 17 4 15 8 16  6
1 2 3 4 8 6 7 4 11 6 17 4 1 6 14 4 8 2 18 4 5 2 3 4 10 6 17 4 10 2 13 4 5 6 14 4 15 11 16  2
10 2 3 4 8 6 14 4 5 6 17 4 11 2 3 4 8 2 18 4 10 6 17 4 1 6 14 4 1 2 18 4 11 6 17 4 15 5 16  4
8 2 3 4 10 6 7 4 5 6 7 4 1 6 14 4 11 2 18 4 11 6 14 4 8 6 17 4 10 2 13 4 5 2 13 4 15 1 16  6
8 6 14 4 8 2 3 4 1 2 13 4 5 6 9 4 10 2 12 4 11 6 17 4 11 2 18 4 1 6 9 4 10 6 7 4 15 5 16  2
10 6 17 4 5 6 9 4 1 6 17 4 5 2 13 4 10 2 3 4 11 6 17 4 8 6 17 4 1 2 3 4 8 2 3 4 15 11 16  4
8 2 12 4 10 6 14 4 5 6 7 4 1 2 3 4 10 2 3 4 11 6 7 4 11 2 13 4 1 6 14 4 8 6 9 4 15 5 16  2
1 6 7 4 1 2 12 4 5 2 12 4 11 2 3 4 11 6 14 4 8 2 12 4 8 6 7 4 5 6 7 4 10 6 7 4 15 10 16  12
5 6 14 4 5 2 3 4 1 2 18 4 11 2 3 4 1 6 17 4 11 6 14 4 8 6 7 4 8 2 12 4 10 6 7 4 15 10 16  12
11 2 3 4 11 6 7 4 10 2 3 4 5 2 18 4 5 6 9 4 10 6 7 4 1 2 3 4 1 6 7 4 8 6 9 4 15 8 16  6
8 2 18 4 11 6 14 4 5 6 9 4 10 2 13 4 11 2 12 4 1 6 17 4 10 6 17 4 5 2 18 4 8 6 9 4 15 1 16  2
10 2 18 4 8 6 9 4 11 6 9 4 8 2 13 4 11 2 13 4 10 6 7 4 1 2 13 4 1 6 9 4 5 6 9 4 15 5 16  2
8 2 13 4 8 6 14 4 11 6 17 4 10 2 18 4 10 6 7 4 1 6 7 4 5 6 17 4 1 2 18 4 5 2 3 4 15 11 16  4
1 6 14 4 10 6 7 4 5 2 18 4 5 6 9 4 11 6 9 4 8 6 14 4 8 2 13 4 10 2 3 4 11 2 18 4 15 1 16  2
11 6 17 4 1 6 17 4 5 2 13 4 10 6 14 4 1 2 13 4 8 6 14 4 5 6 17 4 11 2 13 4 10 2 12 4 15 8 16  12
8 6 9 4 5 2 13 4 11 2 13 4 1 6 9 4 10 6 9 4 5 6 9 4 8 2 13 4 10 2 13 4 11 6 9 4 15 1 16  2
5 6 7 4 8 2 3 4 8 6 17 4 1 2 13 4 11 6 9 4 5 2 12 4 11 2 13 4 1 6 9 4 10 6 9 4 15 10 16  2
5 6 9 4 1 6 9 4 10 2 3 4 11 2 18 4 1 2 18 4 8 2 12 4 10 6 14 4 11 6 9 4 8 6 17 4 15 5 16  6
8 2 18 4 11 6 7 4 1 6 7 4 8 6 14 4 10 6 14 4 5 6 17 4 11 2 3 4 5 2 13 4 1 2 3 4 15 10 16  6
11 6 17 4 8 6 14 4 5 6 17 4 1 2 12 4 5 2 18 4 8 2 13 4 1 6 7 4 10 2 18 4 10 6 17 4 15 11 16  6
10 6 7 4 11 2 18 4 5 2 18 4 5 6 17 4 11 6 17 4 1 6 17 4 10 2 13 4 1 2 18 4 8 6 7 4 15 8 16  2
5 6 14 4 10 2 3 4 11 6 14 4 11 2 18 4 8 2 18 4 8 6 14 4 1 6 17 4 5 2 18 4 10 6 17 4 15 1 16  4
1 2 12 4 8 6 17 4 11 6 14 4 8 2 18 4 11 2 3 4 10 6 17 4 1 6 7 4 5 6 14 4 10 2 18 4 15 5 16  4
1 6 14 4 5 6 9 4 1 2 13 4 10 6 14 4 11 2 18 4 11 6 7 4 8 6 7 4 5 2 12 4 8 2 18 4 15 10 16  2
8 2 3 4 11 2 13 4 1 6 9 4 10 2 13 4 8 6 9 4 1 2 3 4 10 6 14 4 5 6 14 4 11 6 14 4 15 5 16  2
8 6 7 4 1 2 18 4 8 2 13 4 10 6 9 4 1 6 17 4 11 6 17 4 5 2 12 4 5 6 14 4 10 2 3 4 15 11 16  6
5 6 17 4 1 6 9 4 10 6 9 4 10 2 13 4 8 6 14 4 1 2 13 4 11 2 18 4 11 6 14 4 5 2 12 4 15 8 16  6
10 6 9 4 1 2 12 4 5 6 14 4 11 2 12 4 11 6 9 4 5 2 3 4 8 2 13 4 1 6 9 4 8 6 7 4 15 10 16  12
8 2 18 4 10 6 14 4 8 6 9 4 1 2 18 4 11 2 18 4 5 2 13 4 5 6 14 4 11 6 9 4 1 6 9 4 15 10 16  2
1 2 12 4 1 6 17 4 5 6 9 4 8 6 14 4 11 6 14 4 10 6 9 4 11 2 13 4 10 2 18 4 5 2 18 4 15 8 16  2
11 2 12 4 5 6 14 4 1 2 3 4 11 6 7 4 10 6 7 4 5 2 18 4 1 6 17 4 8 2 18 4 8 6 14 4 15 10 16  12
10 6 7 4 10 2 12 4 5 6 9 4 8 2 18 4 8 6 9 4 1 6 14 4 11 6 14 4 5 2 18 4 1 2 13 4 15 11 16  2
5 6 9 4 10 6 7 4 10 2 3 4 8 2 13 4 8 6 14 4 1 2 3 4 1 6 7 4 5 2 12 4 11 6 9 4 15 11 16  12
8 6 14 4 11 6 17 4 1 2 13 4 5 6 9 4 10 2 18 4 1 6 9 4 11 2 12 4 10 6 14 4 5 2 13 4 15 8 16  6
1 6 9 4 8 2 3 4 5 6 7 4 10 2 18 4 11 6 7 4 11 2 12 4 1 2 18 4 8 6 17 4 10 6 9 4 15 5 16  12
11 2 3 4 8 2 3 4 1 2 18 4 10 6 17 4 11 6 17 4 5 2 3 4 1 6 7 4 5 6 17 4 8 6 17 4 15 10 16  4
5 6 14 4 5 2 12 4 11 6 7 4 10 6 7 4 10 2 3 4 1 2 18 4 8 6 9 4 1 6 17 4 8 2 13 4 15 11 16  4
8 6 7 4 10 6 9 4 11 2 3 4 8 2 12 4 10 2 3 4 11 6 9 4 1 6 9 4 1 2 3 4 5 6 7 4 15 5 16  12
5 2 13 4 1 2 3 4 5 6 17 4 10 6 17 4 8 2 13 4 8 6 17 4 1 6 9 4 11 6 9 4 11 2 3 4 15 10 16  2
10 6 17 4 1 2 3 4 1 6 17 4 5 2 13 4 5 6 9 4 8 6 9 4 11 2 13 4 11 6 9 4 10 2 3 4 15 8 16  2
10 2 18 4 11 6 9 4 10 6 14 4 8 6 7 4 8 2 13 4 5 2 12 4 1 6 14 4 1 2 18 4 5 6 9 4 15 11 16  12
11 2 18 4 8 6 9 4 5 6 7 4 10 2 12 4 1 6 7 4 8 2 12 4 5 2 13 4 10 6 9 4 11 6 17 4 15 1 16  2
8 2 13 4 1 6 9 4 11 2 13 4 11 6 14 4 5 6 7 4 1 2 18 4 8 6 14 4 10 6 7 4 5 2 12 4 15 10 16  12
10 2 3 4 8 2 18 4 10 6 14 4 5 6 9 4 11 2 13 4 8 6 17 4 5 2 13 4 1 6 9 4 11 6 9 4 15 1 16  2
11 6 7 4 10 2 18 4 5 6 14 4 8 6 14 4 11 2 12 4 5 2 3 4 1 6 9 4 1 2 13 4 10 6 17 4 15 8 16  4
1 2 3 4 8 6 17 4 5 6 9 4 11 2 18 4 5 2 13 4 8 2 18 4 1 6 14 4 10 6 9 4 11 6 17 4 15 10 16  2
8 6 9 4 11 6 7 4 1 6 17 4 1 2 13 4 10 6 17 4 11 2 12 4 5 6 9 4 5 2 3 4 8 2 3 4 15 10 16  2
8 6 17 4 8 2 18 4 11 2 13 4 10 2 13 4 1 2 3 4 10 6 9 4 1 6 7 4 11 6 9 4 5 6 7 4 15 5 16  4
1 6 14 4 1 2 18 4 11 6 17 4 5 6 17 4 8 6 9 4 10 2 18 4 8 2 3 4 10 6 14 4 11 2 13 4 15 5 16  2
8 2 3 4 8 6 7 4 10 6 7 4 5 6 9 4 11 6 9 4 1 2 13 4 10 2 3 4 5 2 13 4 1 6 9 4 15 11 16  2
10 6 9 4 10 2 18 4 8 2 12 4 1 2 12 4 5 2 12 4 1 6 17 4 8 6 17 4 5 6 17 4 11 6 9 4 15 11 16  6
1 2 18 4 5 6 14 4 8 2 18 4 11 6 9 4 10 2 18 4 1 6 14 4 10 6 14 4 8 6 14 4 11 2 13 4 15 5 16  6
8 2 3 4 11 2 3 4 1 6 14 4 10 6 14 4 1 2 3 4 11 6 14 4 8 6 14 4 5 6 14 4 10 2 3 4 15 5 16  4
8 6 7 4 10 6 7 4 11 2 18 4 11 6 17 4 5 2 12 4 5 6 9 4 10 2 13 4 1 6 14 4 1 2 3 4 15 8 16  2
1 6 7 4 8 6 9 4 11 2 13 4 10 6 14 4 10 2 13 4 1 2 3 4 11 6 14 4 5 6 9 4 5 2 12 4 15 8 16  12
8 6 7 4 5 6 14 4 8 2 12 4 10 2 18 4 11 6 14 4 1 2 12 4 10 6 17 4 11 2 3 4 1 6 7 4 15 5 16  4
5 2 18 4 5 6 7 4 11 2 13 4 8 6 7 4 1 6 9 4 1 2 12 4 10 6 7 4 10 2 18 4 11 6 14 4 15 8 16  6
5 6 14 4 10 6 14 4 5 2 13 4 11 2 12 4 8 6 9 4 8 2 18 4 10 2 13 4 11 6 17 4 1 6 14 4 15 1 16  2
8 2 3 4 10 6 9 4 11 2 3 4 5 2 3 4 5 6 9 4 1 2 13 4 8 6 9 4 11 6 9 4 1 6 17 4 15 10 16  4
11 2 3 4 8 2 3 4 5 2 18 4 11 6 14 4 1 6 14 4 8 6 14 4 5 6 17 4 10 6 17 4 10 2 18 4 15 1 16  4
10 6 9 4 5 2 18 4 1 2 12 4 8 6 9 4 5 6 9 4 11 2 18 4 8 2 18 4 1 6 7 4 11 6 9 4 15 10 16  6
5 6 7 4 5 2 18 4 1 6 14 4 1 2 3 4 10 6 9 4 11 6 9 4 11 2 13 4 8 2 3 4 8 6 14 4 15 10 16  2
1 6 9 4 5 6 7 4 1 2 13 4 8 2 12 4 5 2 3 4 8 6 17 4 11 6 7 4 10 6 9 4 11 2 3 4 15 10 16  2
11 6 17 4 5 6 14 4 8 6 17 4 1 6 17 4 10 2 12 4 10 6 7 4 5 2 18 4 8 2 13 4 11 2 13 4 15 1 16  2
8 6 17 4 11 6 17 4 10 2 3 4 1 2 18 4 5 2 18 4 5 6 7 4 10 6 17 4 1 6 7 4 11 2 3 4 15 8 16  4
5 6 7 4 11 6 14 4 1 2 13 4 8 6 7 4 10 6 7 4 1 6 9 4 5 2 18 4 11 2 3 4 10 2 18 4 15 8 16  6
5 6 14 4 10 6 17 4 8 2 3 4 11 2 18 4 1 2 3 4 11 6 17 4 8 6 9 4 5 2 13 4 1 6 9 4 15 10 16  6
11 6 7 4 5 2 13 4 10 2 18 4 8 6 17 4 1 2 18 4 10 6 14 4 11 2 12 4 5 6 17 4 1 6 14 4 15 8 16  2
10 6 9 4 11 6 14 4 5 6 14 4 10 2 18 4 5 2 12 4 8 6 14 4 1 6 14 4 1 2 12 4 8 2 12 4 15 11 16  12
5 2 3 4 10 6 14 4 1 2 13 4 11 6 17 4 10 2 3 4 8 2 13 4 1 6 17 4 5 6 14 4 8 6 17 4 15 11 16  2
8 6 7 4 11 2 18 4 1 2 12 4 5 6 9 4 8 2 18 4 10 6 14 4 1 6 9 4 11 6 7 4 10 2 13 4 15 5 16  12
11 2 13 4 8 6 9 4 1 6 7 4 1 2 18 4 8 2 3 4 10 2 13 4 11 6 14 4 5 6 14 4 10 6 14 4 15 5 16  2
8 6 17 4 1 6 14 4 1 2 3 4 10 6 7 4 10 2 13 4 11 2 13 4 5 6 14 4 8 2 18 4 11 6 7 4 15 5 16  4
11 2 18 4 5 2 18 4 10 6 9 4 1 2 12 4 8 6 17 4 1 6 17 4 10 2 13 4 11 6 14 4 5 6 14 4 15 8 16  12
8 2 12 4 5 2 13 4 10 2 12 4 11 2 12 4 1 6 7 4 11 6 9 4 10 6 9 4 5 6 7 4 8 6 9 4 15 1 16  2
10 2 13 4 11 6 9 4 11 2 18 4 5 6 7 4 10 6 14 4 1 6 9 4 1 2 18 4 8 6 9 4 5 2 12 4 15 8 16  6
11 6 17 4 10 6 7 4 5 6 9 4 5 2 18 4 8 2 12 4 8 6 7 4 10 2 12 4 11 2 13 4 1 6 17 4 15 1 16  2
10 6 17 4 5 6 14 4 1 6 9 4 11 6 14 4 10 2 3 4 11 2 13 4 1 2 18 4 8 2 13 4 8 6 14 4 15 5 16  2
5 2 3 4 8 2 3 4 1 6 17 4 11 2 3 4 10 6 17 4 11 6 9 4 8 6 9 4 5 6 9 4 10 2 12 4 15 1 16  12
1 2 13 4 8 2 18 4 5 6 14 4 8 6 9 4 1 6 17 4 11 6 7 4 10 6 14 4 5 2 12 4 11 2 3 4 15 10 16  12
5 6 9 4 10 2 18 4 1 6 17 4 8 6 7 4 10 6 9 4 8 2 3 4 1 2 12 4 11 6 14 4 11 2 13 4 15 5 16  6
8 6 14 4 5 2 13 4 11 2 3 4 10 2 18 4 5 6 9 4 11 6 17 4 10 6 7 4 8 2 12 4 1 6 9 4 15 1 16  2
1 6 14 4 11 6 7 4 10 6 14 4 5 6 7 4 8 6 14 4 10 2 18 4 1 2 18 4 5 2 3 4 11 2 3 4 15 8 16  6
11 6 17 4 1 6 9 4 5 6 7 4 1 2 3 4 11 2 12 4 10 6 17 4 10 2 12 4 5 2 13 4 8 6 7 4 15 8 16  2
1 2 13 4 11 6 9 4 5 6 14 4 1 6 14 4 8 6 9 4 11 2 12 4 10 6 9 4 8 2 12 4 10 2 12 4 15 5 16  2
5 2 18 4 10 6 7 4 5 6 9 4 1 6 9 4 1 2 18 4 10 2 13 4 8 2 18 4 8 6 9 4 11 6 7 4 15 11 16  2
8 6 17 4 11 6 14 4 5 2 18 4 11 2 3 4 10 6 17 4 1 6 9 4 10 2 12 4 1 2 18 4 5 6 9 4 15 8 16  12
8 6 14 4 1 6 17 4 5 2 12 4 1 2 3 4 11 6 7 4 10 6 9 4 10 2 13 4 11 2 18 4 5 6 14 4 15 8 16  12
5 6 9 4 10 2 18 4 10 6 9 4 8 2 12 4 11 6 7 4 1 6 7 4 5 2 18 4 8 6 14 4 11 2 13 4 15 1 16  2
10 6 14 4 8 2 12 4 10 2 3 4 1 6 14 4 5 6 14 4 8 6 9 4 5 2 3 4 1 2 3 4 11 6 9 4 15 11 16  12
10 6 9 4 1 6 9 4 11 6 9 4 5 6 14 4 10 2 12 4 5 2 3 4 1 2 12 4 8 6 17 4 8 2 18 4 15 11 16  12
5 2 18 4 1 2 3 4 10 6 17 4 10 2 13 4 11 6 17 4 5 6 7 4 11 2 13 4 1 6 14 4 8 6 14 4 15 8 16  4
10 2 18 4 5 2 3 4 10 6 7 4 8 2 12 4 11 6 7 4 5 6 17 4 1 6 9 4 1 2 13 4 8 6 14 4 15 11 16  6
8 6 9 4 5 2 13 4 1 6 7 4 5 6 9 4 11 6 7 4 1 2 18 4 10 6 7 4 11 2 18 4 8 2 13 4 15 10 16  6
1 6 7 4 10 6 7 4 10 2 18 4 5 6 7 4 1 2 18 4 11 2 18 4 8 6 7 4 11 6 7 4 5 2 18 4 15 8 16  6
1 2 12 4 1 6 9 4 10 2 3 4 5 6 9 4 5 2 12 4 11 6 9 4 11 2 12 4 8 6 9 4 10 6 7 4 15 8 16  12
11 6 17 4 11 2 12 4 1 6 17 4 5 2 18 4 8 6 14 4 10 2 3 4 10 6 9 4 1 2 12 4 5 6 14 4 15 8 16  6
11 2 3 4 10 6 14 4 8 2 13 4 5 6 14 4 1 2 3 4 1 6 9 4 11 6 9 4 5 2 18 4 8 6 7 4 15 10 16  6
5 6 7 4 10 2 18 4 1 2 3 4 11 6 7 4 11 2 13 4 5 2 13 4 10 6 9 4 8 6 14 4 1 6 14 4 15 8 16  4
10 6 17 4 11 2 13 4 1 6 17 4 8 6 7 4 11 6 17 4 5 6 7 4 10 2 13 4 5 2 3 4 8 2 3 4 15 1 16  2
11 2 13 4 8 6 9 4 8 2 18 4 1 6 9 4 5 6 9 4 10 6 14 4 11 6 17 4 1 2 18 4 10 2 12 4 15 5 16  6
1 2 18 4 1 6 14 4 5 6 17 4 11 2 13 4 11 6 17 4 10 6 9 4 10 2 12 4 5 2 13 4 8 6 9 4 15 8 16  12
8 6 14 4 10 6 17 4 1 2 18 4 5 2 13 4 1 6 9 4 8 2 12 4 11 2 3 4 11 6 17 4 5 6 7 4 15 10 16  4
11 6 17 4 10 6 7 4 1 2 3 4 8 6 7 4 11 2 13 4 5 2 18 4 10 2 12 4 1 6 9 4 5 6 14 4 15 8 16  12
1 2 12 4 11 6 7 4 10 6 9 4 5 2 3 4 10 2 3 4 8 6 14 4 5 6 9 4 11 2 18 4 1 6 14 4 15 8 16  12
1 6 14 4 11 2 18 4 10 2 3 4 10 6 14 4 8 6 17 4 5 6 14 4 5 2 3 4 11 6 17 4 1 2 3 4 15 8 16  6
10 2 3 4 11 2 12 4 10 6 7 4 5 6 7 4 11 6 17 4 1 6 17 4 1 2 12 4 8 2 18 4 8 6 9 4 15 5 16  4
11 6 9 4 8 6 7 4 8 2 18 4 10 6 7 4 11 2 12 4 1 2 18 4 5 6 9 4 10 2 18 4 1 6 7 4 15 5 16  12
5 2 18 4 1 2 13 4 5 6 9 4 10 2 12 4 8 6 14 4 11 6 7 4 11 2 3 4 10 6 14 4 1 6 17 4 15 8 16  12
11 2 3 4 1 6 17 4 8 2 18 4 5 2 3 4 5 6 17 4 11 6 17 4 10 6 14 4 1 2 3 4 8 6 14 4 15 10 16  6
5 6 7 4 11 6 17 4 10 6 9 4 5 2 12 4 1 6 9 4 11 2 3 4 1 2 18 4 8 6 17 4 8 2 3 4 15 10 16  6
1 2 13 4 10 2 18 4 1 6 7 4 5 6 7 4 10 6 14 4 11 6 14 4 11 2 18 4 8 2 3 4 8 6 17 4 15 5 16  2
10 6 17 4 8 2 13 4 11 6 9 4 1 2 18 4 5 6 17 4 8 6 14 4 10 2 12 4 11 2 3 4 1 6 7 4 15 5 16  12
5 2 12 4 11 6 17 4 1 6 17 4 1 2 12 4 10 6 14 4 8 2 18 4 10 2 3 4 5 6 17 4 8 6 9 4 15 11 16  12
5 6 9 4 8 6 17 4 11 6 9 4 10 6 17 4 1 6 9 4 11 2 3 4 10 2 18 4 1 2 3 4 8 2 18 4 15 5 16  4
1 6 7 4 10 6 9 4 11 6 17 4 5 2 18 4 1 2 3 4 11 2 13 4 8 2 12 4 8 6 14 4 5 6 9 4 15 10 16  6
8 2 18 4 8 6 14 4 10 6 9 4 10 2 3 4 1 6 9 4 11 6 17 4 5 2 18 4 5 6 14 4 11 2 12 4 15 1 16  4
11 6 7 4 1 2 18 4 8 6 7 4 10 6 9 4 1 6 14 4 10 2 12 4 5 6 9 4 5 2 12 4 11 2 13 4 15 8 16  2
11 6 7 4 8 6 14 4 5 6 14 4 10 6 7 4 5 2 12 4 8 2 12 4 1 2 18 4 1 6 9 4 11 2 13 4 15 10 16  2
1 6 17 4 10 2 18 4 5 6 17 4 1 2 12 4 11 2 18 4 8 2 18 4 10 6 7 4 11 6 7 4 8 6 7 4 15 5 16  12
11 6 9 4 1 2 12 4 5 6 9 4 8 6 7 4 11 2 13 4 5 2 13 4 10 6 14 4 10 2 18 4 1 6 7 4 15 8 16  12
5 6 9 4 11 2 18 4 8 6 7 4 1 2 13 4 11 6 7 4 1 6 14 4 10 6 7 4 8 2 18 4 5 2 3 4 15 10 16  6
10 2 13 4 1 6 9 4 8 6 14 4 10 6 14 4 8 2 13 4 1 2 12 4 5 2 13 4 11 6 9 4 5 6 14 4 15 11 16  12
11 6 7 4 1 6 14 4 5 2 18 4 10 2 13 4 5 6 17 4 8 6 17 4 1 2 3 4 10 6 7 4 8 2 18 4 15 11 16  2
8 2 18 4 5 6 9 4 1 6 7 4 5 2 12 4 11 6 7 4 11 2 18 4 8 6 7 4 1 2 18 4 10 6 7 4 15 10 16  6
5 6 17 4 11 6 7 4 11 2 12 4 10 6 7 4 8 6 14 4 1 6 17 4 8 2 18 4 1 2 3 4 5 2 3 4 15 10 16  12
1 6 17 4 8 6 7 4 1 2 12 4 8 2 3 4 5 6 17 4 11 6 14 4 11 2 13 4 5 2 12 4 10 6 14 4 15 10 16  2
8 6 7 4 1 6 7 4 5 6 7 4 8 2 13 4 10 2 18 4 5 2 13 4 10 6 17 4 11 2 13 4 11 6 7 4 15 1 16  2
10 6 9 4 11 6 17 4 1 6 14 4 5 2 13 4 10 2 3 4 8 6 14 4 11 2 18 4 5 6 7 4 8 2 12 4 15 1 16  12
8 2 13 4 10 2 12 4 1 6 17 4 11 2 18 4 5 2 13 4 8 6 7 4 10 6 17 4 11 6 9 4 5 6 7 4 15 1 16  12
5 2 18 4 1 6 14 4 8 6 7 4 11 6 7 4 10 2 18 4 5 6 17 4 10 6 17 4 8 2 13 4 1 2 3 4 15 11 16  2
5 2 3 4 1 2 12 4 10 2 12 4 11 6 17 4 10 6 9 4 1 6 9 4 5 6 14 4 8 6 17 4 8 2 18 4 15 11 16  6
11 2 12 4 11 6 14 4 10 6 14 4 8 6 7 4 5 2 13 4 8 2 3 4 5 6 9 4 10 2 12 4 1 6 9 4 15 1 16  2
11 2 13 4 11 6 9 4 5 2 12 4 1 6 14 4 8 2 3 4 8 6 7 4 10 6 17 4 10 2 18 4 5 6 14 4 15 1 16  12
5 6 9 4 10 6 9 4 10 2 18 4 1 6 9 4 8 2 18 4 5 2 18 4 11 6 9 4 11 2 18 4 8 6 9 4 15 1 16  6
1 2 18 4 8 6 9 4 10 6 9 4 1 6 7 4 5 6 9 4 10 2 3 4 8 2 3 4 11 6 7 4 11 2 18 4 15 5 16  4
8 2 18 4 10 6 17 4 10 2 13 4 5 6 17 4 11 6 17 4 5 2 13 4 1 6 17 4 11 2 13 4 8 6 14 4 15 1 16  2
5 6 17 4 11 2 18 4 11 6 9 4 1 6 9 4 10 6 17 4 8 6 9 4 5 2 12 4 1 2 18 4 8 2 18 4 15 10 16  12
11 6 14 4 5 2 18 4 1 6 7 4 10 6 9 4 1 2 18 4 8 2 3 4 8 6 14 4 5 6 7 4 10 2 13 4 15 11 16  4
5 2 18 4 8 2 12 4 8 6 7 4 5 6 14 4 1 2 12 4 11 6 17 4 1 6 7 4 10 6 7 4 11 2 13 4 15 10 16  12
10 2 3 4 10 6 7 4 8 6 17 4 5 2 18 4 8 2 13 4 1 6 9 4 11 6 9 4 11 2 12 4 5 6 14 4 15 1 16  12
10 6 17 4 8 2 3 4 1 2 12 4 11 6 14 4 10 2 3 4 1 6 9 4 11 2 13 4 5 6 14 4 8 6 17 4 15 5 16  2
11 6 7 4 8 6 7 4 10 2 12 4 10 6 9 4 1 6 9 4 8 2 13 4 11 2 13 4 5 6 14 4 5 2 18 4 15 1 16  12
5 6 14 4 10 2 3 4 10 6 7 4 8 2 13 4 11 6 7 4 8 6 14 4 1 2 12 4 1 6 9 4 5 2 13 4 15 11 16  4
11 6 7 4 1 2 13 4 10 6 7 4 1 6 7 4 5 6 17 4 8 6 17 4 8 2 3 4 10 2 13 4 11 2 13 4 15 5 16  4
1 2 18 4 11 2 13 4 8 6 9 4 10 6 14 4 10 2 12 4 5 6 9 4 1 6 9 4 11 6 7 4 8 2 18 4 15 5 16  6
5 2 12 4 11 2 18 4 1 6 17 4 10 6 9 4 11 6 9 4 1 2 12 4 5 6 17 4 8 6 9 4 10 2 18 4 15 8 16  6
